{
  "weights" : [ 0.8749856190788964, 0.8734479381866176, 0.8736368736703437, 0.8442235419474631, 0.8531803127621329, 0.8017903674988375, 0.8175016248089636, 0.7531146587414395, 0.7614004237177047, 0.7345005156749325, 0.7816314846220229, 0.7735657350403624, 0.8050878656740509, 0.8074219071121613, 0.8189149243608115, 0.8162654347355507, 0.8313548268696032, 0.8058253893586083, 0.8254274745472941, 0.8077051355413112, -0.1218755762838881, -0.10193723542983579, -0.11013275504531456, -0.05879759527606847, -0.06283823539747933, -0.00885623844537509, -0.009329069084270046, 0.045839412727819086, 0.038197820916723746, 0.07212673489927102, 0.041721148170838857, 0.07209027225075171, 0.043223490247601394, 0.07113638383767806, 0.055387678601857955, 0.07781426494178988, 0.06097625245482178, 0.08656068296222476, 0.07448471238482098, 0.08390756076603052, 0.41133014373372595, 0.4117860524060974, 0.4191294779396621, 0.4638529536413801, 0.46058306068340354, 0.5130324170208868, 0.49561626426113414, 0.5496403677823168, 0.5229912708885815, 0.5613703837636721, 0.48014254676459067, 0.508383400107941, 0.45712124295368706, 0.45774375175072296, 0.4294383462544857, 0.4388618462812982, 0.40944566232582524, 0.4385815164463829, 0.4110509776898948, 0.4447331241637864, 0.1723851740452905, 0.17842118579924685, 0.1804578486773104, 0.17512812730572083, 0.1670365867304994, 0.16859075178721764, 0.15731007122320262, 0.18306945216439197, 0.18878297683854744, 0.1895792559917236, 0.21689997516941828, 0.21538635895346614, 0.21845012199174244, 0.23224146623346675, 0.22741004944168752, 0.24100477476113502, 0.22865626810214887, 0.2549727237063596, 0.2352981691054966, 0.25073868448972264 ],
  "covariance" : [ [ 7.5133423158975E-4, 5.005639060754865E-4, 9.191723261320411E-4, 7.716080536763795E-4, 9.645610425995331E-4, 9.578767519967676E-4, 0.001180174670246805, 0.0010623848038265101, 0.0014076691884227371, 6.926985886572428E-4, 9.676524712936831E-4, 4.2568261050467724E-5, 6.773132197214502E-4, -2.2707601830856424E-4, 4.4536859436566397E-4, -2.6394737943260426E-4, 2.4180842979852103E-4, -2.7790585516114334E-4, 8.770719646774048E-5, -6.425697277821658E-5, 0.002351951905676303, 0.00233497256112724, 0.002325353446061819, 0.002262032297000605, 0.0020906908426423262, 0.0024868182370639293, 0.0021903557701279846, 0.0022360501103969323, 0.0018920963227100492, 0.002390557757294254, 0.0023286335613930975, 0.0025986715682839627, 0.002853075717366425, 0.0026283502832145813, 0.0028377209212214556, 0.002548205232227809, 0.0025399210299054797, 0.002464987125014146, 0.002215073705233849, 0.002312889198492928, -7.191245824658602E-5, 1.7058248351122752E-4, -3.867617088543999E-4, -3.5990796997155953E-4, -8.19489439395275E-4, -6.598508645130351E-4, -0.0013250492827799783, -8.012788634097255E-4, -0.0014888959266061237, -3.4904363223878693E-4, -7.506600446352313E-4, 4.3602396526377555E-4, -3.9209997116022995E-4, 9.236669222035552E-4, 1.0720667267324519E-4, 0.0010296282736656367, 5.720021480901738E-4, 9.899007386036417E-4, 8.9115540931438E-4, 7.324294374996749E-4, -0.0013901009437148723, -0.0013984743436626819, -0.0013572881460519528, -0.00196029826590204, -0.0013633530656435545, -0.0022339394844944557, -0.001673395794104856, -0.0025421210855485227, -0.001965699538154799, -0.002467325659483719, -0.001869030396969794, -0.002137825859730964, -0.0018473063753267883, -0.001824648029830602, -0.0016033696008855988, -0.001832845240605407, -0.00143243178372171, -0.001512963820852432, -0.0015354223503443987, -0.0014152140769586833 ], [ 5.005639060754865E-4, 7.662945091324555E-4, 3.5400228444381113E-4, 0.0012642923919049906, 4.5800514897133493E-4, 0.0015486621460875224, 0.0010778315314874773, 0.0016118780401391918, 0.0015979832583091855, 0.0012371042415151414, 0.0010484337976463596, 7.394492071317806E-4, 7.912807277174978E-4, 3.034370084624085E-4, 6.760690980163113E-4, -1.928704707126907E-5, 4.902416449718811E-4, -1.2715677667691976E-4, 2.9729919604444945E-4, 4.358928911263514E-6, 0.0013075898304066855, 0.0010778340021761965, 0.0015580542906137025, 5.912311012832821E-4, 0.0014574579191560708, 7.085435674232391E-4, 0.0012371430507804094, 7.973485545143981E-4, 6.049519452730456E-4, 9.900669116594792E-4, 8.607072410011687E-4, 0.0011378813736254933, 0.0013001361120140189, 0.0012793822254814628, 0.0010233127185629146, 0.0014426401532056886, 9.415398948235026E-4, 0.001253545711207694, 8.042829964411668E-4, 0.0012193392126095537, -3.219100038650542E-4, -7.020039836934277E-4, -2.144237359026914E-4, -0.0013327117985091513, -6.338854321239892E-4, -0.001690173851643102, -0.0013715782168183188, -0.0017474130651534763, -0.0016360141092614812, -0.0011949865431162272, -7.975651961819239E-4, -3.7557618034931217E-4, -4.944977516235612E-4, 3.1203473145778913E-4, -1.1068236695895153E-4, 8.958237654077994E-4, 3.151603328611595E-4, 0.001081420727971287, 7.155966550289215E-4, 9.140555033677166E-4, -8.51055778297011E-4, -7.84522780228237E-4, -7.788144264046229E-4, -0.0010183264429281995, -7.955904391748707E-4, -0.0010116447919955704, -0.001020870401693849, -0.001156255603657088, -0.0011703488810236478, -0.0013730341304008006, -0.0013294215814958603, -0.0014461872698949888, -0.0014466839742040298, -0.0013977412582627917, -0.001214203700249534, -0.0017209783378011564, -0.0011303008976856336, -0.0014972731691754158, -0.001317844970549887, -0.0013939212310593969 ], [ 9.191723261320411E-4, 3.5400228444381113E-4, 0.0014714852302693414, 6.223158791143765E-4, 0.001752746104845328, 9.301927143463648E-4, 0.0017668848330273026, 0.001122880318352615, 0.001692422747685451, 6.98624981407115E-4, 9.8541609913732E-4, -3.445621472906081E-4, 3.969376185962311E-4, -6.332826966253186E-4, -9.718464833232206E-6, -5.595083022472931E-4, -2.2935615815314824E-4, -5.363589392707639E-4, -3.5630935658137057E-4, -2.460361722384967E-4, 0.0025237438375439996, 0.002695702482088526, 0.002371297402934961, 0.003277746158615175, 0.002385691440611057, 0.00400257953652331, 0.0028523676004505267, 0.0039752531392798895, 0.003183041365033105, 0.004248883969544881, 0.0039976198934089085, 0.004291953693380226, 0.004565604100671831, 0.004064773945061478, 0.004648384640373364, 0.0037443686168513197, 0.004057884684754531, 0.003555919202984852, 0.003583356129628594, 0.0032881957239315764, -1.2999644667791678E-4, 4.926491400804626E-4, -9.670907372287675E-4, -1.241017741657406E-4, -0.0016561513391951845, -7.163204633203822E-4, -0.002042548200381515, -0.001135825393115956, -0.0022684074667837745, -8.957002650431151E-4, -0.0015867498855626902, 1.1221490492665181E-4, -9.626046092387235E-4, 6.485970896837093E-4, -3.727399451136324E-4, 5.323815116657593E-4, 1.4749489227526948E-4, 2.816953710589158E-4, 3.6513125061610045E-4, -1.1033563260043106E-4, -0.0016210361025424925, -0.0016606860688809586, -0.0017402830448817015, -0.002551584294758972, -0.0019137417665242152, -0.00297888063557646, -0.0022685925596856427, -0.003367881614348495, -0.0023430164094975963, -0.002862106415170645, -0.0017756033524221593, -0.00197934833772613, -0.001485950913135693, -0.0013273801698829944, -9.754495451836512E-4, -0.0010356552324355334, -6.033345833996566E-4, -5.250488258109397E-4, -5.494711846411051E-4, -3.3611868760333034E-4 ], [ 7.716080536763795E-4, 0.0012642923919049906, 6.223158791143765E-4, 0.003708297102288591, 0.0013622054701301794, 0.005528360016535894, 0.0032088649202345002, 0.006170113072267708, 0.005268379190227501, 0.004826386602043474, 0.00370616757638854, 0.0019852834021564496, 0.0028434924536813572, 3.2395180724818903E-4, 0.00157818538049383, -7.775963939887457E-4, 5.136428408814206E-4, -0.0010103934493459546, -4.5306425802341636E-4, -7.059153782900331E-4, 1.9516387775744648E-5, -4.8776109063066006E-4, 2.791180534860673E-4, -9.394321364576778E-4, 0.0014609924332813825, -1.9663897576369192E-4, 0.0023757271993162772, 0.0012347245941397816, 0.0017551468486190754, 0.002392042119618994, 0.0023578016659909695, 0.0028789692425994244, 0.002887317976431335, 0.0029682610007655814, 0.0022206044788496363, 0.003295315338578929, 0.0020725230860282867, 0.00292492873815739, 0.0021194614774828883, 0.002906937852874891, -0.001523469669773687, -0.0018076626025657111, -0.0016815514254469015, -0.004708844596049719, -0.002445759037912724, -0.006399037965316515, -0.004522895636166307, -0.006868689642566461, -0.006625926538608287, -0.005429313850964599, -0.005126946173263681, -0.0024239217596613476, -0.003967333516099117, -6.012212664778594E-4, -0.002359610334960137, 8.646878142204176E-4, -0.0010181183267727553, 6.330969730908663E-4, 5.4896218871969496E-5, 2.352842309095169E-4, -5.031544515493496E-4, -6.11569292522936E-4, -4.8528758223436363E-4, -0.0013348218835224786, -9.561035576760842E-4, -0.0015881734073019194, -0.001482944211815075, -0.00153219944141719, -9.015581968801571E-4, -0.0014444115563013353, -5.822951322800818E-4, -8.376214079626904E-4, -5.018446305270632E-4, -1.7179741735464402E-4, 4.357004630060388E-4, -1.433515711309256E-4, 7.056919282920375E-4, 5.431538343286132E-4, 6.897645284392362E-4, 5.207782602717034E-4 ], [ 9.645610425995331E-4, 4.5800514897133493E-4, 0.001752746104845328, 0.0013622054701301794, 0.003212663938317488, 0.002458963995062427, 0.0038019125612466466, 0.003009703650439169, 0.00429526991813135, 0.002684708870971333, 0.002928492092836022, 6.140718742665194E-4, 0.0011455305066015702, -5.727010789111995E-4, -1.5543386706656987E-4, -0.0011462440962829127, -8.537451361427041E-4, -0.0013794125292609413, -0.0014380037233222439, -9.127845390044293E-4, 0.001407767783922144, 0.0015082131393550655, 0.0012246035624021191, 0.002854123126799941, 0.0020255212351733337, 0.00464970543744552, 0.003274977955952107, 0.005752183866497451, 0.004471281070342993, 0.006423641313725475, 0.00555995266077214, 0.006255259501039646, 0.006351835149490508, 0.005709928129210832, 0.006347281493155398, 0.0051281864755187215, 0.005358960510240036, 0.004673576513902823, 0.005150834334770862, 0.004430621004863004, -7.156153965295046E-4, -9.204531018578165E-5, -0.0019227636248238692, -0.001475994650108738, -0.003811981189478005, -0.0030401959483659906, -0.00473461594029803, -0.0040733581840419935, -0.006034454125628806, -0.004061083307777102, -0.005212127214163675, -0.0023258418433819168, -0.0032754317098071133, -9.102719062898664E-4, -0.0018969054923720083, -2.3559868750374835E-4, -9.193700882274673E-4, -5.292094775695095E-4, -3.9129093874479157E-4, -0.0012932026212362922, -0.0012401463317316568, -0.0012767051560523444, -0.0013950861755539269, -0.0024213727822260367, -0.00217728223136719, -0.0030238800597638216, -0.0025071817359936894, -0.0032628000105270347, -0.001844945380089955, -0.0025932079003166617, -7.2536101218524E-4, -8.080391661124911E-4, -2.1672925093842925E-4, 3.920930352128709E-4, 9.86490530021815E-4, 8.708826200911599E-4, 0.0017067556614305192, 0.001789372235169629, 0.0020141577158445953, 0.0021766487016639537 ], [ 9.578767519967676E-4, 0.0015486621460875224, 9.301927143463648E-4, 0.005528360016535894, 0.002458963995062427, 0.009730940185290483, 0.005085691424411902, 0.012307990230052591, 0.00913873485374326, 0.009932376887582781, 0.00753162807413999, 0.004507047269496581, 0.00594612761579982, 0.0012387192799177375, 0.0031719975343616705, -6.949721465686468E-4, 9.450937359281336E-4, -0.0013501537298244621, -8.366146486197715E-4, -9.481341848025058E-4, -0.0019807418264800284, -0.0023865432456129532, -0.002460951639977765, -0.0034847258346336406, -0.001596477041334383, -0.003727387355753436, -1.4896845372940222E-4, -0.002880379764365487, -0.0010332710369824372, -6.970910338053861E-4, -4.983039746875741E-4, 5.315555957673881E-4, 2.686075990181383E-4, 0.0012652298500278462, -1.614329707779234E-4, 0.0019691250969681696, 8.731443563806349E-5, 0.0017617256377719438, 6.891525489460202E-4, 0.0020532833399493373, -0.002662530050471916, -0.0027933453085330147, -0.003320147117040535, -0.007656908503362719, -0.004932443662101624, -0.011298828386770174, -0.007946071596515619, -0.012867459973136226, -0.01180717755760281, -0.01013144116917277, -0.010039186986239094, -0.004403129950412448, -0.00771394800623733, -7.085594085304825E-4, -0.003818456517440869, 0.0017252804636642303, -6.390877771507309E-4, 0.001965085217152302, 0.001446420633935399, 0.0012460751004655533, -1.3473759299435098E-4, -5.668870937579019E-4, 4.1913538381046243E-5, -0.0014834552101359963, 1.7612750014238813E-4, -0.002250296852902077, -1.8976973946731882E-4, -0.0024550722080461584, 1.782184457420584E-4, -0.0024381649220514777, 4.4782440877843814E-5, -0.0019139587769825223, 4.6784057833962315E-5, -0.0014064939170959812, 5.96509564664741E-4, -8.66669983342844E-4, 2.3820599709682512E-4, 5.231516598748982E-5, 9.188011180717763E-5, 3.287567046134261E-8 ], [ 0.001180174670246805, 0.0010778315314874773, 0.0017668848330273026, 0.0032088649202345002, 0.0038019125612466466, 0.005085691424411902, 0.0076736061150951594, 0.005594975460763198, 0.010951251774418148, 0.006443781672816539, 0.007716953842108138, 0.0032958600674297786, 0.00471959674223626, 7.527089019369559E-4, 0.002340324966730029, -9.17040971194226E-4, 2.373798266043577E-4, -0.0013919599459652438, -0.0014619099439094065, -7.663975664194989E-4, 0.0011715178884699278, -3.504579980074569E-5, 0.001559772253640673, -2.0204531966613222E-4, 0.0020513054866545446, 0.0020194834608754874, 8.219791656754721E-4, 0.003992257428493608, 4.172566494007896E-4, 0.004419821654367811, 0.0020674117591856596, 0.004525083895679874, 0.003947595358091598, 0.004305328918020497, 0.004189542915462524, 0.003952373488559428, 0.0037260091201866807, 0.0037767817471083052, 0.004108719338328539, 0.00365646004907539, -0.001520282846454501, -0.0012427610708474314, -0.0026796728309014498, -0.0044206471157541335, -0.004925307915258047, -0.007330788566334057, -0.008532314979172768, -0.008445239244158229, -0.011529822699298784, -0.008545510106749405, -0.008826252346059622, -0.004948027434003067, -0.005552142783518195, -0.0013584702669099844, -0.003089349447383355, 0.0012884250028552472, -7.848380606153887E-4, 0.0016041975317268881, 0.001142045867237079, 3.0780048817337163E-4, -0.0016377168058561667, -8.119354428811123E-4, -0.002223434895571925, -0.0011725510670915855, -0.0034000608449859244, -0.0011773672087028572, -0.003915141880542414, -0.0015492780427830562, -0.003831543083661488, -0.001586741743820799, -0.0031525460210675028, -5.948351709448408E-4, -0.0030110584690004687, -2.7992113906960504E-4, -5.252421318278399E-4, -8.300462207683701E-4, 7.590641500092566E-4, -4.1065988529328646E-5, 6.5714199661503E-4, 5.217608790059767E-4 ], [ 0.0010623848038265101, 0.0016118780401391918, 0.001122880318352615, 0.006170113072267708, 0.003009703650439169, 0.012307990230052591, 0.005594975460763198, 0.01790288880747509, 0.011068955828497547, 0.01508890584508179, 0.010385399414469969, 0.0077327964974970315, 0.008878715148158366, 0.003037371412161426, 0.0050939968293710084, 4.548658811054759E-4, 0.002043293359538022, -7.03025080916824E-4, -2.3855416630072165E-4, -2.5891339653253434E-4, -0.0033830587112323417, -0.0033908618949023248, -0.005044765985679696, -0.0057289539439608055, -0.00681856658405755, -0.008433964254441314, -0.006275139320982523, -0.010704233271597178, -0.008018293387616062, -0.008041735484469051, -0.007980673148332442, -0.005866970337587934, -0.00691132482105424, -0.0037940874580611626, -0.006214818501945815, -0.002512523702013148, -0.004926865920989531, -0.002179187981153666, -0.0034269810291107524, -0.0015598950170840973, -0.0031161278254046715, -0.003021680914388031, -0.004196672481020555, -0.008889016091626506, -0.0067115380429712875, -0.014026285557310782, -0.009762452166849277, -0.01727004797507924, -0.01424407791519007, -0.013230412577904983, -0.012411182870429572, -0.004990438861874695, -0.009375165228907767, 7.482651550529393E-4, -0.002819790738070002, 0.004109425271082377, 0.002317162756955157, 0.005604400704396394, 0.005300573306703796, 0.004467944905988467, 2.9388895029220013E-5, -7.166914657326129E-4, 5.011200729015897E-4, -0.0010541918842016803, 0.002004788490357991, -0.001975425162352235, 0.0021635715884430503, -0.003307561684436012, 0.001535484932096265, -0.004236956181716873, -4.2329807779939896E-5, -0.004773625207034425, -6.029289637412287E-4, -0.0053943301972210166, -0.0017738200815602676, -0.004537180986676635, -0.0035649652897354013, -0.003891971596672987, -0.004125258431594747, -0.004053347168071055 ], [ 0.0014076691884227371, 0.0015979832583091855, 0.001692422747685451, 0.005268379190227501, 0.00429526991813135, 0.00913873485374326, 0.010951251774418148, 0.011068955828497547, 0.019026473071611736, 0.012278051730015628, 0.015539832964110304, 0.00715063818545367, 0.01154988915838557, 0.0029059136082423575, 0.007331751609251256, 2.525635143167599E-4, 0.0030448011047166336, -5.485685684148539E-4, -9.556979488103902E-5, 2.3733415702967243E-4, -5.52511636014797E-4, -0.002949627468452435, -4.175758072333094E-4, -0.005979307882683831, -0.001919861459298049, -0.005277340606446213, -0.00576461672020304, -0.004445060451105765, -0.009164720579562677, -0.0038852702022538358, -0.007903574358755563, -0.0029651719723599377, -0.004888093109148408, -0.0019157637776298319, -0.004052977681427486, -0.0014885035212414562, -0.003239695300131928, -0.001231342149542148, -0.0017204758679032492, -9.099201998679483E-4, -0.0027634748015916847, -0.0023653755711703093, -0.004057250494486193, -0.007593128033162719, -0.006944686657425353, -0.012188318082733386, -0.012853718242397874, -0.01367693137984713, -0.018653935397986477, -0.012443730882261993, -0.014476681503240895, -0.005959785564213857, -0.009554926195383468, -2.918495369396368E-4, -0.004091396253588429, 0.004062032857831396, 8.173972442162354E-4, 0.005375646316016931, 0.004575975414888747, 0.0037070933396517744, -0.0013388913412413289, -4.687939455600932E-4, -0.0016455997492005614, 4.5034046896960656E-5, -0.002092649943265748, 5.38445753292034E-4, -0.002736506175481372, -2.2908691513123927E-4, -0.004280172625647567, -0.0015301099216764825, -0.005056898070848044, -0.0025101104170488497, -0.0060198919054790705, -0.003339672956128659, -0.004048783467043536, -0.004804182167609434, -0.0031548645301454244, -0.004462771381687753, -0.003959103516080657, -0.00407554171840645 ], [ 6.926985886572428E-4, 0.0012371042415151414, 6.98624981407115E-4, 0.004826386602043474, 0.002684708870971333, 0.009932376887582781, 0.006443781672816539, 0.01508890584508179, 0.012278051730015628, 0.0170373603740862, 0.011882718404426864, 0.01040415185058131, 0.009628287559926863, 0.005127327471872611, 0.005886076335689915, 0.0017634978375745914, 0.0024241279387590756, 2.4396303191982234E-4, -4.099661095127599E-5, 6.198772456327381E-4, -0.004622923892779927, -0.005856607957794992, -0.005930544721335125, -0.00983879144274506, -0.008315963265154928, -0.012934761131180255, -0.010487902606992892, -0.01520463030184344, -0.013542220326646492, -0.014169462258270326, -0.014571497862705047, -0.011571205265821225, -0.013117911206168216, -0.008955898349941495, -0.011382956175855392, -0.00778379037470575, -0.009262476336925009, -0.0069860349622859, -0.006952090822864684, -0.006015486890539885, -0.0033534133819343964, -0.003481089834489083, -0.004031326505281515, -0.008288466558194058, -0.0064708909138547375, -0.012797739222012652, -0.010329955958683835, -0.01586838240854462, -0.014267630299932032, -0.01513878921708903, -0.012304414183914147, -0.007832605742113476, -0.00847880202828053, -0.0011701602409047041, -0.0024894617153883103, 0.0039860973762664694, 0.002487597987621661, 0.006295116660108416, 0.00597933282923522, 0.0048431101188639875, 7.866696341363956E-4, 6.844629262711417E-4, 6.705783269083635E-4, 0.002237653996192459, 0.0018120911286725967, 0.0026673958627289867, 0.002752956791679587, 0.0021163272106162097, 0.0022038187055748834, -5.547682753984476E-4, 3.0269606623624693E-4, -0.0022485195266920216, -8.861903083339233E-4, -0.004207400591332567, -0.0013831635620063613, -0.005039340717470689, -0.002610208041882575, -0.00465692538436387, -0.003728154772044458, -0.00457703060469688 ], [ 9.676524712936831E-4, 0.0010484337976463596, 9.8541609913732E-4, 0.00370616757638854, 0.002928492092836022, 0.00753162807413999, 0.007716953842108138, 0.010385399414469969, 0.015539832964110304, 0.011882718404426864, 0.0179444621779058, 0.00887653570501716, 0.013822162814917643, 0.0050032217488864975, 0.009805135615768828, 0.0026318106369330498, 0.005597804556908068, 0.0017762812013209363, 0.002685282881862044, 0.0022615756729717244, -0.001619439943472589, -0.0034687884097245065, -0.002544530849669263, -0.008182087777652518, -0.006376067702288555, -0.010944883854564482, -0.010569539664549236, -0.01308655344789, -0.015584971533819193, -0.013062128095219868, -0.016468544203383527, -0.011447154601311193, -0.013716754369884957, -0.009012621548160927, -0.011981901562807337, -0.008148675351247149, -0.010100342037600957, -0.00789846678119358, -0.007704415740504978, -0.006975565396696877, -0.0023681563302281948, -0.0015916481491466735, -0.003281433240676892, -0.0047268308260755695, -0.005309292727546312, -0.00818944082303279, -0.008831275403036227, -0.009260778045507997, -0.013525973584633335, -0.007602315035105407, -0.01335978562360429, -0.0036643121585809946, -0.008699645367887936, 0.0010019187104849962, -0.0032949659424487895, 0.004711932800569053, 0.00120960802886798, 0.006620402361723702, 0.004938486637508725, 0.0051948300346030376, -6.045522554346709E-4, -5.157937902313728E-4, -3.513471087971295E-4, 5.940319897940698E-4, 3.723252962696429E-4, 0.0017381974479076026, 5.8643828789601985E-5, 8.116586489736221E-4, -0.00228447754793022, -0.0015812646293306845, -0.0049425781127276774, -0.004391605469409711, -0.006323416162630513, -0.007137271476244193, -0.006166790323154784, -0.009287347724384, -0.006410029275782502, -0.009738639797055295, -0.008256908236284867, -0.009011411036491153 ], [ 4.2568261050467724E-5, 7.394492071317806E-4, -3.445621472906081E-4, 0.0019852834021564496, 6.140718742665194E-4, 0.004507047269496581, 0.0032958600674297786, 0.0077327964974970315, 0.00715063818545367, 0.01040415185058131, 0.00887653570501716, 0.008763371508014723, 0.007142195149752085, 0.005542360752968389, 0.005326399747574737, 0.0031684604640242657, 0.003158587904366855, 0.0020596157679902242, 0.0017385345894630636, 0.0020516301620834045, -0.003426816698356967, -0.004826613027110349, -0.003955358085815031, -0.00894153442042546, -0.00754955228222773, -0.012090075414380293, -0.01181705545427761, -0.015032303082708193, -0.015229772748164314, -0.015712496444427588, -0.01665680854383553, -0.014042864889757374, -0.015318609679796731, -0.011622031913012884, -0.01355905525918648, -0.010490024069165707, -0.011273731469772709, -0.00977175155121991, -0.009145390320534389, -0.008839938292192071, -0.001747007142898953, -0.0025257460194800653, -0.0014125320996362907, -0.004297599718017455, -0.0026039696261112586, -0.006548768228238745, -0.004683033702463004, -0.008145273472771903, -0.006271653940633506, -0.008119904725882242, -0.006030365933317004, -0.005556340555672972, -0.0035279346318247617, -0.0010720667907273135, -3.337903019217205E-4, 0.003052057408811565, 0.0025262336941519518, 0.005693696914181952, 0.004867700361340592, 0.004720019745730671, 6.59167534883767E-4, 0.0010772267927661105, 4.7964709966188875E-4, 0.003469858459831455, 0.001532979918376404, 0.004803968680317026, 0.002518960402702066, 0.004211902419280089, 0.0013271281095467813, 0.0010876647122630748, -0.0013248839942607456, -0.0016683859955025897, -0.0025468680750876447, -0.004773210365275143, -0.0033416316282939367, -0.006471182777835054, -0.004352863067591852, -0.0072192147334333686, -0.005627762479579094, -0.006824200572144028 ], [ 6.773132197214502E-4, 7.912807277174978E-4, 3.969376185962311E-4, 0.0028434924536813572, 0.0011455305066015702, 0.00594612761579982, 0.00471959674223626, 0.008878715148158366, 0.01154988915838557, 0.009628287559926863, 0.013822162814917643, 0.007142195149752085, 0.012585392609578012, 0.004470960865352286, 0.009814458548458856, 0.0032667370329591172, 0.0063377570401456475, 0.002808546030267699, 0.003969359350448832, 0.002988137847942671, -0.0015884614357394495, -0.0030367542371158903, -0.002487791247653589, -0.008028776603153237, -0.0064805685102239784, -0.01157455273764067, -0.01078937340461956, -0.01461773708708126, -0.01589448716013749, -0.014793904866641382, -0.017158124031815093, -0.013278094048307135, -0.015568064407401707, -0.010805870859166794, -0.013867402352516045, -0.009618949698758414, -0.011282377180036806, -0.008923088752696815, -0.009189574016564707, -0.007702868374913491, -0.0015686401957752739, -8.34410051024843E-4, -0.0019397407580594673, -0.0029902094638215916, -0.0024634128344241837, -0.005104437041826544, -0.004830545400070029, -0.005835908434652119, -0.008460140384804474, -0.0034923157583042295, -0.008050250335363841, -1.0792113103971459E-4, -0.00601305758249645, 0.0027513205639164563, -0.001989495700337521, 0.004644501660082194, 0.0015154177173845008, 0.006046284033706306, 0.004506274522334785, 0.005271540839670997, -3.48124858735177E-4, -3.112400147783822E-4, 2.5567693017967846E-6, 0.0011491569176149527, 0.0012683204674591854, 0.0019210515463057693, 0.0012062782061655003, 0.0010277509235812755, -0.0011567953677908364, -0.0014248420719909544, -0.0038143171287673885, -0.004827092002322704, -0.005625096967150356, -0.007435027297734021, -0.006794145323041352, -0.009182776747542254, -0.007928404784228349, -0.009820506797873978, -0.009697740198007065, -0.009922108370293498 ], [ -2.2707601830856424E-4, 3.034370084624085E-4, -6.332826966253186E-4, 3.2395180724818903E-4, -5.727010789111995E-4, 0.0012387192799177375, 7.527089019369559E-4, 0.003037371412161426, 0.0029059136082423575, 0.005127327471872611, 0.0050032217488864975, 0.005542360752968389, 0.004470960865352286, 0.00446436174977884, 0.004053842433114891, 0.003338221654159173, 0.0031320945309384154, 0.002658176654607246, 0.0025650219487799333, 0.0023942898391838734, -0.0026429940847583597, -0.0036774393674506504, -0.002962621033720297, -0.007088210732991705, -0.006268519123452364, -0.010026865610726427, -0.010161384212494497, -0.012745427783396367, -0.013053210677456285, -0.013881509922257505, -0.014455048509136046, -0.012806705794805672, -0.013743480516180911, -0.011142377919661432, -0.012351432665474055, -0.010222698658715841, -0.010353588699329659, -0.009570127505306912, -0.008938615489417689, -0.008644168292707616, -8.953882096968699E-4, -0.0015263246500901286, -4.1919198004789567E-4, -0.0014623173975614329, -5.122437615082065E-4, -0.001999857016655144, -0.001033928531866372, -0.002559979893901761, -0.0011118339854431956, -0.0026240024754030263, -0.0015556127892076637, -0.0024390705003418623, -7.599907507941588E-4, -6.696495225378808E-4, 3.3484472098547406E-4, 0.001578976180218946, 0.001288476064274512, 0.0036806913686537168, 0.0026338103058026335, 0.003327219398756917, 6.634627405286432E-4, 0.001024298790907712, 4.95732795126765E-4, 0.00318009177203529, 0.001523395490488543, 0.00439638146449331, 0.0023136428308871315, 0.003892949681737481, 0.0011546288004572827, 0.00138206604230863, -9.983528716081742E-4, -0.001091577407169068, -0.00209159481979318, -0.003857503068575208, -0.0030630601169186625, -0.0054998320854160515, -0.0037389285434031505, -0.00635109887016024, -0.004975115681804046, -0.006058217522671561 ], [ 4.4536859436566397E-4, 6.760690980163113E-4, -9.718464833232206E-6, 0.00157818538049383, -1.5543386706656987E-4, 0.0031719975343616705, 0.002340324966730029, 0.0050939968293710084, 0.007331751609251256, 0.005886076335689915, 0.009805135615768828, 0.005326399747574737, 0.009814458548458856, 0.004053842433114891, 0.008670443319778207, 0.0036440994231643747, 0.006374516406612418, 0.003453553315729211, 0.0047208332105711055, 0.00347349641319589, -8.088694136083868E-4, -0.0022537431186174816, -0.001249572605841768, -0.007165802458077415, -0.005309768775617019, -0.010569310085862649, -0.010187254983081628, -0.013706683462946123, -0.015158270971879202, -0.014456695245254038, -0.016411269100248132, -0.013443821948307063, -0.015325800166249305, -0.011222856122824061, -0.014048686256133711, -0.009869273853152673, -0.011512780213215978, -0.009166254639940169, -0.009754466332754973, -0.008094224237892602, -8.191324601897855E-4, -5.280372215350267E-4, -6.925894237097804E-4, -0.0011382351380037317, -2.2499168738671633E-4, -0.0017449282078107126, -0.0014487862706850966, -0.001706713886428844, -0.003264144127383232, 3.431046389899208E-4, -0.0031588209641317433, 0.0018405434604972688, -0.002665981633954086, 0.003164099317209704, -7.636315079988709E-4, 0.004078070127073523, 0.0012386416442728353, 0.005318026228748272, 0.00354624426076878, 0.004866413640126398, -4.013729503275605E-4, -1.4674490546023351E-4, -1.8537223031344526E-4, 0.0016279354781898695, 0.0010666913931891215, 0.00265438495673081, 0.0011125185949823321, 0.001853806657556567, -0.0011958331063757013, -6.630609669921074E-4, -0.0036995115333653948, -0.004400519231947668, -0.005469678996552162, -0.0072196999261780435, -0.007007416303287954, -0.00916749798073347, -0.008285898560996955, -0.009966816603802203, -0.010095703316054944, -0.01021886055406652 ], [ -2.6394737943260426E-4, -1.928704707126907E-5, -5.595083022472931E-4, -7.775963939887457E-4, -0.0011462440962829127, -6.949721465686468E-4, -9.17040971194226E-4, 4.548658811054759E-4, 2.525635143167599E-4, 0.0017634978375745914, 0.0026318106369330498, 0.0031684604640242657, 0.0032667370329591172, 0.003338221654159173, 0.0036440994231643747, 0.0035233232524985517, 0.0032869961662494247, 0.0034000839420114397, 0.003272993117784993, 0.002904577831417008, -0.0017816778713149867, -0.0023839947821611748, -0.0020644828969612833, -0.005331502848564586, -0.0052736959341107, -0.008144125942234353, -0.008839128332217023, -0.01094779867935791, -0.011483103563374718, -0.012178291277781892, -0.01276067078435963, -0.011616921047177297, -0.012575101415269428, -0.010492347076035486, -0.011384249105338062, -0.009726007723071186, -0.009512112405915282, -0.009225897522644383, -0.008630247918913909, -0.008236148688320986, -2.4116656321322515E-4, -5.120472543266743E-4, 1.2482165587406445E-4, 6.910862079567274E-4, 7.977787107195772E-4, 0.0011493478914568877, 0.0014041152866428206, 0.001062881414029462, 0.00218596572315974, 0.0012914400649301383, 0.0013695305885241629, 3.8513508940130406E-4, 7.033602600371904E-4, 5.199841073847427E-4, 6.959768449285081E-4, 7.688670656901751E-4, 8.493923442937334E-4, 0.0021107864472575157, 0.0014980319425757463, 0.0022850274405635694, 3.7078839063034024E-4, 6.362724656638563E-4, 3.2373288213026935E-4, 0.0023994974477434296, 0.0015924212326231613, 0.0033647303635737733, 0.002149900900404819, 0.002932617561646808, 8.288716004153631E-4, 0.001051965218007709, -9.22196471669949E-4, -0.0014641844185606036, -0.0019544897015993613, -0.0038957513706274903, -0.0033699357712797086, -0.005267161980244514, -0.004276799231580146, -0.0061442456739413814, -0.0054851309632913715, -0.006069653720628708 ], [ 2.4180842979852103E-4, 4.902416449718811E-4, -2.2935615815314824E-4, 5.136428408814206E-4, -8.537451361427041E-4, 9.450937359281336E-4, 2.373798266043577E-4, 0.002043293359538022, 0.0030448011047166336, 0.0024241279387590756, 0.005597804556908068, 0.003158587904366855, 0.0063377570401456475, 0.0031320945309384154, 0.006374516406612418, 0.0032869961662494247, 0.005509109289610187, 0.0031514003717895843, 0.00462466791112533, 0.0031844214920231863, -1.6567445260442625E-4, -0.0011283851357753816, -4.276835740700536E-4, -0.004942185324680891, -0.00381533117762422, -0.00798763157868369, -0.00749945429280663, -0.010908313672585459, -0.01139615061665381, -0.011712544624328977, -0.012596770602950202, -0.011133290958874689, -0.012076169808926066, -0.009466329758432472, -0.011309895148079637, -0.008293076334227073, -0.009424462595371861, -0.007625962372899051, -0.00825819150727568, -0.006811501708390017, -2.0329477184118178E-4, -7.8733732071772E-5, 1.0459991531521217E-4, 5.274202679694641E-4, 0.0010024847602837748, 9.775077628846514E-4, 0.001046343221752727, 0.0014003154367574484, 7.73639318256073E-4, 0.0030773838880676593, 3.6250090142229664E-4, 0.0030135181006927256, -8.859101402691608E-5, 0.0028199502920240294, 2.8619614097402765E-4, 0.002889800537321812, 5.874684520736039E-4, 0.003958566931449097, 0.0020352579929814557, 0.0036959561979512845, -2.853390118062678E-4, -2.3445045172060445E-4, -1.6229341273473335E-5, 0.00123611332921539, 0.001053057207930783, 0.0021918647212628107, 0.0010563187648010655, 0.0014743662307162599, -7.639039069310903E-4, -5.583935125185075E-4, -0.002771814343844468, -0.0036539057051704323, -0.0041864440316923, -0.005995038029485682, -0.00581762214454602, -0.007696261238708533, -0.006999855422757212, -0.008332870354455723, -0.008591242188278175, -0.008621959528047717 ], [ -2.7790585516114334E-4, -1.2715677667691976E-4, -5.363589392707639E-4, -0.0010103934493459546, -0.0013794125292609413, -0.0013501537298244621, -0.0013919599459652438, -7.03025080916824E-4, -5.485685684148539E-4, 2.4396303191982234E-4, 0.0017762812013209363, 0.0020596157679902242, 0.002808546030267699, 0.002658176654607246, 0.003453553315729211, 0.0034000839420114397, 0.0031514003717895843, 0.0037952952599505495, 0.0034499775634278507, 0.003104920077059021, -0.001241529473736069, -0.0017952566600247055, -0.001267368921064058, -0.004488495033966, -0.004143618274518865, -0.00662765486025943, -0.007808552280423495, -0.008940917762171532, -0.01029355694427357, -0.010209421142922616, -0.011292797481674676, -0.010038165285893182, -0.011277122796026304, -0.009287920475733454, -0.010208878224653628, -0.0087279577741309, -0.008366513486167022, -0.008590017028518913, -0.007762583369103934, -0.007597323689530971, -2.1600647348305565E-5, -1.5686027333793376E-4, 3.4287084090374274E-4, 0.0012507477762299254, 0.0014530126988193445, 0.002101242050866651, 0.002313578949937131, 0.002304509195473234, 0.003188537831614029, 0.0026237386187480493, 0.002117788967432501, 0.0012662087570504768, 8.055979642207006E-4, 8.586874567137898E-4, 2.9228083887586196E-4, 3.2583787467003144E-4, 3.0007997287778964E-4, 8.695559005346531E-4, 4.5680943260640927E-4, 0.001339837593006282, 2.120991399982738E-4, 5.16575102751477E-4, 1.0181824538407629E-4, 0.002097370134912078, 0.0011783049669841842, 0.003066842314190664, 0.0014862536599192526, 0.002714090235667318, 3.8873560160919787E-4, 0.0011368226896163033, -9.481496791151338E-4, -0.001307623384160548, -0.0018547488619097008, -0.0034683642269621082, -0.0031455484885238895, -0.00476786978407076, -0.00395555209712748, -0.005696700018280504, -0.00507034855000246, -0.005660234370555055 ], [ 8.770719646774048E-5, 2.9729919604444945E-4, -3.5630935658137057E-4, -4.5306425802341636E-4, -0.0014380037233222439, -8.366146486197715E-4, -0.0014619099439094065, -2.3855416630072165E-4, -9.556979488103902E-5, -4.099661095127599E-5, 0.002685282881862044, 0.0017385345894630636, 0.003969359350448832, 0.0025650219487799333, 0.0047208332105711055, 0.003272993117784993, 0.00462466791112533, 0.0034499775634278507, 0.00483278460766184, 0.0032525230657825437, 3.927876753721797E-4, -1.7745207224064108E-5, 3.005714543764798E-4, -0.00300065688176835, -0.002952640740370486, -0.0059382699982437155, -0.006104055943865337, -0.008858245961849847, -0.009536017709705396, -0.009875439996761158, -0.01080348851822078, -0.009592868549843333, -0.010581498858225444, -0.008308127708320937, -0.009812531405904523, -0.007519787411493906, -0.008100359261898109, -0.007164918095151481, -0.007625884645353644, -0.006537874872440912, 2.0180296846860707E-4, 2.4546235552362595E-4, 6.599040222439996E-4, 0.0017703534288069302, 0.0018690714450013929, 0.0028322618421747466, 0.002870362147146736, 0.003329267899101938, 0.0035846580355372083, 0.0045112797267762815, 0.00275580762552626, 0.0033452118207486703, 0.0014081058989063456, 0.0022995260305387747, 9.546457308822732E-4, 0.001627924611430597, 4.6515743554889643E-4, 0.002410972680545724, 6.190862045920136E-4, 0.0025786047637150365, -3.386145730275532E-4, -5.141806146735737E-4, -5.6424159923375765E-5, 6.270822027529289E-4, 0.001206038246880191, 0.0015924105264098513, 0.0011787042778229027, 9.885298027408431E-4, -5.384983385578186E-4, -3.871309361159587E-4, -0.0024185985285697974, -0.0031261483116771017, -0.003530771317998302, -0.005059578563902827, -0.005268907163405845, -0.006549282450413252, -0.006150981658399827, -0.0074382084272554, -0.007371626264668134, -0.007706378940314339 ], [ -6.425697277821658E-5, 4.358928911263514E-6, -2.460361722384967E-4, -7.059153782900331E-4, -9.127845390044293E-4, -9.481341848025058E-4, -7.663975664194989E-4, -2.5891339653253434E-4, 2.3733415702967243E-4, 6.198772456327381E-4, 0.0022615756729717244, 0.0020516301620834045, 0.002988137847942671, 0.0023942898391838734, 0.00347349641319589, 0.002904577831417008, 0.0031844214920231863, 0.003104920077059021, 0.0032525230657825437, 0.0028132760736859215, -5.272507234773374E-4, -0.0011629526684417836, -5.28358226610773E-4, -0.0036993688784015856, -0.003263741241590249, -0.005657259297587682, -0.006626188120865819, -0.007909294083515303, -0.009123589018844398, -0.009015545891508357, -0.009910015566240531, -0.00889768869369456, -0.009620226940113894, -0.007990753462275325, -0.008722370887576512, -0.0073713001843905895, -0.007160094962361595, -0.0070834075871675, -0.006588489048216924, -0.006354027352868185, 6.977436904402582E-5, 4.6492638217825134E-5, 2.982660457488504E-4, 0.0011010939414363083, 0.0011122703927323124, 0.0017218793662281268, 0.00173316622284965, 0.001815329734821859, 0.0023713249490886676, 0.002230345594899424, 0.0016829941757859634, 0.0013566792327393867, 8.866779305499328E-4, 0.001227459765250063, 6.438943606132984E-4, 9.97500687683552E-4, 6.583983676530458E-4, 0.0016857131831723036, 0.0010203489825181295, 0.0017288982127927567, -8.756659296216419E-5, 1.768227470306271E-4, -2.0173738721650537E-4, 0.0015595385861380835, 6.941512685327744E-4, 0.0025246198719312773, 8.783359230478377E-4, 0.0021002343598132173, -3.3780693352586583E-4, 6.338962994568185E-4, -0.0016524697184514285, -0.0016805982498162622, -0.0024561975025690925, -0.003649221189239433, -0.0036064658623409618, -0.004906695070412375, -0.004398777080855907, -0.005703541997407551, -0.0054343576059622785, -0.005761421041065021 ], [ 0.002351951905676303, 0.0013075898304066855, 0.0025237438375439996, 1.9516387775744648E-5, 0.001407767783922144, -0.0019807418264800284, 0.0011715178884699278, -0.0033830587112323417, -5.52511636014797E-4, -0.004622923892779927, -0.001619439943472589, -0.003426816698356967, -0.0015884614357394495, -0.0026429940847583597, -8.088694136083868E-4, -0.0017816778713149867, -1.6567445260442625E-4, -0.001241529473736069, 3.927876753721797E-4, -5.272507234773374E-4, 0.015655776965462463, 0.01602053403954966, 0.016026094901236368, 0.01620459411217379, 0.014641061396024094, 0.01751056048283286, 0.01379757055676405, 0.01607787359381088, 0.01346706816931038, 0.015672705744851256, 0.015662902672768566, 0.015848387395316146, 0.017388353373503376, 0.015725478551416167, 0.017518950954386454, 0.014748987257758224, 0.01625672867611277, 0.014613312024408954, 0.014094065471526042, 0.013597044840680863, 0.0032295271484500186, 0.003763029935784654, 0.0031249532720258226, 0.004338691769466219, 0.0030324770283088613, 0.005433043610168533, 0.00234710058686862, 0.006221420205583529, 0.003910056394564738, 0.007509546148733325, 0.005755702276638979, 0.0069374627122514255, 0.005179868645057866, 0.00714381929893392, 0.004389194611998934, 0.006058975169878566, 0.0043567012940183445, 0.0053164159953752975, 0.004121677720159414, 0.00442941642908214, -0.006967683464257296, -0.006654303255076328, -0.006877436871613917, -0.008539685031790784, -0.007442562247776876, -0.009670749979262455, -0.008863229266637854, -0.011464937350904874, -0.010485795914137407, -0.011382317579275108, -0.01046895552483891, -0.01048840241577851, -0.010422840489181292, -0.009674250975907055, -0.00967607318846613, -0.01003850372710234, -0.008984008524361252, -0.009910817235484924, -0.009494367534849193, -0.0093