{
  "weights" : [ 0.7207528877383106, 0.7347783177703852, 0.7264564085345123, 0.7371362900883033, 0.7279589226016454, 0.7569710719744474, 0.7437472446209532, 0.7743246868643954, 0.7625926973928316, 0.7839986338693907, 0.7595708243941228, 0.7932225858488925, 0.7278312772889657, 0.7617280749946262, 0.70655273018077, 0.7519022479112599, 0.7155926083990358, 0.706905287317375, 0.7247609651452483, 0.7095629829201209, -0.19474680500151745, -0.15277134967654987, -0.2193282988802647, -0.17547044099851516, -0.23213221652481147, -0.23973856318686032, -0.2463547666056011, -0.2944315754899452, -0.27918202112241197, -0.3708308159921575, -0.2953598101997483, -0.3794390021433178, -0.3349087455654831, -0.37610004809905007, -0.4038867505721968, -0.3608089721976469, -0.3707824198903318, -0.4181567014687562, -0.35120168442569716, -0.40115303168280286, 0.572734128522229, 0.5891668998705418, 0.5558530575437791, 0.5910081724161484, 0.5414657408213012, 0.5566113432806016, 0.5053247422287442, 0.5079281753853979, 0.43906102464128743, 0.4392149794947637, 0.4102657518226462, 0.38428119723026655, 0.4565231731155948, 0.4133621289934542, 0.45635834020622046, 0.4295633069364914, 0.4592473985787733, 0.4380582344734339, 0.4689499990233943, 0.4486917510900938, -0.04294360220009067, -0.022508187452176684, -0.05617654294899994, -0.01017836341488266, -0.025376996149868603, 0.061641574286366435, 0.0732785613760274, 0.1216548997939974, 0.17566847572262548, 0.14870410908406784, 0.23109781350251893, 0.18710256857579718, 0.20146017487590406, 0.18612354564867928, 0.17974491505841048, 0.2103823326215242, 0.21145573687546107, 0.18984027534638215, 0.22507926274188922, 0.21642339587924242, 0.799203866618978, 0.8051608882527884, 0.7723043305643484, 0.7578261822177275, 0.7045192315186894, 0.6446341153831344, 0.5547147608601066, 0.5041840589259133, 0.3636789682141919, 0.3294557467464941, 0.2126018829663737, 0.1726496153375742, 0.10862446121512738, 0.09763246780147865, 0.07308236146474888, 0.07620165810507454, 0.06982013992959411, 0.05900988498091943, 0.07030912222155948, 0.06273319966215957, -0.22714929992121163, -0.22574910265167347, -0.23309350851625515, -0.24235294432845247, -0.25012780180818184, -0.28450976080489593, -0.27297383405660036, -0.3057105770038744, -0.27360455308846604, -0.2882527451295367, -0.22920703358841038, -0.2163283421554614, -0.175712674230208, -0.12752075846697306, -0.13568630703051865, -0.08267421148004107, -0.08569607761098784, -0.07821719385122229, -0.06782088558088317, -0.07782665324894007, -0.42347656485091817, -0.42021579351366156, -0.42469393303518455, -0.39900119577129445, -0.406575214426606, -0.36521920131603736, -0.3459732333819842, -0.3190307439086655, -0.24534411208980655, -0.22378754094882802, -0.12525051021951594, -0.11533544990511417, 0.008664375875888447, -0.02792207728344807, 0.03356193511970285, -0.0012277202296612593, 0.029409866078665463, 0.004127833449864908, 0.022255959535871908, 0.0015312634237900729 ],
  "covariance" : [ [ 0.010420558008001613, 0.01049128813166113, 0.009621705325670821, 0.009348964472378945, 0.008884949012451133, 0.005196863751043513, 0.008032853243825827, 0.0031475554763599907, 0.00512275541732578, 3.980596883340048E-4, 0.004148243154633551, 0.0012116287327194298, -1.9433692886697425E-4, 0.004199342967609333, -0.001984614388881258, 0.002912841040887161, -1.8873086770216404E-4, 8.763845719302469E-4, 9.908804441763385E-4, 0.0013547681800806007, -0.005941660698961999, -0.0017459300016161165, -0.005878644478525443, -0.0033464135137746195, -0.005627473289922852, -0.0069562361206641846, -0.0016413842302470583, -0.0074071564572148006, -1.0154683472320255E-4, -0.008412965247290061, 0.00163274471913487, -0.0033376426253344644, -0.001373743208839259, 0.006555458311118232, -0.004389814747328453, 0.004776754768936378, -0.0025913570943297045, 0.0031660459039003167, 2.7950768132665223E-4, 0.002104374689248789, -0.012607167141212922, -0.011449677720190378, -0.011472925478482941, -0.011932449608066659, -0.010069286061878579, -0.010663555148159379, -0.007155121569769972, -0.009631681544810014, -0.0013430998810778124, -0.005159769517944102, 0.0038671409029949417, 0.0019090767270929128, 0.00826423288916831, 0.00666682521828696, 0.007603431974667517, 0.0066631122346493925, 0.007028177692198061, 0.00943919100372757, 0.006424218769010063, 0.007711422835029399, 0.003448077898963721, 0.008466718056184569, 0.0027955824627042937, 0.006802436282229318, 0.003509305351014229, 0.002490361428859135, 0.004496128931015938, 5.55026593506112E-4, 8.370925251988336E-4, -0.002090529809179874, -0.004825788938541978, -0.008168190841926326, -0.011785794814035532, -0.007009863827941821, -0.01218697423756855, -0.009443279747788974, -0.01183899191780077, -0.01041796140298521, -0.009681664410142203, -0.010814378043757452, 0.004363982892465977, 0.004736828992273325, 0.0035336546732183355, 0.005024704392661954, 0.0015698313166344507, 0.005084785870832248, -2.3830052162870474E-4, 0.0024684034449443558, 0.0025518261408928075, -0.0016268502416666819, 0.0037703608405695588, -6.634094946872508E-5, 0.0027689167566912532, 0.003548506102110722, 0.0027989052988376954, 0.004087657419239067, 0.003104918644123994, 0.004250184078516422, 0.003412149434578313, 0.004340713660299667, 0.002645061539969122, 0.002207616684996003, 0.0032807291755180684, 0.0020055061694034112, 0.0028053648990325163, 0.001986540369666395, 0.0032938720501929433, 0.0027717546506706315, 0.003516025165933687, 0.0037694693666977105, 0.0048317423747738985, 0.004725133397333768, 0.005147987413225799, 0.004109276314150416, 0.0025457619579071214, 0.003444745348195639, 0.0017329428364232173, 0.0018609501773125792, 0.002005300159763743, 0.002076526260700484, 0.005979456149619319, 0.00546868666581877, 0.0065826695520038395, 0.004277816608733478, 0.00658603686708541, 0.002575799544806859, 0.005979188856261316, 0.0029185751977974022, 0.004178386269208282, 0.00432395550714388, 0.002662012939375842, 0.004236535917020837, 0.0015830334141231394, 0.002118182442020597, 1.4510532182627947E-4, 3.4731252920163196E-4, -5.873560912642796E-4, 0.0010670561194297862, -3.7419148181193915E-4, 2.744785512496734E-4 ], [ 0.01049128813166113, 0.012256560087211894, 0.009221255938413888, 0.011000127072340878, 0.00827606539622443, 0.0062577636498793885, 0.007905081199795565, 0.003890558778549471, 0.0051552167320669485, -7.807097750582405E-5, 0.004334934374708751, 9.019039452753034E-4, -1.3537289137371283E-4, 0.0037899900453054387, -0.001814139068907096, 0.0034214964866255493, -0.001327105519816059, 0.0014265779449554226, 5.662567455863778E-4, 0.0015241491467684228, -0.006320471914151971, -0.002645490673175987, -0.006874719063133479, -0.004371553067851508, -0.007081080832495841, -0.007408943836900232, -0.003053784652391416, -0.006369004081069014, -0.002219097628147953, -0.006054601357080259, -2.5333435784081766E-4, -0.0013582261062497227, -0.0034480977344146153, 0.008477103573147524, -0.006040623424248478, 0.005973303610927179, -0.004224376029416758, 0.003444598626959712, -7.855460912905459E-4, 0.002253792465089041, -0.013290523536130158, -0.013153454618232002, -0.011763871848204136, -0.013574865296705133, -0.010263749692731272, -0.01211345754947448, -0.007496288593399399, -0.010546407908000793, -0.0012940843309106188, -0.004954201077172489, 0.0042804070243283926, 0.002205531602266617, 0.008134717291729732, 0.006628615423783187, 0.007115779138109598, 0.006248956849562362, 0.007597193583182829, 0.008555793663670784, 0.0066116687488798264, 0.007386969863239256, 0.005215003882433568, 0.009421720559319712, 0.005013609833708836, 0.00797030607534622, 0.0049354316717678684, 0.0030845686539766014, 0.003984495559248168, 6.793269166560622E-4, -0.0010921910694392234, -0.0012806122824591142, -0.006922432569057603, -0.00742086558910921, -0.013379606823046494, -0.005871816209455516, -0.013607056879922011, -0.009045892344221092, -0.013054119947401998, -0.010193391998848299, -0.010629786586225208, -0.011008493350073137, 0.0028615898567645815, 0.0040390208312584665, 0.0012355513181789822, 0.00446899077643311, -6.419001136403026E-4, 0.005041965232081828, -0.0012681354311830685, 0.0031895183860478817, 0.0026045457772978548, -7.508719551585458E-4, 0.0045360898116139185, 1.5816815086314127E-4, 0.0034559134423349687, 0.003896846456659561, 0.003069558657049786, 0.00429101798695751, 0.003106179190155408, 0.004336895370891021, 0.003410438706179691, 0.00448407297721906, 0.0017550907169229853, 0.001145585382107042, 0.002136304873526688, 0.0010806459292589214, 0.002203466078768207, 0.001772525715093284, 0.003313433536980045, 0.0031282230512329656, 0.003214198753353655, 0.0045144834688383585, 0.003763075513068754, 0.0053709007307109835, 0.0039911208320168095, 0.004041343947887168, 0.0017923880126040498, 0.0031418265238461365, 0.0012245283139189307, 0.0014732216459793542, 0.0014517350257574303, 0.0018180870435529442, 0.006959949205824628, 0.0057360371971793295, 0.00798537454848005, 0.004280439876663765, 0.007907342722003859, 0.0023048205199020172, 0.006701910444878437, 0.002656498058430666, 0.004156750252183732, 0.00452432302401001, 0.002091121658715866, 0.004557312682511747, 7.829512535911827E-4, 0.0027098943077793736, -3.564520690543919E-4, 5.466486600297502E-4, -3.825743202435928E-4, 0.0010999765674046182, -3.128514574587247E-4, 3.8165525534512574E-4 ], [ 0.009621705325670821, 0.009221255938413888, 0.009235067384906403, 0.007990144521452677, 0.008715097215664108, 0.004191615043474236, 0.00772525169803579, 0.0022670867775828035, 0.0049597739968955164, 2.0937755482430023E-4, 0.003735355009101562, 0.0013588393420137378, -7.631241415465784E-4, 0.0043445823250448275, -0.0023519744126790257, 0.002766220920494873, -3.690790756831709E-4, 9.162486941066497E-4, 7.214883082008536E-4, 0.0011848928606957825, -0.0041914918016225, -8.423573864466904E-4, -0.003672868500245792, -0.0025501931317602725, -0.0031684609037157955, -0.0060449026679206255, 2.665325090637277E-4, -0.007057399161428603, 0.0017828420083403958, -0.008364043294680474, 0.0028060647593191705, -0.0033212824956754677, -6.873731971288218E-4, 0.006431426892881828, -0.0032696015216802945, 0.004143943181056958, -0.0010905662974410408, 0.0030722519653870613, 8.168973370753147E-4, 0.0024355359386146044, -0.011409501666452332, -0.010144557775463503, -0.010468257236457662, -0.010540661852350287, -0.009185078201523816, -0.009264468955170769, -0.006313972441853097, -0.008421438997457016, -9.234439569746717E-4, -0.0046663938256610955, 0.0037244200968947786, 0.0015527152421554865, 0.007737451303694798, 0.006161935669901975, 0.007585437061391772, 0.005827446909288134, 0.0070276768477122945, 0.008785207282681378, 0.005971361606026528, 0.00743256619487467, 0.0029117099523920404, 0.007818661776927555, 0.002209014829039302, 0.006057928234062303, 0.003554130979844773, 0.0019367318749542247, 0.005257579384520687, 5.079694177454698E-4, 0.002146002979135241, -0.0020248577163209007, -0.0030639241703839305, -0.0071704759778828744, -0.009731158256637283, -0.006135320225458369, -0.01015049187956279, -0.008576597346101889, -0.009570014861916974, -0.009197450724581566, -0.008198765474008022, -0.009362715636129655, 0.005037355499543176, 0.004859197651075345, 0.004691483593456077, 0.004898309421351825, 0.002537795924650715, 0.005157495897152099, 2.393519318846484E-4, 0.002243218901086468, 0.0025839847520353195, -0.0019594887749501207, 0.0035952830972673707, -4.492898678144522E-4, 0.0022936143168734934, 0.003129872858616323, 0.0023236876007974917, 0.003637132741853593, 0.0027468688323400037, 0.0037790256676944333, 0.002972914116080109, 0.003886516977873651, 0.00268632127901063, 0.0020241406131919766, 0.0033636699486905026, 0.0017683951591997127, 0.002589938507362742, 0.0016183581078829234, 0.0026113368931228965, 0.0021701660979014338, 0.0029386498596156467, 0.0031588764439016348, 0.00439140812772312, 0.0042405561553931735, 0.004905594338871754, 0.003971755324967009, 0.002630156029113641, 0.0033006790506135276, 0.0017573029209893246, 0.0017915677641127442, 0.0019621162178027804, 0.0020052950103563354, 0.005906774656464079, 0.005866224544296464, 0.0063489878741531496, 0.0049658957482192545, 0.0063655084964799906, 0.003350712243827065, 0.0059171075613519385, 0.0035893078219161423, 0.004193604189551019, 0.004605487610628562, 0.002723576591133487, 0.0044346373076445305, 0.0017220089882129981, 0.0021426173809386143, 4.693426905374178E-4, 1.6841285296612162E-4, -1.4004715215661795E-4, 9.259991312929468E-4, -1.7366027847573917E-4, 4.0384290398563696E-4 ], [ 0.009348964472378945, 0.011000127072340878, 0.007990144521452677, 0.010241647891845267, 0.007071811095287164, 0.00617682255824618, 0.006836881111937507, 0.004103171160631244, 0.00456843435488313, 4.042277967628451E-4, 0.004222746691735931, 0.001085171288741091, 8.110563922677098E-4, 0.003329798233129087, -4.249891392828877E-4, 0.0030749862706587936, 2.1192303961691515E-4, 0.0012968080006601542, 0.001555593737351313, 0.0018146781562548128, -0.008487172328979095, -0.004304507562036235, -0.009228028732304674, -0.005443152578280745, -0.009678380720904045, -0.007877192938971572, -0.005764179484412029, -0.006741985075371547, -0.004644091403033396, -0.006271449256064963, -0.0024030693252948014, -0.001816255817544965, -0.004450910372824944, 0.006003808501807871, -0.006097908269977507, 0.004303030928597527, -0.004878462049965256, 0.002095281718043511, -0.0016364603415119157, 9.637907694228732E-4, -0.012192610396237607, -0.01203801715186219, -0.010811153849223903, -0.012746792891020202, -0.009444239492896042, -0.011691919536565077, -0.007042355438057444, -0.010405246159717762, -0.0015371008566327149, -0.005595036329299493, 0.003329225992614545, 0.001015776319592392, 0.006537714236885722, 0.005174341924762563, 0.005312995882068628, 0.005338843272752196, 0.005452442405952354, 0.0073782185779145415, 0.004870898210144775, 0.006028071345661642, 0.004231270752027749, 0.00775405203977742, 0.0039691027328476024, 0.006499520635820473, 0.0032006341469716865, 0.0025844585924309914, 0.0016166958387545348, 8.558114271719629E-5, -0.0030782331275542953, -0.0018268607222372366, -0.00828875374766926, -0.007467623758833745, -0.01395592435615669, -0.006759624277028453, -0.014014433999055963, -0.009405083612399943, -0.0139305932585465, -0.010518047869834913, -0.011513749551006612, -0.011290505117187825, 0.0012218413027916774, 0.002654791713727705, -2.799387978259953E-4, 0.003305142146273444, -0.001386711362182733, 0.0033884379414404254, -0.0011528453027571728, 0.002117378761904252, 0.0024652879282202464, -8.603483575375978E-4, 0.004068494843544363, 2.43292426522519E-4, 0.003296820696792135, 0.0034533052837417053, 0.00324779997343308, 0.0039299931765932805, 0.0032414827007566805, 0.004077943502582534, 0.0034545884500330843, 0.004264238893416961, 0.0015928870038063676, 0.0015567403041896904, 0.002032800938519955, 0.001714962473916891, 0.002363227826871954, 0.0024008602567435547, 0.00376998329031231, 0.003667303313423944, 0.003687677134860222, 0.004732914870630601, 0.0040075897293643985, 0.005097476037554452, 0.003897818625522042, 0.003444911001221343, 0.001640854201341315, 0.002439303293523038, 0.0012010163851610264, 9.66685260885719E-4, 0.0014266518878902072, 0.0013478889527509764, 0.004062671821725082, 0.0028826871622711064, 0.004942122935421668, 0.0014146698924766177, 0.004879866716901398, -1.689717994950952E-4, 0.0037315217290446604, 1.5597978705522058E-4, 0.0017695049995965027, 0.0018467940557239375, 3.5999570077009603E-4, 0.0025559869896970423, -3.8528504504053057E-4, 0.001671733894002505, -0.0011801239804417531, 2.3186997244575245E-4, -0.001422632919878502, 6.562433026131183E-4, -0.0012271557748604269, -2.165872544336185E-4 ], [ 0.008884949012451133, 0.00827606539622443, 0.008715097215664108, 0.007071811095287164, 0.008800247242990037, 0.0035780941362516805, 0.008189101682559383, 0.001992696364693054, 0.005902685428714153, 4.6232097929282116E-4, 0.004808825588602817, 0.002123298012139693, 1.427525373506439E-4, 0.005218431667004444, -0.0012936547499588118, 0.004476144979862783, 8.55871202301863E-4, 0.0026981979026481913, 0.0020355768748025536, 0.002841603220974011, -0.008294543995653639, -0.004696356942705799, -0.007675168817612683, -0.0060045051941853035, -0.00718594373134761, -0.009359788398301247, -0.0039002240350400025, -0.009814547978574183, -0.0023751709801666555, -0.01076225515151038, -0.0012365958977507705, -0.005211541584657842, -0.00421637888401644, 0.004517128301141787, -0.006212853654889569, 0.0030948613866638402, -0.0035180488054057076, 0.0016620446544011705, -0.0013727620344539417, 9.485781724933909E-4, -0.011576001731046118, -0.010079653710779247, -0.01104425957057855, -0.01042682869423687, -0.010529895695018318, -0.009310423289621483, -0.00837088466929994, -0.008665984600392971, -0.0038310197977303195, -0.006036255520955102, 6.715494167339163E-4, -5.962687150118636E-4, 0.00510290237469551, 0.004369740133020139, 0.005022613307829824, 0.003912124961455553, 0.005041891881992527, 0.006674637744877613, 0.004076307680447101, 0.005516501173856689, 0.0012944697487412373, 0.005706821908718073, 4.369272631528538E-4, 0.003748068866306342, 0.0017345883808383396, -1.325896273328738E-4, 0.0033472568909904458, -0.0015383266842911437, -1.6902968874377947E-4, -0.003986083073454739, -0.005787834697931144, -0.008972940411577233, -0.012537396857490914, -0.009293150695525991, -0.013007902616640707, -0.011615504883239314, -0.012441666503226319, -0.012578630800668511, -0.011180223403193482, -0.012409165561898056, 0.002794639031742428, 0.0026143796066829964, 0.0029500126214219223, 0.0027429629832011826, 6.751888426743934E-4, 0.0033362900384918985, -0.0019369224251788526, 0.0010261353234286927, 5.037896545203668E-4, -0.0032540965765428176, 0.0024551329797089755, -0.00102619373312508, 0.0013517595646600497, 0.0036147993218242904, 0.002295240660403375, 0.004536031476976519, 0.0030510468561676086, 0.004594438242643002, 0.0034441380194936604, 0.0045646411515562, 0.003052875501889293, 0.0027519668076339534, 0.003995561845591887, 0.002845075476321162, 0.0034003975890576606, 0.0029568134608878092, 0.0036753998193002043, 0.003780116439155792, 0.004328397096197706, 0.004927637070764091, 0.005755355488737067, 0.005387011680119196, 0.006062391947798314, 0.0043919923318985615, 0.0031018057688672156, 0.0033252995167530972, 0.0014835264544544502, 0.0016409078524889488, 0.001545849815975143, 0.001706693266936031, 0.001136335305977211, 0.0013533375968129467, 0.001397524105708081, 6.372131597433927E-4, 0.0013233053512961964, -7.024699063251706E-4, 0.001220300000104022, -4.537284352222359E-4, 3.785086594879257E-5, 0.0011667225014141604, -7.557734857110993E-4, 0.0018868683849320995, -1.561915532549776E-4, 3.41064144014584E-4, -0.0011532372697189812, -0.00141214063020772, -0.0016149991931959217, -8.911365251622E-4, -0.0016181145166054625, -0.0012240981778500852 ], [ 0.005196863751043513, 0.0062577636498793885, 0.004191615043474236, 0.00617682255824618, 0.0035780941362516805, 0.004561945895335063, 0.003602453877179586, 0.003604348295340528, 0.0027144291909075, 0.0014902560235634447, 0.0027730977669836233, 0.001481734881933412, 0.0021399869367882815, 0.0021403353144903007, 0.0016207981441359147, 0.002205099956830598, 0.0021466064577705243, 0.0016736649207338098, 0.002293625355969319, 0.0024067310143882376, -0.008800581719737693, -0.005777184462543728, -0.009510548206464974, -0.005565739827593898, -0.010422746451882459, -0.006200538643698506, -0.008483202039374724, -0.004955276628980508, -0.007687305207651001, -0.004097204329452258, -0.00589554155855365, -0.0023386641388577663, -0.004342802500901893, 1.710555874972901E-4, -0.0038349629311331627, -4.205107230283379E-4, -0.003676648998064711, -9.532352447668977E-4, -0.0026125252254487427, -7.882931929665205E-4, -0.0075631789898266775, -0.00741318696425069, -0.006809385970991062, -0.007975657926950432, -0.00612890236140721, -0.008002281097228336, -0.005295298288237276, -0.007302563544452906, -0.002925168522810077, -0.004877755236440064, -1.388921803863576E-5, -0.0014895665639337256, 0.002162735692806395, 7.371277763007968E-4, 0.0020976694028472906, 0.0012666500772441401, 0.0017497421589575124, 0.0025098800484948053, 0.0016405188660622051, 0.002001240869672673, 0.0015083464714179227, 0.003049407257460208, 0.0011618323168059047, 0.002534515650662543, -1.5652279535104542E-4, 6.805643799931054E-4, -0.0018103758688257005, -7.026988112466748E-4, -0.005053593797417572, -0.0012790979306118934, -0.00844632957099787, -0.00515254839394901, -0.010746461017497287, -0.0062124248967643445, -0.010627001456153588, -0.008274106040282642, -0.011099329957254584, -0.00940054836039397, -0.009634312337090719, -0.009461769907053094, -0.001356840883053577, 6.987468823889045E-5, -0.0021682664278942633, 0.0010240831436183733, -0.002351249570462623, 8.056653706273338E-4, -0.0014571835643660297, 3.901165382345878E-4, 9.895978526443937E-4, -0.0010619611293666785, 0.0022196611633166293, 1.031162123296697E-4, 0.002352503734403499, 0.001979576235166882, 0.0027854872827520155, 0.0026142655699266234, 0.0028259296475264617, 0.0029446917010579644, 0.0027506778334295138, 0.0032001069777768515, 0.001120859244401135, 0.0015392747295625863, 0.0015817338517819229, 0.002004007436633948, 0.001953646196798367, 0.0028687698036753925, 0.0030877902314899513, 0.0037283268174570436, 0.0032313591317891747, 0.004068362608292434, 0.003352892540830012, 0.0034240380610703817, 0.0032692022156411513, 0.0016458922640895442, 0.0014968007695586954, 7.056387259271725E-4, 7.988041514689888E-4, 3.838717972214859E-5, 4.564288649615429E-4, 5.148183194338154E-4, -0.0011047416116178222, -0.0020649303000218793, -4.929099556827512E-4, -0.00329396452252387, -3.9397536265466213E-4, -0.004207855614378121, -0.0011793494239966677, -0.0038119486195537858, -0.0021698425846292634, -0.001989667289051909, -0.0023881926463123946, -0.001220854018276745, -0.0014843977574986922, -0.0010206899607133647, -0.001434961356483039, -0.0011587557847987928, -0.0018295264354647254, -9.320344271112183E-4, -0.0017228368859873752, -0.0012903521050300747 ], [ 0.008032853243825827, 0.007905081199795565, 0.00772525169803579, 0.006836881111937507, 0.008189101682559383, 0.003602453877179586, 0.008184233181344194, 0.0022997990484294817, 0.006491955288635925, 7.587470288078202E-4, 0.005685613350779651, 0.002588725071740503, 0.001381525777779868, 0.005503434470835679, 7.626862869341481E-5, 0.005954034401024478, 0.0019285221742020389, 0.004302936681489623, 0.003222524314126337, 0.004399519009072276, -0.01310826770884509, -0.009174966998915497, -0.012811992336344027, -0.009898162080255783, -0.012709695911258992, -0.012715134635278617, -0.009556848346826137, -0.011968832114999245, -0.008206033257010284, -0.011824955899115431, -0.006694283547283108, -0.0063769339584861, -0.008433700515596668, 0.002619291010998469, -0.009677017576733709, 0.0020305548142090578, -0.006745335943220372, -1.2292824409941994E-4, -0.0039557231577453476, -9.832661449080927E-4, -0.011824008359499667, -0.010480781091769198, -0.011539995717729339, -0.010736663200443666, -0.011741630474760345, -0.009839703652244663, -0.010506085720760975, -0.00923776544702175, -0.006802709881542366, -0.007223923389016377, -0.0022548675206443955, -0.0024274715988173, 0.002521549001409346, 0.002537135191837927, 0.002255036065053423, 0.0020755629769271785, 0.0030351938742440828, 0.0041903227866656075, 0.0025112594497198205, 0.003270971527937292, 3.703832194949313E-4, 0.003764562629071921, -4.6947313968589716E-4, 0.0018177785968284694, 7.019134272300345E-5, -0.0017821895562632128, 5.597659851603917E-4, -0.0034501418248229073, -0.003692286822228474, -0.005493785010661904, -0.009677736020352403, -0.010740768217306948, -0.016134206502297906, -0.012182575526367465, -0.01661574163672118, -0.014495367887642704, -0.01609643411512089, -0.016077247022349188, -0.014504403835073109, -0.01571992422279662, -4.7554869815734715E-4, -4.750518296961124E-5, -2.8257731362224656E-4, 4.287004688502739E-4, -0.0023659724378406475, 0.0013234663371464981, -0.004436104523400999, 4.40534834094718E-5, -0.0014864550668141684, -0.003873421272972734, 0.0015125931877654221, -0.001131293061363751, 8.68486383675771E-4, 0.004220891098707694, 0.0025382366282331818, 0.0054748426318741595, 0.0034580309417926013, 0.005439125977165411, 0.0040268873571051005, 0.005286092423584532, 0.002975468986384485, 0.0031546968573085083, 0.004052960744627854, 0.003684758357920634, 0.003985348274246302, 0.00433433923719547, 0.004903996462164696, 0.005613176483104865, 0.005672264160747861, 0.006941568856899936, 0.0066525256507734346, 0.006609100493532906, 0.006663068358396314, 0.0045237808240428095, 0.0031961998201261287, 0.0029756831786080396, 0.001040657547671372, 0.0012502879203413508, 8.823578793467907E-4, 0.0012554549428246112, -0.003380004080424052, -0.0034305946038163866, -0.0031263019447724492, -0.004182255637412704, -0.00332167203915363, -0.005291394659616751, -0.003366724729397518, -0.004954985939149397, -0.004134435292502967, -0.0024312944086627443, -0.004290276148450978, -9.517234459295808E-4, -0.002159537850261007, -0.0014757622270646876, -0.002816610457361003, -0.0028065969174558003, -0.0030252657559267917, -0.002612045750352371, -0.0028624029751099997, -0.002836726907613619 ], [ 0.0031475554763599907, 0.003890558778549471, 0.0022670867775828035, 0.004103171160631244, 0.001992696364693054, 0.003604348295340528, 0.0022997990484294817, 0.003415400747332157, 0.0020782473511036523, 0.0019882317080153517, 0.002621314854447193, 0.0015372868309583212, 0.003148148364736735, 0.001620441191972704, 0.0027058874618385077, 0.002419233688471671, 0.0029339345967271686, 0.0023644019115598683, 0.0028074472286973894, 0.0030824893051420556, -0.00956244373508458, -0.006683402959781294, -0.010498682420166595, -0.005786432749419217, -0.01148991334147873, -0.005962587465320052, -0.0102493151464959, -0.004229793228161806, -0.009891049415709431, -0.0035397846811750294, -0.007656159827016045, -0.003082289856700211, -0.004348583420914721, -0.002782991031349269, -0.003956627312728837, -0.001372670090783007, -0.00471720566453063, -0.001664715331284728, -0.0036474229304471334, -0.0015527022508026536, -0.005483816591639974, -0.005201646353738838, -0.005148774013634941, -0.0056094969104776024, -0.005064281003761379, -0.00615888386457798, -0.005206428495674065, -0.005676696509826578, -0.004636696261417514, -0.00445088937553461, -0.0025691060120941393, -0.002511380957200913, -4.5694774197300303E-4, -0.001274525681837159, -4.0200782001207264E-4, -3.8511495414305004E-4, -7.995848770256533E-4, 2.0828563097212207E-4, -3.146855100535634E-4, -2.2315237033369113E-4, -3.061353192204243E-4, 5.117010750125498E-4, -6.937420633925951E-4, 5.194907582151989E-4, -0.002252537780579108, -3.761891570209077E-4, -0.0036577283465860123, -0.0013460658660922572, -0.006334002301781505, -0.001390600645199026, -0.009017833492819764, -0.004615576754328943, -0.009715124065141937, -0.00663957478740561, -0.009577703415036422, -0.007892949945914694, -0.01060022459283608, -0.009249941520733749, -0.009050403305722172, -0.009125005810427389, -0.0028976065611707774, -0.0015146849547776084, -0.003494864029140275, -4.970646630244081E-4, -0.0033990857622552, -8.534112917764759E-4, -0.002755810358306115, -4.494394625461225E-4, -0.001076546747787592, -0.0013095887015642693, 4.3419819338934616E-4, -5.823255786874489E-5, 0.0013900025402559784, 0.0015325742919795697, 0.002323295818524576, 0.002361457401034451, 0.002417839447847148, 0.0027079625938100835, 0.002409733187083915, 0.002843960239243337, 0.0010529719285358268, 0.0017808253522445072, 0.0014872767305254106, 0.0023281617763810576, 0.001957721015725067, 0.00319115421091386, 0.003101634534178518, 0.004023717176427383, 0.0034768114063133187, 0.003993980205326287, 0.003734618116810088, 0.002818646788021048, 0.0034651749658012416, 0.0010221249089965901, 0.0014115709820973002, 4.7995047198455613E-4, 3.0748325528208003E-4, 2.7115234693799843E-5, -1.2030029231371566E-4, 2.756854984454355E-4, -0.004415132175589258, -0.005321671374909426, -0.003940535421717859, -0.006372530410597761, -0.0037695841781295583, -0.006863750850559772, -0.00403835625948219, -0.006387810896608684, -0.0043506709560054944, -0.004184251420553132, -0.003964262628517108, -0.0032471383824965875, -0.0021065236411980737, -0.002572570880571812, -0.002073919247959971, -0.0019401907398113036, -0.0026273564422280805, -0.0019000902659634573, -0.0023482314305873055, -0.0021421939270193065 ], [ 0.00512275541732578, 0.0051552167320669485, 0.0049597739968955164, 0.00456843435488313, 0.005902685428714153, 0.0027144291909075, 0.006491955288635925, 0.0020782473511036523, 0.006061641591124617, 0.0013269193274888986, 0.005663702932277012, 0.003248153700997746, 0.0028454478653853013, 0.005130351591133616, 0.0022787427756482447, 0.0066750745957538105, 0.0039057352505139833, 0.0057110152698493614, 0.0047515299235013, 0.005862709287275291, -0.017164328554827926, -0.01372351989979392, -0.01704215760657485, -0.01333869829899585, -0.017497308344129138, -0.014617941033501319, -0.01545171798639198, -0.013143261550154207, -0.014121231877621224, -0.012003618954955211, -0.012759695629774515, -0.007619492429451885, -0.012286792015430195, -0.0018334172069076316, -0.011366567773598044, -0.001471803734853929, -0.008451765200153928, -0.0033908437680599058, -0.006521885354785187, -0.003508045537472752, -0.009590557873339692, -0.008425619882079925, -0.009855998645011714, -0.008642492453359836, -0.010933350178205, -0.008387532419076324, -0.011020590867762815, -0.008325038534813683, -0.009236981233830693, -0.008228468783262494, -0.005832446146223771, -0.00561075133378801, -0.0018629173238859519, -0.0012944611221166417, -0.0018612603063228466, -0.001487586800850295, -6.0733267722966E-4, -2.288899564250089E-4, -8.129957251337611E-4, -4.3363496924067244E-4, -0.0016108430239788125, -8.546179662274065E-5, -0.0025913467827377423, -0.001679855521062718, -0.0029428191200984045, -0.004006222409690383, -0.003508312600691105, -0.005504352377126808, -0.00757196194065017, -0.0067482867890388595, -0.012693830032816305, -0.010974780406261077, -0.017380344406279877, -0.014226429965498139, -0.017875137421819308, -0.016201994994419724, -0.017592019135333634, -0.018128164888109977, -0.016487903456934475, -0.017263286170009984, -0.004461874279070306, -0.003710512738897799, -0.003681807481559795, -0.0029176299217885406, -0.00504785677325789, -0.0018730476614006797, -0.006150561860043039, -0.0019668422477471066, -0.003231514396051375, -0.004709734910080121, 2.3812510324180362E-4, -0.001483007522979666, 1.200150476213781E-4, 0.0038387724409675783, 0.0025388596332556585, 0.00549399046287975, 0.0036310015637801333, 0.005445662062897946, 0.004141785664517687, 0.005278583081398008, 0.0026101592559323854, 0.0033368309303437923, 0.00384924953819592, 0.004427963814175871, 0.004208296347860325, 0.005663560509296994, 0.005453723963471199, 0.007116411333959516, 0.006394820357659759, 0.008316688566217713, 0.006796512260619404, 0.006875580482094384, 0.006596612752496725, 0.00366141515683119, 0.0032150141368602293, 0.001520258001651073, 6.124587287354124E-4, 1.3390871402069312E-4, -6.078391969247015E-5, 2.4514765837336085E-4, -0.009870150283125101, -0.009756500864918393, -0.009874683012045466, -0.010277518681491566, -0.010131903518766732, -0.010814666984476544, -0.009985980251955545, -0.010518107227215592, -0.0098830430321998, -0.007636629175225257, -0.008782645987014366, -0.005235581064464058, -0.004787375794952562, -0.004130125899977795, -0.004550623259406243, -0.004541382281090169, -0.004481850892835998, -0.004751296817110843, -0.004351441470644915, -0.0045993763045605 ], [ 3.980596883340048E-4, -7.807097750582405E-5, 2.0937755482430023E-4, 4.042277967628451E-4, 4.6232097929282116E-4, 0.0014902560235634447, 7.587470288078202E-4, 0.0019882317080153517, 0.0013269193274888986, 0.0024852698532925733, 0.001633129249563131, 0.002146013671690326, 0.0032919568870548, 0.001687587680863975, 0.003401722486813308, 0.002016229027375425, 0.004346959743339605, 0.002660486044627426, 0.0031992039855626726, 0.003456102610041425, -0.00970872268873934, -0.007892992970272107, -0.009816380505083147, -0.006422470839418576, -0.010662704801213719, -0.005754725350028187, -0.01084652033837532, -0.00464717528492864, -0.0104620098719278, -0.00361529480104726, -0.00954813794553084, -0.003903746652868372, -0.004858056010124266, -0.0060474616355633976, -0.002445401074276388, -0.005259575923162925, -0.0028496771795124805, -0.004067046523977742, -0.0038636595888279293, -0.00301982158514056, -0.002182090199605782, -0.0015710254486300855, -0.0024241615974011903, -0.0018550395573768662, -0.0029868239641547903, -0.00292506834359502, -0.0041393114042894644, -0.002905582798757798, -0.0057302791833034935, -0.0038889197088213022, -0.005151034465308561, -0.004419328114355065, -0.0034274178261828785, -0.004077324773717686, -0.002027603197273938, -0.0036921559873670075, -0.0027169959986080208, -0.0031845689466173566, -0.002254023429612729, -0.0029437883171272534, -0.002741784556763792, -0.0032354428674749624, -0.003146340299903541, -0.0034520469659926065, -0.0042302462625775986, -0.0029015552715637933, -0.004981917808559375, -0.002622907444073478, -0.006239077711800213, -0.001975069810050951, -0.007918875153027883, -0.00346967218451543, -0.007257617188348418, -0.0067973637400842255, -0.00688554456567265, -0.007889584146541206, -0.007672847422172961, -0.008892850138463524, -0.007528148695700203, -0.007970849702145292, -0.0039792794251532655, -0.0030188519207824654, -0.0035798879747138508, -0.0019214747997270312, -0.00319371506242788, -0.00228927767506786, -0.0026338286591117608, -0.0018199988127036602, -0.0020789563931359343, -0.0019729355055628766, -9.262534167445265E-4, -3.6893955074893874E-4, 6.842877180881363E-5, 6.613234276725483E-4, 0.0016420906270455701, 0.001469648194135715, 0.002034973901345511, 0.0018936339463659117, 0.0018534307994719822, 0.0020255096810848335, 0.001079752113928442, 0.0021608831372838403, 0.001715825577309046, 0.0029417689687375715, 0.0019750399464297545, 0.0036086059898502052, 0.0026363466271565016, 0.00386200171186244, 0.0032722922742020573, 0.0034918832716110326, 0.003473138436564766, 0.0018014526837464209, 0.003305058311041961, 2.9930916333492506E-4, 0.001575360037894705, -4.923706297244664E-4, 2.1923188732898504E-4, -4.387519831628103E-4, -4.853714696327437E-4, -2.0127658553097385E-4, -0.008237860122423475, -0.008579641915825173, -0.008119536479583203, -0.009266503786507858, -0.007920426179676443, -0.009223349925875979, -0.007897496846534638, -0.008743510215266214, -0.007414540036350515, -0.0066729073211342195, -0.0062141526557386965, -0.0055889812374183695, -0.0027541135962307036, -0.004380636448685483, -0.0019611419577412344, -0.0032898586668518074, -0.002597472966351588, -0.0032975169806685, -0.0025210293084534643, -0.0030533868166399206 ], [ 0.004148243154633551, 0.004334934374708751, 0.003735355009101562, 0.004222746691735931, 0.004808825588602817, 0.0027730977669836233, 0.005685613350779651, 0.002621314854447193, 0.005663702932277012, 0.001633129249563131, 0.006299453889649592, 0.0031103376543539134, 0.004189311054075053, 0.00452468792556329, 0.0037952270913708995, 0.00698490003692042, 0.004933416841883565, 0.006045804498383201, 0.00584358265961667, 0.006413652732733038, -0.019078550890094054, -0.0145992943465503, -0.01966272593452683, -0.0137060526138598, -0.020181651495096924, -0.014937608553365728, -0.017744341134833808, -0.012764118097541906, -0.016556350755563446, -0.012294950116637436, -0.013756198716286583, -0.008126296774027797, -0.012563820221452957, -0.0038945516866678784, -0.01247810915800347, -5.587993333801815E-4, -0.011065069151180098, -0.0029529766413157275, -0.007866423603044428, -0.003959738038583951, -0.008832453137146016, -0.007649710599602128, -0.009250338714156597, -0.00817949118407606, -0.010545900031754322, -0.008284297154925645, -0.01095945974593763, -0.008353379753685728, -0.009869322605058907, -0.008751370530232573, -0.007088686805230473, -0.006273669325972188, -0.0036972895502094443, -0.002267573090840472, -0.004751806907530095, -0.0014605562555931686, -0.0036254532881441655, -7.052813643296402E-4, -0.0032278005209726403, -0.0015722565668237066, -0.002738137276630547, -0.0013227851482026818, -0.003775542003667791, -0.0022861278938145157, -0.004852186148149253, -0.0038630233291095293, -0.005789797227627673, -0.005816735427216534, -0.009856447151789864, -0.007256062275088482, -0.014397764569908551, -0.011063867344557242, -0.018130566803978843, -0.015098825330912835, -0.018523627842535414, -0.01581259458668232, -0.019303551875385905, -0.017821287566646908, -0.01744384379291544, -0.017378337021613705, -0.005987213277213546, -0.005115219772822512, -0.005413134392931312, -0.004353580557629687, -0.006171007756899479, -0.0038590990925278165, -0.007076003717784652, -0.0028254178147282135, -0.004593310531125988, -0.00482800563854909, -9.904998839183608E-4, -0.0016306173272425794, -3.840037164557072E-4, 0.0035304930867889866, 0.0024526890613194713, 0.0054012494366036294, 0.003403106973786825, 0.005381741600441247, 0.0040266342203566785, 0.0051204904149304, 0.002516029106750842, 0.0037773634041766155, 0.003671638940655755, 0.004908323779923928, 0.004370840022196766, 0.006041165145934167, 0.0060897812409394245, 0.007696222325028453, 0.007156159105091046, 0.008524229255734797, 0.007687612871728224, 0.00669565646934025, 0.006864198109944913, 0.0032773522760995077, 0.0028679314969773982, 0.0016951563903646605, 2.0217551310261912E-4, 1.8027300244086245E-4, -1.2655961679299997E-4, 2.452013760913361E-7, -0.012833540460876522, -0.012707412274486489, -0.012930182929723866, -0.013173206148562072, -0.0131332424621784, -0.013268308030258084, -0.012527535595805907, -0.01301673833195835, -0.011790192381683343, -0.010183834995657596, -0.010217480618225009, -0.006831572678196718, -0.006047658781654926, -0.004902453284230843, -0.006098295994796336, -0.004510194904031492, -0.006302809712665586, -0.004940157869414469, -0.005855916266524132, -0.00519733541104171 ], [ 0.0012116287327194298, 9.019039452753034E-4, 0.0013588393420137378, 0.001085171288741091, 0.002123298012139693, 0.001481734881933412, 0.002588725071740503, 0.0015372868309583212, 0.003248153700997746, 0.002146013671690326, 0.0031103376543539134, 0.0033707168572476524, 0.0031561809976914873, 0.0035749643448666035, 0.0037470017315234436, 0.004117583173701694, 0.005149677348962489, 0.004515916999817216, 0.004451048583229422, 0.00500525727645141, -0.013686195491060031, -0.01200749249095616, -0.013214246306809396, -0.010811815241478819, -0.013982041787638361, -0.010114766639587384, -0.013934828333584873, -0.008922507719991398, -0.013077557671745062, -0.007183259702210797, -0.012934057792525698, -0.005240485509463939, -0.00989422576271318, -0.005293258692460425, -0.005685889035061466, -0.006239877364208022, -0.004127522231138945, -0.005419080137161934, -0.005708499585601754, -0.003944494403852218, -0.004187620687169746, -0.0035958105560336766, -0.004525817110986765, -0.004070086270848384, -0.005422073913146091, -0.004782956755793259, -0.006384635654089468, -0.004842290808548087, -0.007208861833248583, -0.006329993203321616, -0.006298519951128338, -0.00687197946971722, -0.004637909418814534, -0.004959760458403447, -0.002945889062571759, -0.005367507970554618, -0.0026443102448115924, -0.004176448358231811, -0.003367206695301858, -0.003310369029476271, -0.00290895140698829, -0.00351113911396703, -0.0034665636961897037, -0.0046053533061564825, -0.004168921960374185, -0.004757099409185951, -0.00541427868256397, -0.004712177946240011, -0.007923898941258287, -0.00435218453583915, -0.010637330705903853, -0.005538169772961107, -0.011478233658297657, -0.009894036808888182, -0.01110108885719498, -0.01203298515358867, -0.011188837576818225, -0.012912004517621664, -0.011966351234819067, -0.011675935754460546, -0.005273205186132116, -0.004490458321091417, -0.0041993762684045186, -0.0034773091966735863, -0.00427768493180544, -0.0030556219907952953, -0.003726093525988757, -0.002753193357337904,