regionId: 1, index: 1, origin: -1.4314321279525757, -1.7344847917556763, 0.14913269877433777, normal: -0.49007926180333766, 0.8670128723516428, 0.0900610699850346, concave hull size: 17, number of convex polygons: 1, [10]
regionId: 3, index: 1, origin: -1.347274897160421, -1.6862287389304795, 0.1581241109837093, normal: -0.46241257657943047, 0.8866345588284673, -0.007332674288523175, concave hull size: 19, number of convex polygons: 2, [6, 8]
