{
  "weights" : [ 0.039392059857059104, 0.04240825917005263, 0.006726819591680164, 0.04425987550673915, 0.026419956183531806, 0.028189769248144498, 0.051124176000133734, 0.05319773699669508, 0.07435429304134171, 0.06934955603215064, 0.07022124905868228, 0.0901338017437409, 0.059103932748004025, 0.09744094340229373, 0.0689320629264645, 0.09125698125248054, 0.06681039036447776, 0.07647960335393172, 0.06530812281347947, 0.06485675574483549, 0.04555635675753049, 0.04084582928792397, 0.04634369741660135, 0.03214686803276864, 0.05077614200996002, 0.030125182943587816, 0.045595558136647, 0.028032106492162798, 0.03970369710030529, 0.01724896830419861, 0.028585026629407775, 0.020807829627742094, 0.007091435799778683, 0.011239234667457153, -0.002294977046645332, 0.004326315209622319, -0.005694144728536525, -0.0050903208852530486, -0.005982198069562313, -0.011356367783421664, 0.9650298857471715, 0.9679050192909213, 0.9706790062032619, 0.9630443993981707, 0.964217598974892, 0.9574317752903259, 0.9476535225382582, 0.9359717861014956, 0.9238916832568422, 0.89153274217779, 0.8816306926135004, 0.844019617941576, 0.8326576861006525, 0.7984622548705127, 0.8038264309752443, 0.7859327341221194, 0.8015069348564889, 0.7883294363924158, 0.8011952804224638, 0.807467519545008, 0.015649811709226764, -0.029358100204352994, -0.030424285302843967, -0.09065380562550589, -0.10165070257087976, -0.17433892146506158, -0.21184732119912622, -0.28319235988191227, -0.3271774154839781, -0.4157005961534922, -0.4460324503230162, -0.5086164090067259, -0.5372728530322315, -0.5773048996267048, -0.580647278639429, -0.5948484922709545, -0.5835599920542758, -0.5899624570481597, -0.580374511057427, -0.5656858534330503 ],
  "covariance" : [ [ 0.0027171279177058355, 0.0028269150576337504, 0.003344694248542736, 0.002600534659477981, 0.0028526315857955254, 0.001653030116357828, 0.0013236496170517776, 0.0013697196987461375, -6.565909182640857E-4, 0.0013865243468832833, -0.001188997829060344, 3.8873395693184273E-4, -5.573530133009678E-4, -8.417754817715038E-4, -6.211416854411596E-5, -0.0010341012767980334, -2.4751576577989936E-5, -6.873969667350497E-4, -4.764779711519332E-4, -3.428420331423609E-4, -0.004870845559998252, -0.004285768326154505, -0.00467749256497385, -0.0037130708630257864, -0.004619599495633384, -0.003370270168305925, -0.003910518611787863, -0.002875045272267444, -0.0031144822652086905, -0.0015339709509821116, -0.001955521523745876, -9.052660118551476E-4, -9.681384816299237E-4, -0.0010466286960441687, -6.45189851121453E-4, -0.0010965244760586337, -8.930579038555424E-4, -9.358723576660272E-4, -0.0012300739768860592, -9.067534175716072E-4, 7.691297240522055E-4, 8.234758169737416E-4, 4.417258014273933E-4, 8.898358177943134E-4, 4.775792672970032E-4, 0.0012467587164651192, 7.687859446880043E-4, 0.0012229788068788346, 0.001130116005590677, 0.0010265274033561295, 9.955504493980272E-4, 0.0013425629700801536, 0.0012770350982524551, 0.0018655695178280396, 8.175420194852396E-4, 0.0015465782802211335, 9.365133781966607E-4, 0.0013989760830020676, 8.009338462384972E-4, 0.0012108052116674472, 0.009323600575827023, 0.009734460967327507, 0.00791730351592407, 0.009380818123150305, 0.006852208787413621, 0.008162133591389441, 0.005699172659596755, 0.0054347207484042636, 0.004162743486048365, 0.003293701064832761, 0.0022978280240949223, 0.002936814026389313, 0.002493905102913567, 0.002853556553671599, 0.0015317508662649065, 0.0023688396282079594, 0.0016597990128611444, 0.002462852142555855, 0.0016151395029650488, 0.002369432089210739 ], [ 0.0028269150576337504, 0.003698276624220351, 0.003392324972651215, 0.003450479254700861, 0.0028217370064287975, 0.0021243012655421042, 0.00116787535823862, 0.0018718559978934094, -5.702412822736268E-4, 0.0016132777674402244, -0.0011874204963278406, 6.936290490948264E-4, -6.215671241050051E-4, -6.146167950006594E-4, -1.922218881030399E-4, -0.001020745057976633, -5.150056368075294E-4, -7.642128114211549E-4, -7.387211108680303E-4, -3.847689031440096E-4, -0.005796443549245481, -0.004903930164806331, -0.005432015781835686, -0.0041779215611493295, -0.005421414080952914, -0.0037547783492066222, -0.004737775999033597, -0.003337666283350534, -0.0037348922560572844, -0.0018798033243433694, -0.0026092257912362867, -9.323751159501511E-4, -0.0015472740972433323, -9.634979360176852E-4, -9.87590478212635E-4, -8.782358368215812E-4, -0.0012129118117343, -9.254690430686532E-4, -0.0014396412532224343, -0.001078795691901205, 0.0011295647954480857, 0.0013120071807142533, 8.010459635097959E-4, 0.0014858822439624362, 8.807232463198071E-4, 0.0017859526871092885, 0.0011573870628707275, 0.0015685779631259534, 0.0012471415881571129, 0.0012595864201082915, 6.526788289148944E-4, 0.0015456375470544442, 6.105842292213363E-4, 0.0020996294569086854, 5.330044726746598E-5, 0.001633730178036714, 2.9366174447172187E-4, 0.001025404219843178, -9.872969862942318E-5, 5.308084398270944E-4, 0.012000995014361327, 0.012246021457572526, 0.00961664967403961, 0.011470570128169344, 0.007957836753723935, 0.009458135948941696, 0.00630039017185593, 0.005978609597689359, 0.0043161763167094604, 0.0034698549401583965, 0.0017939695366825863, 0.003113257250640418, 0.0014959202677323352, 0.0032075195584734626, 4.597152141550922E-4, 0.002523332484636528, 7.434778321627147E-4, 0.00203053094313856, 4.808209463818641E-4, 0.0015339311241082299 ], [ 0.003344694248542736, 0.003392324972651215, 0.005281704509744493, 0.0033338811421600423, 0.0035803443700484347, 0.0024997444495795896, 0.0012922654836931096, 0.002275052021580243, -0.0011693064256549205, 0.0026245130364157807, -0.0017802091292442078, 0.0015709744330393936, -5.660119793864287E-4, 2.496682114527959E-4, 3.5617105218472964E-4, 2.936604282924347E-5, 7.609914196273741E-4, 1.513452300625436E-4, 2.0662204617698352E-4, 6.070385193611774E-4, -0.0055321058620611254, -0.004983049315528109, -0.005314938992384599, -0.004133770709983629, -0.005004291063103596, -0.0033921263447722356, -0.00411841873624126, -0.002758251035397765, -0.003655597844091668, -9.606067085875657E-4, -0.002106250685777293, -4.333372864688881E-4, -9.39122706232884E-4, -7.347118543702083E-4, -7.29858801477215E-4, -6.364561581633486E-4, -7.984603203008099E-4, -4.952746977277305E-4, -0.0012136301600818766, -5.171431257137607E-4, 6.754113374221826E-4, 4.508173032628551E-4, 2.0536651533002297E-4, 8.363141532841863E-4, 6.678891284687927E-4, 0.001875105979814945, 0.0021321035186226286, 0.0024972048665737375, 0.0031693108903161054, 0.0030290443925289107, 0.003235625937381556, 0.0033897001104178748, 0.003604303055258564, 0.004004628971686691, 0.0026972893981445315, 0.003558874395416361, 0.002692340069768194, 0.003461409221593858, 0.002539461213700132, 0.0029914279804389983, 0.010746051752888407, 0.013435185793156387, 0.011570897466907724, 0.01489700809696757, 0.01181732000237708, 0.01425534558450544, 0.01179277192264315, 0.010549333420983633, 0.009441514102775767, 0.007758589387640259, 0.006308337402968705, 0.0065148482055965694, 0.006069494178116321, 0.005983178694130145, 0.004213995521214082, 0.005243990726828251, 0.004241057460223886, 0.005553009301173774, 0.004255196029432892, 0.005286050351834952 ], [ 0.002600534659477981, 0.003450479254700861, 0.0033338811421600423, 0.003464287579357597, 0.0022753543630469214, 0.0023705559864087935, 7.817148422364399E-4, 0.0021199021736489944, -5.652042020933807E-4, 0.0019912693976489666, -0.0010639278107041417, 0.0013064742577303153, -5.598503883193912E-4, 2.6202721959459697E-4, -2.0712078881109406E-4, -2.658792797172891E-4, -4.024149212528016E-4, -1.5388243719086412E-4, -6.370041226579067E-4, 9.25813772815987E-5, -0.004965753808683867, -0.004111818451193772, -0.004792994024405463, -0.003282726473908164, -0.0047997876176184544, -0.002908684715042208, -0.00418657158711794, -0.002620227259892554, -0.0034958802868321585, -0.0013168200065825325, -0.0025938549178877086, -4.6115431986874024E-4, -0.0017921757320651787, -5.457284338327752E-4, -0.0013063628013466376, -6.03594816883017E-4, -0.0013220193991955284, -7.043781197839514E-4, -0.0014925097983087947, -8.466929495675808E-4, 0.001039843948796264, 0.0010984689716308008, 5.627027106895829E-4, 0.0013663082890730993, 7.345049447944091E-4, 0.0018315020829918081, 0.0013721205489307998, 0.001839809310776815, 0.0015591342744467429, 0.0017626914354288187, 0.001026194528634021, 0.0020556469466956784, 9.356524197941813E-4, 0.0024396429295107775, 5.381448576595491E-4, 0.001940439720995764, 8.084802442865599E-4, 0.00128747129464977, 3.836825479326475E-4, 7.97347880879133E-4, 0.009997669426391739, 0.011422331323305685, 0.008631981279022372, 0.011599960688642353, 0.007785248938236623, 0.010082045054637079, 0.006960866999512747, 0.006872079743853839, 0.004948108119127867, 0.0044839412186201116, 0.002300807807457942, 0.003989316781448896, 0.001782924399109976, 0.003816354346840343, 9.772810138682472E-4, 0.0030392941814375335, 0.0013428683618526994, 0.00245581863996348, 0.0010801255321232705, 0.0019430138802848526 ], [ 0.0028526315857955254, 0.0028217370064287975, 0.0035803443700484347, 0.0022753543630469214, 0.0036642453930603993, 0.0013247305446369162, 0.0018629638880733282, 8.766840154096704E-4, -4.049655337890113E-4, 5.93940706318131E-4, -9.568194992743061E-4, -6.461591480154704E-4, -3.468322577946065E-4, -0.001937287783456756, 3.4627357859201406E-4, -0.0019778872666562264, 3.380984806616E-4, -0.0013120466581016607, -2.1584080432979035E-4, -6.371353933860924E-4, -0.005572531529275156, -0.005048201211440137, -0.005050660993106751, -0.004703296672545312, -0.004872371367561929, -0.0041760425361295345, -0.004051263414155591, -0.003432531459148129, -0.002968600331539619, -0.0019784096894047438, -0.0014178216693790935, -0.0014127483801218185, -2.4400633976762377E-4, -0.0015101319659777132, 1.0852937197138085E-4, -0.0014879590816157875, -4.2537538422107154E-4, -0.0011111749709160931, -9.346548280205523E-4, -9.738248827871524E-4, 6.883656975148791E-4, 8.401212668793867E-4, 5.758908350813141E-4, 8.048941581412821E-4, 5.112057075584759E-4, 0.001066580924299328, 4.792527247133874E-4, 9.196533994119672E-4, 7.762291491232231E-4, 6.464589932677729E-4, 7.365424247836362E-4, 9.214942961123759E-4, 0.001240386211687881, 0.0017141471746735086, 5.982782306369332E-4, 0.0015776126482138252, 7.255181893472322E-4, 0.0018213513971068217, 8.514676163539033E-4, 0.001684634529469684, 0.011315234816521306, 0.010341398295878611, 0.009273744812297272, 0.009120442528146174, 0.00739724235155743, 0.007719903300298556, 0.005195852429040482, 0.004918844671808788, 0.003425680469051143, 0.0028478742614487166, 0.0019475116176132048, 0.0024052415871225036, 0.0026484581195991056, 0.0026348154092147814, 0.0014231948563511196, 0.0023847497102656525, 0.001553473971851261, 0.002990107136051351, 0.0017576976164419844, 0.003000021374705916 ], [ 0.001653030116357828, 0.0021243012655421042, 0.0024997444495795896, 0.0023705559864087935, 0.0013247305446369162, 0.0024184369000559962, 1.9883649318334543E-4, 0.002025885870916556, 3.990608853486833E-5, 0.0015921802047242166, 1.1418156404185873E-4, 0.0012585432851594926, 1.740765247725459E-4, 0.0013462272327225513, 4.079512585405392E-4, 9.112365469381928E-4, 4.271164406073906E-4, 7.258741216806085E-4, 3.3381752841255653E-4, 9.277967774001188E-4, -0.0029399973335216614, -0.0022360187471898016, -0.0028391084714086312, -0.0016132417697515243, -0.002839338140739518, -0.0012416244536165673, -0.0025216656869415407, -9.78747564334489E-4, -0.002265110515166648, -2.266764520171251E-4, -0.0017077735013234796, 1.9517867693349982E-4, -0.0015679848618388881, -1.423218816273891E-4, -0.001337293581047554, -3.2191640514574654E-4, -0.0011452429607023045, -5.370146670483926E-4, -0.0011372768543554174, -5.45704702129686E-4, 5.321337829994395E-4, 5.804832693777002E-4, 1.486249692659714E-4, 9.834004224761911E-4, 6.189879960105171E-4, 0.0016957384707163069, 0.0015894923602408832, 0.0025065427323106844, 0.001783333843766127, 0.003091687390882389, 0.0013527780232229338, 0.003287065293635292, 0.001459319161341493, 0.003398435043788555, 0.0016409837614756295, 0.0031753904669444195, 0.0020680317694349248, 0.003075108615105574, 0.0021560012154929415, 0.0026014329057586537, 0.007865122574451072, 0.009894790528478303, 0.008346881467874686, 0.01120971609054647, 0.00886041594459294, 0.010594025177975667, 0.008376044704362264, 0.009003616716156434, 0.005553670205163862, 0.007247765623376738, 0.0027200145157985395, 0.006213823034934854, 0.00223814073021394, 0.005511180997795496, 0.002274149380221294, 0.004881356563268284, 0.00296632431343721, 0.004835758609206342, 0.003307663868551426, 0.004367130412629355 ], [ 0.0013236496170517776, 0.00116787535823862, 0.0012922654836931096, 7.817148422364399E-4, 0.0018629638880733282, 1.9883649318334543E-4, 0.0011874575914896616, -1.1851655246937683E-4, 1.0647137825971148E-4, -3.670663158959327E-4, -1.4930596432477142E-4, -0.0010298767197268622, -6.809635917200864E-5, -0.001780964172676494, 1.616176704109445E-4, -0.0017815534990589642, 9.034455196892547E-5, -0.0011531664869632058, -3.580714929306591E-4, -7.481397085355303E-4, -0.0025996191420348943, -0.0024107069259458346, -0.0023186348409536543, -0.0023950631222260962, -0.002267097038935614, -0.00225250138978092, -0.0018197335408095072, -0.0018853821914967585, -0.0010810718798860723, -0.001306043046177865, -3.332400929158714E-4, -9.897988854980888E-4, 2.1811712048583999E-4, -9.502834738445082E-4, 4.007798953316383E-4, -0.001103277354115667, -1.8426132780767822E-5, -7.308397649880534E-4, -4.0011316913086075E-4, -5.52688045317599E-4, 3.411706209222936E-4, 4.671355117685176E-4, 3.226327107145345E-4, 2.526053046877405E-4, 1.7301983075219973E-5, 9.099846565708518E-5, -5.060159218244917E-4, -3.4242755979232346E-4, -5.629690078532892E-4, -8.059136664557153E-4, -5.068621907189311E-4, -6.59932144817808E-4, -1.5944632428735686E-4, -2.126218729862374E-4, -4.1234149449521023E-4, -1.9069294010618976E-4, -3.3345458840685965E-4, 8.615119295550948E-5, -2.054933108506464E-4, 2.460696515158391E-4, 0.0046052158185440496, 0.003113227352187211, 0.0027450691983670903, 0.0017502326184966094, 0.001180828321644604, 0.001004587239843211, -2.7294631953795267E-4, -1.2161357364052658E-4, -6.210576869403677E-4, -8.17350241491697E-4, -5.438354218145511E-4, -6.09655486142885E-4, 2.387671650743418E-4, -2.3322829555130986E-4, -2.213026691641098E-4, -1.908123609216262E-4, -1.7949107017676327E-4, 2.721047821509105E-4, -6.861940599423542E-5, 4.888869872660775E-4 ], [ 0.0013697196987461375, 0.0018718559978934094, 0.002275052021580243, 0.0021199021736489944, 8.766840154096704E-4, 0.002025885870916556, -1.1851655246937683E-4, 0.0021099715061856155, -4.570052916909726E-4, 0.0021267256956041584, -4.866348762653172E-4, 0.001895512313644922, -7.153715918391197E-5, 0.0016659949564260114, 1.951065982749255E-4, 0.0014257918461167472, 2.4189403072085678E-4, 8.462802968379154E-4, 3.4328635938189083E-4, 8.25119027792421E-4, -0.0023458894774264715, -0.0017872736508938978, -0.0023373489570091698, -0.0011818076004309647, -0.002293096376770131, -8.637324706411331E-4, -0.0020916415960313163, -7.715786664363497E-4, -0.0019903457676597436, -3.297669822605371E-5, -0.0016919697986161886, 4.3118407527224616E-4, -0.0013926463129520115, 1.0032770969832045E-4, -0.0013014663794075243, 3.008811066880769E-4, -0.0010175263860049961, -1.3137256386545123E-4, -8.68458765675135E-4, -3.6009597021212364E-4, 4.7815692054677057E-4, 4.433700601628963E-4, 1.962413005378545E-4, 9.007638645703098E-4, 8.225822717760358E-4, 0.0016146232286862816, 0.002025969526480995, 0.002435610527108441, 0.00247316071788465, 0.0031166857121371237, 0.001992196783708499, 0.003267569251779537, 0.0018591322523517032, 0.0032345729113933087, 0.0017116567006289032, 0.002873747388138466, 0.0018374997346512151, 0.0024484780084111125, 0.0016393236167653404, 0.0018279775493300677, 0.0065825047590937664, 0.009027767676227445, 0.007621469112923227, 0.01059550833421903, 0.008727871227245129, 0.009955092446409288, 0.009239458330286082, 0.008232177719342315, 0.0072015652204239135, 0.006581750407116769, 0.003973339989258114, 0.005675666391035284, 0.002919719524485983, 0.004859331402016427, 0.0024173868289061686, 0.0041810024873493775, 0.002644443088485486, 0.0038008085217639816, 0.002607937421009568, 0.003220385117626223 ], [ -6.565909182640857E-4, -5.702412822736268E-4, -0.0011693064256549205, -5.652042020933807E-4, -4.049655337890113E-4, 3.990608853486833E-5, 1.0647137825971148E-4, -4.570052916909726E-4, 0.0022530101569213945, -0.0016476109857078455, 0.0031205894915883516, -0.0013178577254384623, 0.0017804091525787523, -5.061198766200397E-4, 0.0012445241161001294, -7.202979198041948E-4, 9.736730536597074E-4, -2.6980450379661576E-4, 5.365017156003682E-4, 1.4108947192593613E-4, 0.0011641675281465792, 0.0012633413935264366, 0.0014338626085579152, 8.733656824667971E-4, 0.0014071732290321685, 8.17184118871008E-4, 0.0013432935566512153, 7.131661534836627E-4, 0.0019050530731549943, -6.972581131667744E-5, 0.0015358487763236974, 1.9826880944277055E-4, 6.731099902098321E-4, 1.2994794275121644E-4, 5.688774096658258E-4, -4.995757093713692E-4, 4.1799526308937645E-4, -2.9076250900226836E-4, 1.8237845143107833E-4, 2.9737394749432737E-5, -5.185373135999671E-5, 1.3050278548129294E-4, 3.035968202098801E-5, -5.578943613865242E-5, -2.0808713547403496E-4, -4.340596036901982E-4, -8.122027259606571E-4, -4.699144150039699E-4, -0.0015351044098308251, -3.838994432956714E-4, -0.0018255039162099716, -4.0380193256289E-4, -0.0015184248792824507, -4.90470480176068E-4, -9.060019409986159E-4, -1.3930403438419014E-4, -4.727101471677217E-4, 6.323001893488485E-4, 1.2313071970220663E-4, 8.341526064496221E-4, -6.280296359198548E-4, -0.0020842237285279815, -0.0013236242705295974, -0.0026069889050190117, -0.0016626214353237798, -0.002559516470579444, -0.0022543181995928405, -0.0015203453950702476, -0.0028479511815116786, -6.142066946241891E-4, -0.002670159003865375, -1.9070261150697825E-4, -0.00204824843466922, -1.6436670070158344E-4, -0.001213199357610125, 4.210924827971626E-5, -6.52525950025091E-4, 7.8740665491591E-4, -3.950378648141513E-5, 9.083235636985914E-4 ], [ 0.0013865243468832833, 0.0016132777674402244, 0.0026245130364157807, 0.0019912693976489666, 5.93940706318131E-4, 0.0015921802047242166, -3.670663158959327E-4, 0.0021267256956041584, -0.0016476109857078455, 0.0031228433617510485, -0.0020737211535773324, 0.0029213508078343837, -9.13535232841984E-4, 0.002139704796959091, -4.6279160339907164E-4, 0.0020542130389153783, -1.0607200141470204E-4, 0.001202667725598007, 5.3673562929102E-5, 8.371902091979316E-4, -0.001738806811473237, -0.0014824285743554994, -0.0020694851324352553, -7.236782266039723E-4, -0.0019683469463523556, -4.923693761859462E-4, -0.0017654010529149769, -5.330435546668732E-4, -0.002163980076096734, 3.957240809911585E-4, -0.001949883346263484, 6.732859369731624E-4, -0.001341708484917766, 4.0060000129148475E-4, -0.001390250449797725, 8.56328815563132E-4, -9.364248140830348E-4, 3.816118821263866E-4, -7.313767489721716E-4, -4.950962512870484E-6, 3.442697115839964E-4, 2.566891518619881E-5, -4.2205927357453165E-5, 5.261972317312358E-4, 6.515218918359544E-4, 0.0014012618471567306, 0.002317530852053111, 0.0021686739623841336, 0.003324024247542898, 0.0028611423436990745, 0.003199781263825719, 0.0030311950304823332, 0.0028901932391354507, 0.0029030022627572678, 0.0023064650789951153, 0.002325603644103797, 0.0020188720476749305, 0.0015006676401005748, 0.0013980189135580443, 9.191644569062577E-4, 0.0031946401058992394, 0.007074420641065721, 0.005452092300239559, 0.00949346444038849, 0.007417269146840979, 0.009404863610141156, 0.009517317741347479, 0.007375437556682898, 0.008767943254178727, 0.005703435604221701, 0.005839879891836638, 0.004859630751341508, 0.004391308638641336, 0.003940931011414116, 0.003215923065273958, 0.003188486548876253, 0.0028536797761308285, 0.0024406260387846296, 0.0023012654254974067, 0.001961033623716317 ], [ -0.001188997829060344, -0.0011874204963278406, -0.0017802091292442078, -0.0010639278107041417, -9.568194992743061E-4, 1.1418156404185873E-4, -1.4930596432477142E-4, -4.866348762653172E-4, 0.0031205894915883516, -0.0020737211535773324, 0.004476764243128419, -0.0014878352132014763, 0.0026134610466815133, -9.198078813375864E-5, 0.0018515287555402834, -3.242486729967911E-4, 0.0015856368807805935, 5.0607818542983555E-5, 0.001073411478467014, 5.215242106920363E-4, 0.0023327139786924, 0.0024099652684870425, 0.002624248302539622, 0.001854497132203566, 0.0025979305842885082, 0.001769087105465896, 0.0023964086055232384, 0.0015712054844337685, 0.0029676651330606844, 3.521299388858695E-4, 0.002285908546756421, 6.086500139143173E-4, 9.273845727941371E-4, 4.019536413035877E-4, 6.58052687534058E-4, -4.13230179934869E-4, 5.77664643750767E-4, -2.460478722500598E-4, 3.5862889901074876E-4, 1.7308083277097681E-4, -2.3019457065344073E-4, -2.1296633690791593E-5, -9.944495579060152E-5, -1.8854404476619077E-4, -2.460118477302691E-4, -5.673765191991058E-4, -8.043061105042272E-4, -2.7814471863320505E-4, -0.0016819352609173663, 1.353074216618819E-4, -0.0020696729772955898, 8.302315523489878E-5, -0.0016432146137887412, -1.791841249750213E-4, -6.872619734330047E-4, 3.286435032153188E-4, -1.1293305147584037E-4, 0.001461343982351318, 7.868840333564143E-4, 0.0016820566298860785, -0.0017069829895456493, -0.0031278979775571265, -0.0017558314084940591, -0.0032187438433282376, -0.0014713946785334486, -0.0028493567809783436, -0.001792944320606562, -0.0010077102117559546, -0.002776895119424283, 3.657277049921846E-4, -0.0028929650880756006, 7.505170996417946E-4, -0.002235822144722082, 5.017104157676678E-4, -9.65916963260904E-4, 7.671696343131266E-4, -1.965910116089333E-4, 0.001860161295161041, 7.441612273518302E-4, 0.0019925137692653316 ], [ 3.8873395693184273E-4, 6.936290490948264E-4, 0.0015709744330393936, 0.0013064742577303153, -6.461591480154704E-4, 0.0012585432851594926, -0.0010298767197268622, 0.001895512313644922, -0.0013178577254384623, 0.0029213508078343837, -0.0014878352132014763, 0.0032264834776654545, -6.002157899078045E-4, 0.0029484335452109166, -3.8884346469904475E-4, 0.002803155592971687, -1.4853113806195372E-5, 0.0017789531548191768, 2.4867240717952433E-4, 0.001255883468330333, 2.756647006017212E-4, 3.4248291159921936E-4, -1.9933498309129567E-4, 9.943181262492455E-4, -1.1089575877803385E-4, 0.0011099406149581764, -1.6329153227992227E-4, 7.952739955412144E-4, -9.51071169625454E-4, 0.0011903122039617065, -0.0012649918879971663, 0.0012939697078160751, -0.0011497314013360653, 0.0010642275934451765, -0.0013340456165046, 0.0014377951871746971, -6.757954520233933E-4, 8.799433047465303E-4, -3.576444920818745E-4, 4.718494066643677E-4, 9.755645836035543E-5, -3.2435371392535133E-4, -2.8497464998664156E-4, 2.1770971220397815E-4, 4.3917268918833904E-4, 0.0010581175291491354, 0.0022517382287546355, 0.0019031332775430241, 0.003168130606024621, 0.002794262789880855, 0.0030670126333335714, 0.002868685491912021, 0.00259832534763055, 0.0024797292481288443, 0.0021895458054658435, 0.0019561045306726835, 0.0018835007290351198, 0.0011018660757098598, 0.0012379970091251392, 5.492157086133518E-4, -9.610522381218872E-4, 0.0035448861342449556, 0.0022898990217023406, 0.006655118193969408, 0.005039871727489917, 0.007194049271397662, 0.008116663579506661, 0.0060146560097587435, 0.007893326890718217, 0.0051065316803501105, 0.005419172397826043, 0.004352669864083179, 0.0037095851143250152, 0.003344557626247918, 0.0028585809128457073, 0.002657051507677302, 0.002491853484216492, 0.0017670621155672615, 0.0018975031920059776, 0.001259694617229013 ], [ -5.573530133009678E-4, -6.215671241050051E-4, -5.660119793864287E-4, -5.598503883193912E-4, -3.468322577946065E-4, 1.740765247725459E-4, -6.809635917200864E-5, -7.153715918391197E-5, 0.0017804091525787523, -9.13535232841984E-4, 0.0026134610466815133, -6.002157899078045E-4, 0.0017369123135224927, 2.0006964152673767E-4, 0.0013028959244528809, 1.8704900373875486E-4, 0.001269179438680961, 2.560933691156955E-4, 9.686620034946032E-4, 5.438613040964989E-4, 0.0013332735086184007, 0.0013311298315230606, 0.0015278852458944256, 0.0010420169914265528, 0.001589225287227625, 0.0011147441145150146, 0.0014705002328867828, 0.0010275528521073627, 0.0017900151373154314, 3.9607288056504696E-4, 0.0014790962020345918, 5.308961901430698E-4, 7.130022272202785E-4, 3.2046960663451984E-4, 4.5037953537742424E-4, -8.289950264717745E-6, 4.310337469354948E-4, 1.3411918800307034E-5, 3.110988086707717E-4, 2.006442587411505E-4, -2.0841670766645883E-4, -1.4667172981243983E-4, -9.595011914594398E-5, -1.5288395844104233E-4, 1.5035016787521345E-5, -1.9509466843032914E-4, 1.4093440973805013E-5, 2.421252296724314E-4, -2.8971444032320595E-4, 7.382553793130661E-4, -4.807677312186317E-4, 7.29324071242747E-4, -1.5439926107496693E-4, 6.050561387481244E-4, 2.20205531486876E-4, 8.479990354816428E-4, 4.5491643715832476E-4, 0.0015630763462212663, 0.0010275391867246274, 0.0015788866629284424, -4.929211751822243E-4, -8.069645640332506E-4, 1.798324693587708E-4, -3.7965252899464634E-4, 8.337238470579399E-4, -5.212015072220431E-5, 0.0010358841215177069, 7.84237927678917E-4, 3.4377595206872935E-4, 0.0014287709435562663, -1.6734234912537792E-4, 0.0014916939387063415, 1.279469605267818E-4, 0.0012213426592329983, 3.907548525177443E-4, 0.0012843067695796923, 6.863749046254911E-4, 0.0020495402839118453, 0.0012832965249986877, 0.002076114956199252 ], [ -8.417754817715038E-4, -6.146167950006594E-4, 2.496682114527959E-4, 2.6202721959459697E-4, -0.001937287783456756, 0.0013462272327225513, -0.001780964172676494, 0.0016659949564260114, -5.061198766200397E-4, 0.002139704796959091, -9.198078813375864E-5, 0.0029484335452109166, 2.0006964152673767E-4, 0.004223698519612899, 4.3749217027190684E-5, 0.004068559133927945, 5.022182230974915E-4, 0.0028160545502600724, 0.0010946275520519317, 0.0022217249454306947, 0.002521468479761696, 0.0025163201793410206, 0.001990847466664366, 0.003007773621662499, 0.0019830051532827614, 0.0031142920858980823, 0.001496378271095519, 0.002748350186609448, 2.0996643401376055E-4, 0.0024307342977135022, -4.8045359672516753E-4, 0.0019822904667376644, -0.001257937284441417, 0.0015909654058718953, -0.0015496392320362522, 0.001770875847017184, -6.502930596915868E-4, 0.0010395295567358054, -4.588814869288554E-5, 7.495303161524742E-4, -3.9784579442749685E-4, -7.444279902098122E-4, -6.930646915044206E-4, -3.833772398878633E-5, 2.9426997768266654E-4, 9.935415411499715E-4, 0.0022625334236887427, 0.0025793545147286467, 0.002871471803962024, 0.003996951276534889, 0.002799777320121778, 0.003945066179749341, 0.002476650156277341, 0.003319650675597385, 0.002854299606555299, 0.003074801718361243, 0.002861020777283924, 0.002665361064234663, 0.0027679211516096207, 0.0021099856212544975, -0.0032971105289005508, 0.0016196308742065589, 0.0013479017805564635, 0.005657745523178021, 0.005041370676798006, 0.0070342084358854225, 0.007832726363757057, 0.007716058817636299, 0.006619192189810345, 0.007529188525207152, 0.004601288255985728, 0.0062627250340350285, 0.0030889017696634725, 0.005000129534906522, 0.0034160458029851085, 0.00442811739916747, 0.0036156544938322215, 0.003855564395832562, 0.003728080423425175, 0.0032992677680552134 ], [ -6.211416854411596E-5, -1.922218881030399E-4, 3.5617105218472964E-4, -2.0712078881109406E-4, 3.4627357859201406E-4, 4.079512585405392E-4, 1.616176704109445E-4, 1.951065982749255E-4, 0.0012445241161001294, -4.6279160339907164E-4, 0.0018515287555402834, -3.8884346469904475E-4, 0.0013028959244528809, 4.3749217027190684E-5, 0.0013050836813968912, 3.900560281634992E-5, 0.0013418435062653453, 1.1582327904518136E-4, 0.0010091314848255496, 5.119953596088231E-4, 2.609425171824779E-4, 2.883223690785983E-4, 5.538933870933385E-4, 6.671059668001366E-5, 7.317667405155948E-4, 2.953097955488759E-4, 7.956214798284218E-4, 3.7424546253362137E-4, 0.001099192598468772, 1.4910630596152766E-4, 0.0011121987636155749, 2.990900655161173E-4, 7.4334250310631E-4, 7.60301761790753E-5, 5.266781802261776E-4, -1.118299161531457E-4, 4.5603382108749715E-4, -1.820345978467591E-5, 2.5980505408944126E-4, 1.599413618456359E-4, -1.4356672905099983E-4, -1.2936692117661118E-4, -3.742160961542161E-5, -7.914585292772815E-5, 1.3221941025091998E-4, 5.890539711098921E-5, 3.80236242328333E-4, 5.378520592553642E-4, 3.656671626023253E-4, 0.001128193208546432, 2.4295314044705342E-4, 0.0011195335414776154, 5.60160749068949E-4, 0.0011142603355623949, 6.606675894044336E-4, 0.0013411851717077276, 8.256538225963841E-4, 0.0020411574720050223, 0.0013205658688665346, 0.001966564805893756, 0.0015299569392849903, 0.0014185256186914532, 0.002386137867656386, 0.0019214718782255718, 0.0029929987708169122, 0.0021445590377183223, 0.0031054112909504727, 0.0023689627547292384, 0.0020666038559965507, 0.0025920481947117662, 0.0010092785913121058, 0.0022811578988617826, 0.001140295345521256, 0.001917269841291735, 0.0010822938628663832, 0.0019832104134879674, 0.0013150937614171973, 0.002822701651973082, 0.0018435020812278924, 0.002807050770212363 ], [ -0.0010341012767980334, -0.001020745057976633, 2.936604282924347E-5, -2.658792797172891E-4, -0.0019778872666562264, 9.112365469381928E-4, -0.0017815534990589642, 0.0014257918461167472, -7.202979198041948E-4, 0.0020542130389153783, -3.242486729967911E-4, 0.002803155592971687, 1.8704900373875486E-4, 0.004068559133927945, 3.900560281634992E-5, 0.0041926505962737405, 5.773797520470932E-4, 0.002762072749315665, 0.001314227981886326, 0.002095569743807455, 0.002878896007408541, 0.0027280576062470177, 0.0023595830448093196, 0.003101024163553216, 0.002379901907195024, 0.0032122051910329075, 0.001794324821217036, 0.002877101844455874, 4.658590239756041E-4, 0.002532435443178266, -2.2652030373007334E-4, 0.0019451307410808128, -9.154726828715317E-4, 0.001505838771449667, -0.001323599104700289, 0.0019541210263758833, -4.6487076487494933E-4, 0.0011327371180315689, 2.2715328577821187E-4, 7.717010162806767E-4, -5.730840162281472E-4, -9.034118091731102E-4, -6.958122736227919E-4, -2.0103557930330386E-4, 4.079129063385451E-4, 8.289942714989837E-4, 0.0023589740497478267, 0.0025466077880639355, 0.0030978673013229165, 0.004030242982349518, 0.003105893792504484, 0.003945993115555524, 0.002830294742399419, 0.003320965617568873, 0.0030867270315860862, 0.0030957446394265435, 0.002924988312320876, 0.0027465556409528693, 0.002892597707867892, 0.002166089991621738, -0.003527420795385297, 0.0010760287671100642, 0.0013830496135670664, 0.00499849176807411, 0.00526944263762871, 0.00641162448755796, 0.008103217535892788, 0.00735649365759479, 0.007182998831032451, 0.007285084739565278, 0.005241397430316004, 0.006024064384521308, 0.0037538925840704734, 0.004763601260925136, 0.00380764031033078, 0.004268166855694025, 0.0037516376027348, 0.0038035227362884293, 0.003883714181585463, 0.003287340422770744 ], [ -2.4751576577989936E-5, -5.150056368075294E-4, 7.609914196273741E-4, -4.024149212528016E-4, 3.380984806616E-4, 4.271164406073906E-4, 9.034455196892547E-5, 2.4189403072085678E-4, 9.736730536597074E-4, -1.0607200141470204E-4, 0.0015856368807805935, -1.4853113806195372E-5, 0.001269179438680961, 5.022182230974915E-4, 0.0013418435062653453, 5.773797520470932E-4, 0.0016817353832526507, 5.703130132438519E-4, 0.0012646169564222319, 8.886951745093508E-4, 7.897794372840693E-4, 6.463815073536861E-4, 9.198637298956118E-4, 4.81640344523741E-4, 0.0011549984278488858, 7.428940933146335E-4, 0.0012284038605058483, 8.458067995515621E-4, 0.0012310786971543412, 6.449985658823412E-4, 0.0012935527320932529, 5.651806159590912E-4, 8.72289564518902E-4, 2.487136966358164E-4, 5.083138747933441E-4, 2.903904366965797E-5, 5.452784987885286E-4, 1.6771945612710574E-4, 3.2935672011440755E-4, 3.920117905332151E-4, -3.6071530975018243E-4, -5.11480265425222E-4, -3.3603305991305944E-4, -3.9895474487081447E-4, -4.48031787793462E-5, -1.751717276823471E-5, 5.986231715809766E-4, 7.658261626756837E-4, 9.069663270691411E-4, 0.0016140391659010605, 0.0010807532894328352, 0.0016382095149523157, 0.001540369255079109, 0.001598082804143436, 0.0016095281605741424, 0.0018184219035187194, 0.0016732013893686597, 0.002662599959789784, 0.002240063734160947, 0.0026582081691272075, -1.0923034789823483E-4, 8.184054251667554E-4, 0.0020167677171871266, 0.0022352546277921237, 0.003439668736070848, 0.0031027218807231985, 0.004303774369220222, 0.003497910378887712, 0.003366341209969764, 0.003734124457364072, 0.0023880837401598623, 0.003198577309284221, 0.0025853669494162192, 0.0026095179230973876, 0.0023662028213612095, 0.002652474632893527, 0.002488845757354373, 0.0037097991646126687, 0.003099170541938607, 0.0038292646554892633 ], [ -6.873969667350497E-4, -7.642128114211549E-4, 1.513452300625436E-4, -1.5388243719086412E-4, -0.0013120466581016607, 7.258741216806085E-4, -0.0011531664869632058, 8.462802968379154E-4, -2.6980450379661576E-4, 0.001202667725598007, 5.0607818542983555E-5, 0.0017789531548191768, 2.560933691156955E-4, 0.0028160545502600724, 1.1582327904518136E-4, 0.002762072749315665, 5.703130132438519E-4, 0.002027405801572482, 8.85360508856111E-4, 0.0016510091610773853, 0.0021804756612706726, 0.002037835562570254, 0.0017805953207657215, 0.002320227233017924, 0.0018004602778157047, 0.002408926552578075, 0.0014607055252455494, 0.002201738707393469, 4.6506982197867114E-4, 0.0018957915000601005, 5.862730504973309E-5, 0.0013938426257594258, -5.858635153083752E-4, 0.0011247979688263393, -8.469295893598989E-4, 0.0011490762543447525, -2.4583357545494345E-4, 7.689468282510546E-4, 1.0583410411289763E-4, 6.612082206180479E-4, -4.4766835947093064E-4, -7.447134961719125E-4, -6.541701099519533E-4, -2.9366022667516324E-4, -1.4645019134443968E-5, 4.4852508609001914E-4, 0.0013346802104151419, 0.0015910119636144522, 0.0017960890436091409, 0.0025978714809628692, 0.0019725098077364926, 0.002567021186469702, 0.0019086570023981897, 0.002182090939469574, 0.002203417703069841, 0.002084928499643975, 0.002195257642348284, 0.002016704800623155, 0.0022738255312221736, 0.0017675009307026785, -0.003590816179052809, -1.3773143066037592E-4, -5.286737290251492E-6, 0.002823446342107405, 0.002646820489253881, 0.004179199383936345, 0.004629342316405688, 0.00495112926805924, 0.003952089295731543, 0.005029700351721319, 0.0031573601046043943, 0.004140888672522068, 0.0024471763321214455, 0.0033365790699705776, 0.002674422200645402, 0.0030268122812874437, 0.0028056990714422562, 0.002887918465762849, 0.0030286389482188534, 0.0026635083448208734 ], [ -4.764779711519332E-4, -7.387211108680303E-4, 2.0662204617698352E-4, -6.370041226579067E-4, -2.1584080432979035E-4, 3.3381752841255653E-4, -3.580714929306591E-4, 3.4328635938189083E-4, 5.365017156003682E-4, 5.3673562929102E-5, 0.001073411478467014, 2.4867240717952433E-4, 9.686620034946032E-4, 0.0010946275520519317, 0.0010091314848255496, 0.001314227981886326, 0.0012646169564222319, 8.85360508856111E-4, 0.0013799685651090924, 9.9522681872488E-4, 0.0011207662958720684, 0.0010080692834480952, 0.0012499677865208667, 8.623599057465205E-4, 0.0014169837315012885, 0.0011311122831224921, 0.0012260140630331639, 0.0012053937215619516, 9.803299025075234E-4, 9.58985502978269E-4, 9.155572853800272E-4, 6.832915056090791E-4, 5.019519995236332E-4, 3.549955223356722E-4, 1.8838450286260704E-4, 5.214299228276882E-4, 3.3904639975554124E-4, 3.24774838788071E-4, 4.6237592535615206E-4, 3.4257822949632446E-4, -4.458005181617523E-4, -4.945439672574048E-4, -2.6383700520701294E-4, -2.309195350623599E-4, 2.808018373840571E-4, 2.337922200456229E-4, 0.0010243204982316788, 0.0012579448460559666, 0.0012999727960589036, 0.0022103408085307526, 0.0013169811863196317, 0.002137261614684757, 0.0015593014158757433, 0.0020119290705731857, 0.0016844567181213646, 0.002187894230266043, 0.0017067310924957233, 0.002741027076205401, 0.0022061486986514373, 0.0024969917143974297, 5.267020936826725E-4, 0.0014658913567645072, 0.00280626940042515, 0.002877307596650951, 0.00439928601698836, 0.0035356754641089234, 0.00494113857856749, 0.004261720963002832, 0.0037751621530693795, 0.00444477802820277, 0.00261260265950216, 0.003649306653696953, 0.0024184799361061183, 0.003052212911091737, 0.0023362800018064604, 0.003053808825481524, 0.0024410032106846782, 0.003716400443446513, 0.0030249694141454187, 0.0035814052207306544 ], [ -3.428420331423609E-4, -3.847689031440096E-4, 6.070385193611774E-4, 9.25813772815987E-5, -6.371353933860924E-4, 9.277967774001188E-4, -7.481397085355303E-4, 8.25119027792421E-4, 1.4108947192593613E-4, 8.371902091979316E-4, 5.215242106920363E-4, 0.001255883468330333, 5.438613040964989E-4, 0.0022217249454306947, 5.119953596088231E-4, 0.002095569743807455, 8.886951745093508E-4, 0.0016510091610773853, 9.9522681872488E-4, 0.0015595455229684785, 0.0013287996905449243, 0.00128282831926749, 0.001151428082531677, 0.0015052596572933472, 0.0012395084394684884, 0.0017268108856734383, 0.0010633544631189445, 0.0016673206040323557, 3.7593433506797534E-4, 0.0014806219707371201, 2.335614703905757E-4, 0.001113034148808869, -3.443151967614023E-4, 8.496111401168337E-4, -5.405812025405636E-4, 7.45889309253585E-4, -1.0445936428639738E-4, 5.398572756347771E-4, 6.31569578925857E-5, 5.473623148365983E-4, -3.4999960025870676E-4, -5.849318833282057E-4, -5.325033731850123E-4, -1.8627923903125654E-4, 1.0844422398289204E-5, 5.195076298614646E-4, 0.0012113809919291677, 0.0015722282009294547, 0.0015709825066700755, 0.002549923495580043, 0.0017025128279719525, 0.002537458790336673, 0.0017893063186274888, 0.0023208783501749205, 0.0020406145208262685, 0.002315917709955171, 0.0021542705597011242, 0.0025019533633005592, 0.0023938926594858833, 0.0022709875496523205, -0.0015241225890518803, 0.0012830988538724934, 0.0015100635394309943, 0.003817884913550886, 0.003611385056841215, 0.004950835972343026, 0.004943467687696042, 0.005397212629489534, 0.003776481479404117, 0.005346720221958414, 0.0028445389295433236, 0.004395431640183601, 0.002415075466771765, 0.0037014478216928584, 0.0025759411568168668, 0.003450194156001635, 0.002871671923657984, 0.00363646654461577, 0.0032741086210431084, 0.003436622438888554 ], [ -0.004870845559998252, -0.005796443549245481, -0.0055321058620611254, -0.004965753808683867, -0.005572531529275156, -0.0029399973335216614, -0.0025996191420348943, -0.0023458894774264715, 0.0011641675281465792, -0.001738806811473237, 0.0023327139786924, 2.756647006017212E-4, 0.0013332735086184007, 0.002521468479761696, 2.609425171824779E-4, 0.002878896007408541, 7.897794372840693E-4, 0.0021804756612706726, 0.0011207662958720684, 0.0013287996905449243, 0.010537866033021417, 0.009131096989959158, 0.009678654723427091, 0.008235483124111109, 0.009628801878318868, 0.00748548077284081, 0.008401215441749193, 0.006403572992011152, 0.006497948156103666, 0.0037749602461959746, 0.004158348609577185, 0.0024486775557182308, 0.002005205480671208, 0.002518787654764968, 0.001026060591736087, 0.002228172179878035, 0.0017525978241126746, 0.0020885154374973487, 0.002202434498758782, 0.002184696717827495, -0.0017160005913925567, -0.0022276826451227976, -0.0014594341795806673, -0.0023303025348532878, -0.0014473563550063463, -0.0026658826286819815, -0.0012713672511612234, -0.0022193482155045247, -0.0013817816019998227, -0.0014578989897988564, -5.966209009147124E-4, -0.0018804786554017818, -8.236079423333729E-4, -0.0030530673259966997, 5.3259295272308556E-5, -0.0025610921834978767, -3.5359860112213395E-4, -0.0020352478647255347, -6.387949332735952E-5, -0.0013948498696660836, -0.02252393500390199, -0.020807177743558617, -0.017493429543893577, -0.018104387220014704, -0.013660096229415636, -0.01446973143725765, -0.009151343990245996, -0.009177241325074867, -0.005532071470605781, -0.005017298874158814, -0.00195513493683205, -0.00427389303843417, -0.002176010095263744, -0.0046705457996410946, -6.993570972170396E-4, -0.00392868535410717, -0.0012071706957903878, -0.0037228898093529463, -0.001124118347906844, -0.0031621863538780813 ], [ -0.004285768326154505, -0.004903930164806331, -0.004983049315528109, -0.004111818451193772, -0.005