{
  "weights" : [ 0.6509029578421117, 0.6585505952714024, 0.6738238700522584, 0.6710290608238584, 0.6865805949029951, 0.6855520662037146, 0.6879227689108122, 0.6836277668873288, 0.6950040975783508, 0.6521609536166646, 0.7130112661501108, 0.6194719325063629, 0.6955727722014851, 0.6256166165536597, 0.6717038666223591, 0.6120960784283316, 0.6715509997527878, 0.6005322535271921, 0.6670667823492042, 0.6166093348972118, 0.21469365480842648, 0.2205867061910744, 0.25520563730761103, 0.23812546999622977, 0.31617300696925243, 0.30146500015810884, 0.40255585655070775, 0.422616549742605, 0.46116391035730747, 0.5368536932890786, 0.48333647725999934, 0.5583527405604353, 0.5175590505074941, 0.5407749508597341, 0.528851467478011, 0.5668017295232731, 0.5231867256421742, 0.5692939582100314, 0.5295961450293514, 0.563650739291314, 0.6205258293092457, 0.6069046293960765, 0.5978417669930474, 0.5825393175432443, 0.5649806479689342, 0.5409429824186207, 0.49713031367315125, 0.46444933148200224, 0.4008718472726638, 0.3518420106662973, 0.34997739185058463, 0.3215187199527787, 0.37380194506734704, 0.31731329307375644, 0.3613822742755868, 0.3082689405614, 0.35559272370811423, 0.32311031203699503, 0.3430228095819046, 0.3400048551636252, 0.06521848590800998, 0.029192192769856948, 0.04806619612514023, -0.024146292365912606, 0.0034819802347071382, -0.07056270286971267, -0.10033912346361668, -0.14944791524387563, -0.21096804457728302, -0.2099803527052947, -0.27696745914036264, -0.19845793528670627, -0.2724216393879343, -0.224547128346799, -0.2752997393235115, -0.24799119418221738, -0.26776490472397163, -0.26339042606615537, -0.2565493412942263, -0.26280875072686904, 0.725412732869414, 0.684858311790996, 0.6750017439326405, 0.6074034950868938, 0.5875676776282999, 0.48556105665954363, 0.42401121383318485, 0.3181457974131253, 0.24851285236893064, 0.13026996023316312, 0.09720618169351308, 0.03946254897859238, 0.035856374626628065, 0.023293949683950082, 0.031511222609074845, 0.011820432253757876, 0.03177621595755331, 0.007342987948117318, 0.026070033720190997, 0.011419957530399035, 0.5853917453638469, 0.5970681841419783, 0.6054658767627286, 0.593689109526496, 0.6066164631008244, 0.5734775765771085, 0.5629894503254977, 0.5220873622885358, 0.46577414384803145, 0.4023325924917146, 0.3284313644435397, 0.25805300473741927, 0.21319753572586997, 0.18378441560055772, 0.15909210714976862, 0.15077686178395414, 0.136707222304767, 0.1435904226585918, 0.135787817269988, 0.15704983841717796, -0.47476291157774203, -0.45726258832619965, -0.47181161217800077, -0.4340840155611661, -0.45875906608105965, -0.4005355124709033, -0.40745511136359536, -0.3492732525262705, -0.3219601964049381, -0.24221862554534665, -0.1871728195085654, -0.1088213093896298, -0.07687992730134387, -0.05737939443225801, -0.05357529293584852, -0.06033632940745881, -0.05673387780641523, -0.055729012650829524, -0.06601308802380994, -0.060773174406934985 ],
  "covariance" : [ [ 0.024908964558836708, 0.023191642188670616, 0.024733745148801087, 0.020545877320057738, 0.022993159037845535, 0.015805788653129732, 0.019887805149647123, 0.009037679048478912, 0.011642848044758932, 0.0032617295355675414, 0.006591762888108899, 0.004235521893518019, 0.0013775608233252035, 0.004593038869010161, -0.0027130965577535273, 0.0069555665391219405, -0.0044724103911406585, 0.006927564231353377, -6.914278949823123E-4, 0.0042018659925931465, -0.021332926515587738, -0.021390272720439137, -0.0197296174940947, -0.021348817711473535, -0.017267840642104168, -0.018828427565141786, -0.016844984218988692, -0.013899409587591978, -0.01102764136659806, -0.009956877813161418, -0.007310889375736663, -0.012767169045588701, -0.0053386025883984415, -0.014663191184660973, -0.005284169144549473, -0.015380545307005413, -0.0036372128083798127, -0.01597111619822415, -0.008015688998937264, -0.012329560391468316, -0.012625473233152348, -0.011377295066610886, -0.01174356051677041, -0.009195617025918722, -0.011031695770745878, -0.0041150750411893125, -0.006639746761347633, 3.42165721355172E-4, -0.00120827253616213, 0.005167465523809696, 0.0016502205886501174, 0.00904323396783535, 0.005947479991292292, 0.011690982021205542, 0.011893002679374522, 0.010649274754786693, 0.010793327534458724, 0.01241807025882233, 0.010302651468020793, 0.012066381830735867, -0.00635934107008197, -0.0050431659628034755, -0.009457180434873848, -0.005146373243217772, -0.009526897725926485, -0.008261829602109635, -0.00914861260107287, -0.00795798451214547, -0.007652872515506816, -0.008821926199467646, -0.0040958193587741, -0.006902675885906397, 0.0021202112602987638, -0.003328683862690243, 0.0014426667645637149, -0.0010693350599822657, 0.0018024511532165857, -0.0010867012958981543, 2.7569017353146034E-4, -2.196499658936649E-4, 0.028888938243541367, 0.029017477433546286, 0.025377577730030295, 0.028310211449362164, 0.023347963121217348, 0.02439389530757595, 0.02151222808252291, 0.019071676036553183, 0.015243855744251909, 0.012892690437654923, 0.0065136497047989005, 0.009255783432126208, 0.005311849235376472, 0.007277432817572422, 0.004603283505038423, 0.008083998293116323, 0.004032981974859405, 0.008380250312673691, 0.005485671950931918, 0.00785662128295559, 0.003312817311867874, 0.004481132490823261, 0.004582658224058573, 0.005885481312594455, 0.006131671200011792, 0.010061408278204863, 0.0093177116523638, 0.01193530029702226, 0.009277309547440844, 0.009923335602203884, 0.0015341397135866575, 0.0030257278394004365, -0.003351348109029705, -0.0016631260233274476, -0.00249965634418909, -0.001871469581574475, -6.02128244276579E-4, -3.010040317672977E-4, 3.46381889152164E-4, 0.001266970099580883, 0.02377839601847961, 0.022694101423188118, 0.024359658978732487, 0.020823739755020308, 0.02273159110265259, 0.018395687206965675, 0.016809002421623098, 0.012978246347356972, 0.008162333291326025, 0.004226799619094005, 0.005903735163748488, 0.0031679756469829025, 0.0015316616286770773, 4.7298744463821185E-4, 0.001464300687809607, 0.001111624062684611, 0.0016550684805948762, 0.0028626397399672673, 0.0025027102006219336, 0.003228861138330585 ], [ 0.023191642188670616, 0.023011104341750185, 0.02259069970691592, 0.021080960837796925, 0.020988064897504585, 0.016711317301889298, 0.017859083728743123, 0.010500537589881271, 0.009464943644642898, 0.005498508304157162, 0.0036202581876499567, 0.005958347331813148, -6.755589596545725E-6, 0.004528546688209855, -0.0029942757244325966, 0.006344803150419815, -0.004364594951621978, 0.006560787078820842, -7.404720044327939E-4, 0.0041284514109194296, -0.022813717046497695, -0.022920728341539933, -0.020680153940694695, -0.022395766502867565, -0.017679710071987712, -0.02125764163917096, -0.014087678086049235, -0.019815535418461067, -0.0056487139686372, -0.01688369588784865, -0.0014566010785383578, -0.017710268066985994, -0.0026934223116667124, -0.015551723151681216, -0.005297302764409539, -0.015521202376452834, -0.004318393668823623, -0.01542661006924267, -0.008753947139058277, -0.01255027429639578, -0.010973506242629575, -0.010852864876360006, -0.00986046938067095, -0.009305304728061667, -0.009392006648536696, -0.004723146760494327, -0.005499020207515437, -4.044089774247511E-4, -9.385550177900945E-4, 0.004295956055687924, 0.0012713869808616501, 0.00747888038492069, 0.0045509475192017845, 0.010044991158002682, 0.010580202978935097, 0.009105571435643407, 0.009284105976269514, 0.011441336405024299, 0.008643240091307043, 0.011114823999774552, -0.0051577981988215555, -0.0053137814067128, -0.009160298284012033, -0.00601033713508792, -0.009845027043158492, -0.009874139243517438, -0.008670669108025155, -0.011409601118703525, -0.006404097596614002, -0.012639594201479358, -0.003459612872051309, -0.011931145688425968, 0.001138940546813323, -0.006402754990884033, -5.16485793165068E-4, -0.003851204554531122, -3.861194463173612E-4, -0.003147878850528433, -0.0020757003856695473, -0.002265496879387263, 0.029198516363148935, 0.02713543490416801, 0.025016304165196082, 0.02566784671483838, 0.021898178259837326, 0.021728218499105334, 0.019125139900400646, 0.01752417656644852, 0.012944765754109359, 0.013169353764001494, 0.005194864694670492, 0.009517393866235506, 0.00461797441591272, 0.0067803724165677376, 0.004551369453354633, 0.0076221036186536915, 0.0040442591059201205, 0.007859723884571105, 0.005486610291708914, 0.007571258198904765, 0.0024890416114011623, 0.004313590974637017, 0.004803877308492698, 0.00605174713857399, 0.006672476986801456, 0.009656042003132312, 0.009329978677830636, 0.010629314325149429, 0.008791655764005906, 0.008201454077937832, 0.001690524970896994, 0.0023691991547235775, -0.0036151997458757934, -0.0016568100538885628, -0.0031632869966945663, -0.0016450556590829075, -0.0012109380413465824, 3.644381382522123E-5, -7.462195734011959E-5, 0.001593239722111787, 0.022836093607453402, 0.022165582722176082, 0.023731339991305958, 0.02062567029572998, 0.02228795128538163, 0.01880721173020664, 0.01663650103965496, 0.014217276522079943, 0.008235183432571888, 0.005175023330443799, 0.005411853796042018, 0.003140197804881044, 0.0015902289559821532, 5.974317322421733E-4, 0.0018493163413802346, 0.0013363674811227159, 0.0020966633633732216, 0.0029555009178652385, 0.002858065133311335, 0.003415981355383129 ], [ 0.024733745148801087, 0.02259069970691592, 0.02630140795381033, 0.01975508312962847, 0.024845302887281123, 0.015578560773258943, 0.021280445228477548, 0.009000812194800348, 0.011985748153157163, 0.0038454723363770308, 0.005061822478727062, 0.005244294194408311, -0.0020777918770614554, 0.006245062158975049, -0.006653965134432285, 0.008123583261453118, -0.00731200217994477, 0.006337083957283598, -0.0020888719510913263, 0.0033350289061794647, -0.028710933512139523, -0.02963369410688635, -0.024388043666435155, -0.03002272788807786, -0.020078011808652447, -0.026390365785588697, -0.020391541273760718, -0.019979967126288044, -0.015789776062414197, -0.01598685947878588, -0.010662451024747197, -0.020212725820561574, -0.0048634150302096614, -0.02331919697610479, -0.00406860621881454, -0.02236059041193866, -0.0040180118345347305, -0.021287021652825523, -0.010622864257335557, -0.015733817449043362, -0.010858944812880513, -0.009475286287032822, -0.011355930592101595, -0.007901296221735533, -0.011438110103414695, -0.003508191383712066, -0.0074181458981771526, 7.226255078744442E-4, -0.0010660118622141412, 0.004849720092712623, 0.0027879716686632482, 0.00694915390016153, 0.005695078398967314, 0.008626947040404629, 0.0103389689158744, 0.008087381189629895, 0.008605602440440577, 0.01051232004677271, 0.007750523153348626, 0.010267026337951235, -0.010595481910880401, -0.010640872762843392, -0.014254610823087509, -0.012570399278261922, -0.015222112098183896, -0.015765166155985517, -0.015629349843278788, -0.014951415332754688, -0.014013664271339562, -0.016589058161176694, -0.009648044011106896, -0.017468224029540826, -0.003922336029647186, -0.014444098825911925, -0.005761463514008977, -0.010871666126830028, -0.0061636382450022675, -0.01063758630463403, -0.00826594333319078, -0.00860907836094621, 0.02883919951702393, 0.028291414961182485, 0.022436575522198056, 0.025344124164173712, 0.017894253089087667, 0.020111424887312445, 0.014859911445751946, 0.014663021906773774, 0.010064983983282871, 0.009517870239087465, 0.0034921317348803895, 0.0074808426763160385, 0.0022596419186581935, 0.006493013081747189, 0.0015603686694607686, 0.006973730599475098, 0.0013675251621779623, 0.006814033321887976, 0.0032730695648228616, 0.005677828772968068, 0.00553969290616028, 0.007293133146315825, 0.007324278076607762, 0.008325532125370218, 0.008341713457277149, 0.011993835878997178, 0.009763874462869089, 0.012606691790119239, 0.008540391948291906, 0.009305882193553541, 8.323254144806977E-4, 0.0019211429134171948, -0.004108119602591331, -0.0033996324848779838, -0.003303153894179803, -0.003623190509308893, -0.0018426115560133591, -0.0019075642753133666, -0.0011248256472629295, 7.754903269151052E-5, 0.028842209140420644, 0.028013129148132348, 0.02968888319920248, 0.026288703569094213, 0.028612226120894722, 0.023756053210059542, 0.02323692827328797, 0.018467246588891168, 0.014061380719991133, 0.009143084175005844, 0.009785867716428486, 0.006016281347100276, 0.003963797861730133, 0.0021629313504390514, 0.0035788646226223913, 0.0027744889830035083, 0.0033704325950860287, 0.005109085754713574, 0.004151261609662845, 0.0053236098483626535 ], [ 0.020545877320057738, 0.021080960837796925, 0.01975508312962847, 0.019776822482164995, 0.01833724002628428, 0.016113294222686626, 0.015352572122896884, 0.01110623068154997, 0.0074139477393515155, 0.006937304363131083, 0.0018216119817192895, 0.007027223155500079, -3.968808513539681E-4, 0.0044360317654927916, -0.0026749398439346633, 0.005447932761520996, -0.003915916859214134, 0.005569001265544131, -6.401636480525182E-4, 0.0035420598505855327, -0.023315080947532724, -0.023316231262988846, -0.021516902881341653, -0.022481620289372048, -0.018746069720784072, -0.02207815523786394, -0.014485105156602285, -0.021826966556474106, -0.005921468891891133, -0.019306867251147046, -0.0011497505191194397, -0.019399468672866654, -0.0028671384629303754, -0.015471807771658009, -0.006167218312461107, -0.014804234082043925, -0.005200882832058203, -0.014530568452954182, -0.008824464327003014, -0.012559077689859395, -0.008864997167727411, -0.00919188587307451, -0.0077771158354239716, -0.008111522501170714, -0.00738109337796371, -0.004194780585678489, -0.003734680013714566, -4.059648630984347E-4, 4.0770503867114584E-4, 0.003894906207008025, 0.0019674549712329274, 0.006210366152972686, 0.004084305334437265, 0.008386499361552294, 0.009489390451455998, 0.006876496086497638, 0.007917869481683177, 0.009266602139258763, 0.006952089298461701, 0.009387693449640399, -0.004518909059993312, -0.0051610041893626855, -0.00881578825365743, -0.006056455070062934, -0.00996055457347219, -0.010007827173761325, -0.008681858669237949, -0.012164227977936664, -0.006197814530826693, -0.013965762617565136, -0.003334469400517721, -0.014695142356625272, 2.1766300183123326E-4, -0.008866891810660197, -0.0021101330360110255, -0.00667072761573442, -0.0023547966051126632, -0.005772721268523162, -0.003967505872847313, -0.00480310166691894, 0.02787620259530908, 0.024982290583996716, 0.0237354199355313, 0.023183996098595862, 0.02046472579231766, 0.019399448281781785, 0.01770610383477173, 0.015676446351081112, 0.01220860179246828, 0.011826225820740418, 0.005144203607889069, 0.008231193620399535, 0.0042405957271456395, 0.0052687328469956, 0.0041858096427778305, 0.00615964259990629, 0.00368800019822298, 0.006513592968423783, 0.004838737401958, 0.006461155552969471, 0.001970483493606391, 0.004008400324544982, 0.004629198331353663, 0.0059482066832182495, 0.00671562111378887, 0.00924680723892386, 0.009396401194388176, 0.010021383615912684, 0.009144907831385326, 0.007724472865951376, 0.002919544726735759, 0.0029775211439706903, -0.002629446678440206, -8.552093114332573E-4, -0.002923328972225419, -0.0015988641772704325, -0.0015607920524145107, -2.839068300596024E-4, -5.636597775032204E-4, 0.0012023924015437863, 0.02130059099677585, 0.021030501903529272, 0.02240610180265129, 0.019801702147929895, 0.02127423025164887, 0.018331980989312678, 0.01614010185970759, 0.01437833720946393, 0.008189101305897619, 0.00586555348170347, 0.004748663397232037, 0.0031576477099604346, 0.0014292690782206823, 9.326638209289419E-4, 0.002106607090323893, 0.0017806409862302776, 0.0024444209821099416, 0.0032918702675735602, 0.003035722993297826, 0.0037311570164776354 ], [ 0.022993159037845535, 0.020988064897504585, 0.024845302887281123, 0.01833724002628428, 0.02387190490320259, 0.014237002154966111, 0.020666769277307193, 0.0077486573710151335, 0.011993432552529978, 0.002988822591908758, 0.005307194408221028, 0.004241884545430241, -0.0024087921052073154, 0.005923929185667594, -0.006833543656875305, 0.0075343619044985575, -0.007078821479398289, 0.005672159220633648, -0.001967101690730547, 0.0028899021539947048, -0.02866657885088686, -0.02935607472924888, -0.02395421896184327, -0.029523671382354053, -0.019331707263691576, -0.026112866588451227, -0.019178863445624778, -0.020325634291999756, -0.014902800249305605, -0.01645946504415438, -0.010292153608848763, -0.020041274801076474, -0.0045214840829321465, -0.023282427200323745, -0.0037842934830071987, -0.02201139737567648, -0.00436057686736358, -0.02033046800087359, -0.011022931617067931, -0.015074824045146228, -0.009630768896153163, -0.00855463863305857, -0.010379730510594988, -0.0072797806982901805, -0.011046456175716028, -0.003194138589112567, -0.007405679469656593, 6.58008797831519E-4, -0.0011924118905351027, 0.004044753589027041, 0.0028338079247021562, 0.005571876689824891, 0.005795353203506146, 0.007258866482314223, 0.009472436594931433, 0.00688638545464197, 0.007760150294507774, 0.009146376369158006, 0.006875952296480737, 0.00904752031140214, -0.0102482799934397, -0.010547194551372856, -0.014254866226530544, -0.012785313495083118, -0.015466330985519106, -0.016178500791858362, -0.01579833139849047, -0.015588142413821733, -0.014149832849578861, -0.017196517961103386, -0.009628827758897134, -0.017980309390770468, -0.00463499752935077, -0.015736718910573124, -0.006448835643623289, -0.012165455052804218, -0.007316381640885138, -0.01138047260715756, -0.009565225132511495, -0.00943347042069596, 0.027460103633894527, 0.026270618652290495, 0.020555487585476626, 0.022764750443273404, 0.015326446166108688, 0.017359887126083166, 0.011870059135345265, 0.012287248169109413, 0.007770069149188134, 0.007482578543376652, 0.002586763320428979, 0.0061267519239570295, 0.0017746390331252317, 0.005635296108793575, 0.001100724400308047, 0.006094371851892484, 9.411390349540307E-4, 0.005925027611806565, 0.002802216118570484, 0.004835909121475908, 0.0053042183770205635, 0.007386907947424655, 0.007219054643640293, 0.008355214078830978, 0.007971278180304542, 0.011581707823821716, 0.008822092604933465, 0.011572138415114622, 0.007364537669344352, 0.007801819574609206, 2.8891432496512505E-4, 7.246466043530021E-4, -0.0042179857225000715, -0.0037398665533827005, -0.0036157717745020695, -0.00373068279969463, -0.0021957248930050996, -0.002026138407570512, -0.0014964645851216216, -7.082745311641427E-5, 0.027718238719797374, 0.026897217242033138, 0.028780953177503843, 0.02543478238438366, 0.027918446990644344, 0.023264222425550943, 0.022979645571737005, 0.018599070371728126, 0.013898296862922776, 0.01026496153814238, 0.009163413573927854, 0.006872617290226962, 0.0036678570277611272, 0.002583355186742126, 0.0036020677229710164, 0.0030447215210387705, 0.003529643419736914, 0.005115852475249424, 0.004330565768550828, 0.005340564993073049 ], [ 0.015805788653129732, 0.016711317301889298, 0.015578560773258943, 0.016113294222686626, 0.014237002154966111, 0.014449133171780263, 0.011079542420692553, 0.012032066046499184, 0.0036545976213060746, 0.009458801302192215, -0.0018034552204082193, 0.008937439147797686, -0.0016739230750340958, 0.004275921592588762, -0.0028082328609548, 0.0039582482233741995, -0.0037495769793838883, 0.0031477737203867784, -7.587220807246735E-4, 0.0019473712997657672, -0.025201336957285565, -0.026061531866256777, -0.022786628885298792, -0.025589105319453413, -0.020001497831399432, -0.025085777722740496, -0.01715179652486273, -0.02395576666052867, -0.010630249267289725, -0.021991528135654678, -0.004409311575974387, -0.022476135699232683, -0.004234432271987375, -0.01723479571057125, -0.0074911602968630465, -0.014915345385336612, -0.006560326034373346, -0.014706413848941828, -0.00917983014354538, -0.01317659981536625, -0.004856885829119637, -0.005065694962970304, -0.004670975484595327, -0.004724204367013151, -0.004272092477759313, -0.0025097330427812543, -0.001008338531585447, -8.086473804425629E-6, 0.0028857854718121276, 0.0036103696725662206, 0.0037006372411680787, 0.0038972081224413996, 0.003353348320839471, 0.004154388352423529, 0.007546459999139908, 0.0018595266961596488, 0.005222403982592054, 0.004774530843252958, 0.0032947219121576645, 0.005678871547761622, -0.006055778181334729, -0.007443594640122595, -0.010033048213699065, -0.009041667566865435, -0.012040624179540138, -0.01195242711207952, -0.011578724533015094, -0.013831309784425181, -0.00922846289997987, -0.016421564543557896, -0.006485879688363914, -0.02097388964496933, -0.0036313964675335625, -0.016097005333985386, -0.006828229818423719, -0.013979860057342999, -0.007697490585626571, -0.013503103723705095, -0.009249491156053393, -0.01160908488775561, 0.023186200466092058, 0.020396470843231235, 0.018597490268097983, 0.01790898135892882, 0.015036600013374427, 0.014345966718285747, 0.013029186653484409, 0.010858274740896744, 0.009591948487056492, 0.008304449606019833, 0.004250803761944766, 0.005359049611116208, 0.0026294809994097355, 0.0024980978982581887, 0.002457995934086109, 0.00319557896531611, 0.0021157726206277425, 0.0035977339108935035, 0.0028311620540088824, 0.00361482246487142, 0.0026868871353770024, 0.004335789088798713, 0.005459765989567735, 0.006006123990933323, 0.007514569094399335, 0.00856587061528424, 0.009792468382759004, 0.008992930463613935, 0.009845010743016929, 0.007098121241442608, 0.005109814057501602, 0.00402153601761591, -7.660682835625267E-4, -1.4317388281399857E-4, -0.0022689385398254585, -0.0021478693007822357, -0.0022871133016344335, -0.0015511497563581987, -0.0017661303712524746, -1.6977918574650938E-4, 0.02035126057804629, 0.020924507097033664, 0.021374201882528976, 0.02011447917886146, 0.020839351904095568, 0.01883501350252763, 0.01670289093706784, 0.015704756639570532, 0.010085118967043324, 0.0076679087103228155, 0.005637551814982662, 0.0036187622963960555, 0.002269613793718639, 0.0018958507880974995, 0.0032962118654061355, 0.002770921682715301, 0.0034159712540329265, 0.004615632324746222, 0.003603016121198523, 0.004852724637207745 ], [ 0.019887805149647123, 0.017859083728743123, 0.021280445228477548, 0.015352572122896884, 0.020666769277307193, 0.011079542420692553, 0.018542123396028284, 0.004663995031224182, 0.01167337240181701, 3.9993919707597054E-4, 0.006355130882988222, 0.002152925938537588, -0.0019467676714823826, 0.005498316980348634, -0.006138442482922178, 0.007286114316556734, -0.00613324889995036, 0.005940572199885134, -0.0017323299439998188, 0.003083609696108891, -0.021164325130857357, -0.021079637138595994, -0.01792805193714, -0.020945429004364784, -0.014438280978819315, -0.018057261399549135, -0.013825578279153733, -0.013663454608276296, -0.009812369197288943, -0.010516065812603321, -0.0070171132186181715, -0.013656312340649615, -0.0022255473601714053, -0.018026951087344617, -0.0012128010954209991, -0.017771949360661426, -0.0020684457155772376, -0.016001437502677088, -0.008081044187843021, -0.011375245247751336, -0.009304446321415744, -0.008501163635043739, -0.009498797031559314, -0.007151595108725961, -0.010157387630674234, -0.003195592958034009, -0.007463971645287975, 3.5450846674421794E-4, -0.0025762591119277574, 0.0030588522615673237, 0.001279377870989443, 0.005261344962854472, 0.00487964594830486, 0.0076677341238454546, 0.007830711765553913, 0.00793149102327622, 0.007027347731193168, 0.009173833469066889, 0.006988293892917409, 0.008685628868870717, -0.007287455315769017, -0.006979764159868363, -0.010449783845934044, -0.008475687348628302, -0.010812066497875042, -0.011777430539479751, -0.010794646972429467, -0.011450965106175576, -0.009356844802761579, -0.012290033576891813, -0.00541020606499502, -0.010968113743735885, -9.890873051306784E-4, -0.009149625195247977, -0.002427120549359627, -0.00596947115685666, -0.0030409456244126503, -0.004887693178750282, -0.00492957382707908, -0.003852148520195474, 0.023297712527112963, 0.022438337808806722, 0.018140826830256758, 0.01989963522480294, 0.014185342043141546, 0.015373501465994428, 0.0108708752186766, 0.011153731727060322, 0.006787501201163297, 0.006594903994102122, 0.002384974417649182, 0.005739026440673421, 0.002006077967932183, 0.0058319904114657465, 0.00123044857849861, 0.006288127358818424, 0.001078473994398559, 0.006013909681952066, 0.002807136687456249, 0.0049647085659686625, 0.003594086725308089, 0.005493503985311989, 0.004876630802523102, 0.0063756159437506925, 0.005294877976177533, 0.009322278372986477, 0.005946255226912654, 0.009530637847747755, 0.004667797797053871, 0.0061994334944004675, -0.0012611825874518962, -1.7323231397272753E-4, -0.0042148985869167495, -0.0033759037674554195, -0.0030171693417294114, -0.002819796148056916, -0.0012486016448484297, -0.0011410461940035946, -5.306476574978126E-4, 4.7130341693329904E-4, 0.02190535463205277, 0.020644705653005885, 0.022829923833943992, 0.019300600991577238, 0.021933990652578457, 0.01748683362089175, 0.017871448546760642, 0.013503191930829045, 0.010206551498440844, 0.00739285319823269, 0.0068905717053654655, 0.005468038225763741, 0.0024949361061724013, 0.0015741041325195596, 0.0021923756258352433, 0.001936339058866702, 0.002207973498983755, 0.0032808146892665236, 0.003042523641975958, 0.003568026882110586 ], [ 0.009037679048478912, 0.010500537589881271, 0.009000812194800348, 0.01110623068154997, 0.0077486573710151335, 0.012032066046499184, 0.004663995031224182, 0.013632939757500536, -0.001832426707042429, 0.013429278336605793, -0.006508708566866311, 0.012501145115900057, -0.002794479604632735, 0.00503847387409815, -0.0024718078479086924, 0.002478930798081884, -0.003241953628536685, 4.6863447255472896E-4, -7.999571820299731E-4, 1.3442909549213995E-4, -0.02615825500932916, -0.02758256696030298, -0.024728450293179494, -0.027206431102779188, -0.023101537608397255, -0.02701493934315042, -0.02235571089376639, -0.025097828167714286, -0.0183948908717708, -0.02390893147349319, -0.009735795575800454, -0.02523699259728769, -0.006710939930217025, -0.01840615396712289, -0.009564252861976305, -0.014060436871393009, -0.00810929379769868, -0.014167543792728027, -0.008468602364316935, -0.01390633743948515, 4.5521785683918766E-4, 3.587723962156959E-4, -7.248097471145801E-5, -1.8659651703609908E-4, 7.305961376245862E-4, -3.947830791420164E-5, 0.0036310386280681887, 8.691112700083964E-4, 0.007057481583783817, 0.0036713415644852674, 0.006438320030648872, 0.0014716515874880823, 0.0025817841234395105, -1.5089345225517182E-4, 0.005087263907935638, -0.004400788501099486, 0.0019356775796444347, -0.0013832997602979736, -0.0011338817315047342, 8.794707478074651E-4, -0.006778686069780347, -0.00834022075938427, -0.010151621799817384, -0.01020468659974671, -0.013013909548932953, -0.012071576880297981, -0.01328405490742886, -0.013937250110431931, -0.010759725497108682, -0.01831197669875159, -0.007543787352177296, -0.028338841165010956, -0.005802028879816713, -0.023830426423664775, -0.01091521618362632, -0.02226700642871553, -0.012778268621330104, -0.02231561631302042, -0.014077842006644463, -0.01946595357996677, 0.017433743713765774, 0.015085307236509603, 0.01355389696714682, 0.012361001068947858, 0.010809778410591232, 0.009423080704665649, 0.010357196488223188, 0.006102123624948175, 0.00932663293559289, 0.004019420474900537, 0.005243465170708612, 0.00128143651298768, 0.0014427031033784636, -0.00162578784552112, 6.771943960467322E-4, -9.29430365904026E-4, 4.1702342150295676E-4, -2.4338599341986854E-4, 2.704812953698071E-4, 5.094169322208313E-5, 0.002577201072535261, 0.0036733524439357783, 0.005233252592253097, 0.005347295766742465, 0.007601944190074152, 0.007529845228541493, 0.01036667102124865, 0.008477271394182508, 0.011857317527500126, 0.007749881419197685, 0.009431230487104795, 0.007450015147573739, 0.002819125732755362, 0.0022945230243248647, -6.101083884875779E-4, -0.00255532619425883, -0.002825863406507795, -0.003319937394392016, -0.003042422540691589, -0.002113666911851203, 0.017563414889606978, 0.01913744138612971, 0.018626648021460766, 0.018873562445040907, 0.01895084920093788, 0.017787630673727878, 0.016213524206807613, 0.015660237253378045, 0.011155085137926967, 0.008938966336841585, 0.005090260952522808, 0.003333028862921381, 0.0024958352043129768, 0.002861760212115952, 0.0043265316591888136, 0.003983889077957822, 0.004303219919634015, 0.006032645910999335, 0.003887882438577522, 0.006012675317989279 ], [ 0.011642848044758932, 0.009464943644642898, 0.011985748153157163, 0.0074139477393515155, 0.011993432552529978, 0.0036545976213060746, 0.01167337240181701, -0.001832426707042429, 0.00984312145118771, -0.005711084314311831, 0.009385989827311961, -0.004965378405858125, 0.0029241864266942577, -1.7112917846704356E-5, -3.207383605455384E-4, 0.002525964356039706, -9.945242174308688E-4, 0.0033497665447911667, 2.694415614455169E-4, 0.0020146459975512823, -0.003626418545816825, -0.0024459956324382275, -0.0029793574741915126, -0.002289423324351458, -0.0017843807238975933, -5.237343660001292E-4, -0.0024228990517613192, 0.0027241787955072884, -0.0018787800516878433, 0.005541391331482835, -0.004020905769101505, 0.004624985932994772, -0.002726568212512597, -0.001221387655073516, -3.380922115112299E-4, -0.003585888428924708, -1.1425416772176057E-4, -0.0035189021666820444, -0.002621869887177398, -0.0016674748590464502, -0.007658602153070315, -0.006772102769809767, -0.0072101869704284454, -0.0052045398479467625, -0.007860905048249047, -0.001955658604832896, -0.006190191393699819, 1.2277120912268405E-4, -0.0035573895919574485, 0.0012318382068781644, -9.314242899662636E-4, 0.004331151143055442, 0.0041924376261994545, 0.0067881197207144625, 0.005714486264825531, 0.007844477092944658, 0.006223425754655852, 0.007285268155185352, 0.007060952712339241, 0.006465086228164431, -0.0013587927358088316, 4.3119383438285016E-4, -0.0024718195288884583, 9.804378817592587E-4, -0.0015739521677714198, -3.68382090277844E-4, -0.0015893448623001106, 0.0012560110806756166, -0.00215923297962996, 0.002795115576856094, -7.125904050655769E-4, 0.009451057816936021, 0.0024368385273408374, 0.0074778592523105526, 0.004938736158201364, 0.007727268815665524, 0.005431188762655066, 0.00816366720210229, 0.004907108792608668, 0.007307777865398428, 0.011136269021776843, 0.011939162919581959, 0.009847874450505438, 0.01204039627282161, 0.008979751315059018, 0.01025574067992336, 0.007619648175379338, 0.00794856634522908, 0.004683226858279042, 0.003958686132898324, 0.0017704764367066181, 0.0035026980687494448, 0.0029679527336990783, 0.0043012658711944615, 0.002496866899414414, 0.00455153702838015, 0.0021754762282070756, 0.0045907412373434485, 0.0030856153126475657, 0.0042085675076347475, 0.0012114798106551568, 0.0019049315742312107, 8.318026955217009E-4, 0.002080866107215868, 5.102733114177979E-4, 0.0036455460224520046, 0.0011398484709786367, 0.003967935190674777, 4.4625571664718084E-4, 0.002348537530259938, -0.0033845622872883366, -0.0024494598535599334, -0.0032390152882326552, -0.0023768938783001836, -0.0015977965977760071, -4.3580139209574225E-4, 4.339601686445878E-4, 8.309491335298508E-4, 0.0010415954509949287, 0.001357949291589813, 0.007894428853891937, 0.0064392402208289425, 0.008118313698258628, 0.005542271398588526, 0.007081836728400149, 0.004642016704923585, 0.0045953041658786335, 0.0023340996302470608, 7.053988411488059E-4, 6.300070234190132E-4, 0.0013289233009931242, 0.0022776640968203863, -5.452435601225575E-4, -1.8752696669696416E-4, -9.506155892547035E-4, -4.264499536032909E-4, -4.981170423351648E-4, -4.242259029251757E-4, 3.3258658494020993E-4, -1.7665263189179997E-4 ], [ 0.0032617295355675414, 0.005498508304157162, 0.0038454723363770308, 0.006937304363131083, 0.002988822591908758, 0.009458801302192215, 3.9993919707597054E-4, 0.013429278336605793, -0.005711084314311831, 0.015872866845516843, -0.011472431726810166, 0.015789790172571067, -0.007093937635230485, 0.007751308612823564, -0.005475938347950842, 0.003579387442268684, -0.004775939247615861, 1.003328348946962E-4, -0.00181727304105156, -4.2724899539281166E-4, -0.025728429692975716, -0.02782553755399602, -0.02387331963199274, -0.027473257456555072, -0.022313496790798543, -0.027659495398443736, -0.02078148458655605, -0.027662287877882226, -0.016463724845616645, -0.028603516650442848, -0.006319075797328988, -0.030507352114794467, -0.002092329517268012, -0.022442110438078, -0.006089249212926756, -0.01604248869665432, -0.006398102588216471, -0.014657699350599507, -0.007284471047303728, -0.013991076974653172, 0.004432304537648575, 0.003704725164713566, 0.0033116830844475485, 0.0021762163832021258, 0.003948742226847793, 6.614026684796078E-4, 0.005254838484225169, 7.786237952051507E-4, 0.0073160536328652475, 0.0025287479679581767, 0.0063721111179359064, -0.00164895485052552, 1.919793704327835E-5, -0.0038712663614713476, 9.653225289688404E-4, -0.008090601057113244, -0.0020843635177457834, -0.004957723948092943, -0.0051874130099599305, -0.0025044474512342448, -0.006938358354919492, -0.009490636354166145, -0.009835270540296554, -0.01226552075126905, -0.012996593655827305, -0.014250483650785222, -0.012908535096499293, -0.017685740726036875, -0.009149761692136604, -0.023351663492402877, -0.005418368612345483, -0.03786778817612471, -0.005383694257074732, -0.03153319592181148, -0.013462893808813745, -0.028368006024547286, -0.016389223586479255, -0.027642471970089212, -0.01809103565967219, -0.024045338689206892, 0.011874745423017068, 0.008886528627326333, 0.007799844253343674, 0.005284301075211777, 0.004634605394749211, 0.0025473684737475286, 0.00397465986281393, 3.702530765505935E-4, 0.004672949998489148, 5.747013334342641E-4, 0.0034853057803615074, -8.836197591520706E-4, -0.0011172177316787384, -0.003217120296916787, -0.0018866654083997936, -0.002640953110118085, -0.0018010226346402499, -0.0023445387651062737, -0.002035756147164069, -0.0023344797816872154, 0.001840236160466806, 0.0029651763143163632, 0.004695201552669427, 0.004429620926253893, 0.006763167892951574, 0.005912056233138603, 0.008303645430231045, 0.006413506765381872, 0.0097338882898491, 0.0056698873611775, 0.009806163993978758, 0.007821756023369535, 0.0034939306929738533, 0.0025512299932061175, -2.7625624644330793E-4, -0.003000798745176717, -0.003251994539563724, -0.00415742076327212, -0.0037315869685325947, -0.0029836577753516334, 0.014773419856755739, 0.01659123987255067, 0.015958653018531874, 0.016793486073706614, 0.01703331999290876, 0.016154379487297327, 0.01593243889013434, 0.015388694905290256, 0.012270862719063164, 0.010293427526408883, 0.004689786463572661, 0.003261532777863726, 0.003129831193399638, 0.003285282447024962, 0.005181550123101489, 0.004453465335582191, 0.004730855343051775, 0.006380136337685843, 0.003963502269994874, 0.0062663967754629625 ], [ 0.006591762888108899, 0.0036202581876499567, 0.005061822478727062, 0.0018216119817192895, 0.005307194408221028, -0.0018034552204082193, 0.006355130882988222, -0.006508708566866311, 0.009385989827311961, -0.011472431726810166, 0.015513117386692305, -0.012696693585805526, 0.012209920710909164, -0.007130317881664251, 0.00937525827013719, -0.0037201583904659763, 0.006391931021553896, 1.4666111998026636E-4, 0.0037029188848631883, 8.643613157720399E-4, 0.0127066747881327, 0.015566714078742844, 0.008925556453777917, 0.01588211427283292, 0.0066808140262179065, 0.016837693980538027, 0.002359255811723825, 0.021925297166319146, -0.002152522459079025, 0.02630982608386434, -0.008950032705547433, 0.027419206337870324, -0.01036506297106704, 0.019320212671775274, -0.005098675078057989, 0.013511151107251982, -0.001278615613788624, 0.009805243448584734, 0.0020676504356585187, 0.0074015400315430935, -0.007711288895063769, -0.005870863216017288, -0.006192659952800489, -0.003351935288144648, -0.00625499113228339, 1.2518953911748573E-5, -0.0038150063128205318, 6.57898857389248E-4, -0.002022310118085202, 0.001093958792184118, -0.0010630195280214318, 0.0060143074060350415, 0.006625136031909691, 0.008426315710801578, 0.007635386404522285, 0.0084091464350387, 0.008888830292923096, 0.005844363825078969, 0.009783839502575976, 0.005595862776555133, 0.004771447036860087, 0.009819918930751462, 0.00552403192086586, 0.013680777432925322, 0.0076505784900720315, 0.014752580355388293, 0.007003033239504331, 0.019046768645737663, 0.0036821890271165154, 0.022953713842599126, 0.003210302382451913, 0.03613666339105765, 0.007029365453533111, 0.028374739895393675, 0.01494647070109452, 0.02388888924736984, 0.016683388832199504, 0.02278369032634399, 0.017894903968062117, 0.019809872893582218, 0.0030512621217345655, 0.006929043651800213, 0.0068264037523353485, 0.010896913296364589, 0.010601820640381475, 0.01192917490986684, 0.012782524769671512, 0.00972007488079612, 0.010170780316887536, 0.003055015526040006, 0.005669121302033373, 0.0012827777462278314, 0.007332315728160548, 0.0020750419931635806, 0.006384632636928306, 0.002489765027253559, 0.005407406195164895, 0.0036421978058203876, 0.004925731931080348, 0.00450966927689131, -0.001043641423356864, -0.0020736642707572563, -0.0035498653598387045, -0.002175599845343026, -0.003906341458418062, -8.955691197991362E-4, -8.210848261091853E-4, 0.0010291013929513509, 7.60464116206821E-4, 0.0020258817569697224, -0.0022443113363235963, -0.00203881296337452, -2.7823680190890024E-4, 5.173466746451063E-4, 6.96303413342927E-4, 0.002295269248342742, 0.0023929684333094427, 0.0025901236758607135, 0.0027455742314289166, 0.0019959482323546936, -0.004548170450942177, -0.006049616400901497, -0.005065516346247223, -0.006760676166468432, -0.006630828894405189, -0.007267930413749129, -0.008877056928186198, -0.00902019943184535, -0.010214548455822583, -0.00712452352147158, -0.00539318047102455, -0.0011513478753014054, -0.00502499591958783, -0.0019611077220754803, -0.004756250654336973, -0.0026791447403410828, -0.003352516660507634, -0.003852737624538771, -0.0024959395758986907, -0.0036475873373345642 ], [ 0.004235521893518019, 0.005958347331813148, 0.005244294194408311, 0.007027223155500079, 0.004241884545430241, 0.008937439147797686, 0.002152925938537588, 0.012501145115900057, -0.004965378405858125, 0.015789790172571067, -0.012696693585805526, 0.0185694401418022, -0.011695429938531525, 0.013054017666522002, -0.011030706074294006, 0.008783258541142595, -0.009037274296312231, 0.003698757933734147, -0.004173094898920821, 0.0010891374329830453, -0.025032773838981545, -0.02691300980873187, -0.023972248562908444, -0.02645027591769751, -0.022919603586978782, -0.02607227410962542, -0.02068954327226216, -0.026903352933451034, -0.014763176387576306, -0.02917116587776306, -0.0034031500794182053, -0.033987782028556665, 0.004043948550169795, -0.028568401516496676, 6.286715082435739E-4, -0.022120157337360228, -0.001325160152345808, -0.01886308639772109, -0.0048224026258354355, -0.015716158498302865, 0.003193975360015078, 0.0023079867650924895, 0.002449765969302899, 8.401217330713476E-4, 0.0035726160650633087, -3.3179239950878545E-4, 0.0036284435820310855, 7.863830003281989E-4, 0.004964548760929548, 0.00267211887968879, 0.0048753056092410395, -8.99505241120037E-4, -0.0023104604228383584, -0.0016914851794957502, -0.0015762940892231213, -0.00495540443622243, -0.0036996337104314545, -0.002526970780762521, -0.005345041589338483, -9.923557109083134E-4, -0.007489337045194689, -0.01006965216528696, -0.00954574105113038, -0.013237685819798116, -0.011655694296859297, -0.016353840625252806, -0.011147920404727299, -0.020725872980089377, -0.006257916953492465, -0.027276210214697182, -0.0015243376473011538, -0.04292963212451862, -0.0015950885009217717, -0.03321035666571561, -0.012831902861763375, -0.02797684181243143, -0.015711427303510713, -0.026773208308902792, -0.017642078236521606, -0.023119737592971826, 0.012704248517873804, 0.009920119720178474, 0.009082049799243184, 0.006141473476807328, 0.006329026674036061, 0.0029946218626786137, 0.004458805768709224, 0.0010127949388930371, 0.004240911298433402, 0.0013035430978566437, 0.002928763410561735, 6.815549530281239E-4, -0.0029430954455563225, -7.981729926573597E-4, -0.004223333482337364, -2.4743728811728056E-4, -0.003746290396471635, -7.728061639277444E-4, -0.0032926970058598393, -0.0017116163929409094, 0.001237500891098819, 0.002760623433228076, 0.0038167938824016116, 0.004405815218491873, 0.005683208062250769, 0.006722241348426378, 0.00646