package us.ihmc.darpaRoboticsChallenge.networkProcessor.depthData;
/*package us.ihmc.darpaRoboticsChallenge.networkProcessor.lidar;

public class LidarPoseAverager
{
   double[] d = new double[]
   {
      0.9861929176365684, 0.16218216912210265, -0.03347347042543218, -0.03935738264813731, -0.15383228167940038, 0.9720377945667019, 0.17742084163708516,
      0.38222254783292375, 0.061311975313002365, -0.16982187713234043, 0.9835656418005185, 0.9942482441035516, 0.0, 0.0, 0.0, 1.0
   };
   double[] d = new double[]
   {
      0.985915735979057, 0.16405952776998722, -0.03247511195921042, -0.03933526729396753, -0.155810442327235, 0.9715978542927153, 0.17810310383478153,
      0.38218928595861384, 0.060772260206987797, -0.17053469113843198, 0.9834758011805139, 0.9943170967740915, 0.0, 0.0, 0.0, 1.0
   };
   double[] d = new double[]
   {
      0.9855526921515777, 0.16615103684657243, -0.03285915317816945, -0.03920155648428769, -0.15779672402938302, 0.9712499656176198, 0.17825178308608053,
      0.38218169576446853, 0.06153116997402379, -0.17049145797541093, 0.9834361076750469, 0.9944097584956396, 0.0, 0.0, 0.0, 1.0
   };
   double[] d = new double[]
   {
      0.9855526921515777, 0.16615103684657243, -0.03285915317816945, -0.03920155648428769, -0.15779672402938302, 0.9712499656176198, 0.17825178308608053,
      0.38218169576446853, 0.06153116997402379, -0.17049145797541093, 0.9834361076750469, 0.9944097584956396, 0.0, 0.0, 0.0, 1.0
   };
   double[] d = new double[]
   {
      0.9855635309750825, 0.1662523267419133, -0.03201078357097502, -0.03923253487201052, -0.15802048597053323, 0.9711509965864654, 0.1785924630065658,
      0.3821615644140905, 0.06077871687987668, -0.17095585887010475, 0.9834022787712161, 0.9944062828783767, 0.0, 0.0, 0.0, 1.0
   };
   double[] d = new double[]
   {
      0.9850892194971242, 0.16898690906907252, -0.03229015629921231, -0.03910865335519949, -0.1606459670752787, 0.9706573915060283, 0.17893323217658985,
      0.38215736006833073, 0.06158005271997599, -0.17107791464123573, 0.9833311976282513, 0.9944577541567462, 0.0, 0.0, 0.0, 1.0
   };
   double[] d = new double[]
   {
      0.9850892194971242, 0.16898690906907252, -0.03229015629921231, -0.03910865335519949, -0.1606459670752787, 0.9706573915060283, 0.17893323217658985,
      0.38215736006833073, 0.06158005271997599, -0.17107791464123573, 0.9833311976282513, 0.9944577541567462, 0.0, 0.0, 0.0, 1.0
   };
   double[] d = new double[]
   {
      0.984828977515947, 0.17054421121619057, -0.03203992923746396, -0.03908151212218306, -0.16220272535224461, 0.9703377654740968, 0.17926208964262677,
      0.38215193492495575, 0.06166166502129679, -0.17134553660771043, 0.9832794852692784, 0.9945116980655957, 0.0, 0.0, 0.0, 1.0
   };
   double[] d = new double[]
   {
      0.9847485985371421, 0.17107080110924325, -0.03170139881734276, -0.03906880373331165, -0.16276870772017335, 0.9702104983219668, 0.1794378352882846,
      0.3821307719575935, 0.061453604176152817, -0.1715411611062561, 0.9832584017337854, 0.9945356072211081, 0.0, 0.0, 0.0, 1.0
   };
   double[] d = new double[]
   {
      0.9845429206402189, 0.17223225672429276, -0.03180074151470194, -0.039088124749514876, -0.16388651283200512, 0.9699944958604265, 0.17958810905024294,
      0.3821336459252074, 0.06177740953611277, -0.17160048876426384, 0.9832277579110921, 0.994535752366402, 0.0, 0.0, 0.0, 1.0
   };
   double[] d = new double[]
   {
      0.984096781520059, 0.1748102026811409, -0.0315423150773642, -0.038932473790857, -0.1664471648346515, 0.9694889343844927, 0.17996262785513847,
      0.3821088044366631, 0.06203922888276123, -0.17185051394918535, 0.9831676026675377, 0.9946190472617195, 0.0, 0.0, 0.0, 1.0
   };
   double[] d = new double[]
   {
      0.984096781520059, 0.1748102026811409, -0.0315423150773642, -0.038932473790857, -0.1664471648346515, 0.9694889343844927, 0.17996262785513847,
      0.3821088044366631, 0.06203922888276123, -0.17185051394918535, 0.9831676026675377, 0.9946190472617195, 0.0, 0.0, 0.0, 1.0
   };
   double[] d = new double[]
   {
      0.9837638894739762, 0.176708246628421, -0.03134972632326234, -0.03898162540034947, -0.16832675173589406, 0.9690955167899045, 0.18033298086526084,
      0.3820958908129481, 0.062247204090440836, -0.17212807705664113, 0.9831059000289368, 0.994637691808423, 0.0, 0.0, 0.0, 1.0
   };
   double[] d = new double[]
   {
      0.9837638894739762, 0.176708246628421, -0.03134972632326234, -0.03898162540034947, -0.16832675173589406, 0.9690955167899045, 0.18033298086526084,
      0.3820958908129481, 0.062247204090440836, -0.17212807705664113, 0.9831059000289368, 0.994637691808423, 0.0, 0.0, 0.0, 1.0
   };
   double[] d = new double[]
   {
      0.9835185406127722, 0.1780383314379046, -0.03152194171889783, -0.03895225268007872, -0.16959899627845587, 0.9688493479074536, 0.18046362935683846,
      0.38208000479623055, 0.0626694561350509, -0.17214323570244894, 0.9830764190385344, 0.9946781017271115, 0.0, 0.0, 0.0, 1.0
   };
   double[] d = new double[]
   {
      0.9832771401878236, 0.17949806571421267, -0.030765402466265152, -0.0390225009205819, -0.17113631678187202, 0.9684872547572149, 0.1809552388055357,
      0.3820435242650859, 0.06227701552250109, -0.17266407205232331, 0.9830100160018311, 0.9947100019695196, 0.0, 0.0, 0.0, 1.0
   };
   double[] d = new double[]
   {
      0.9830380473105507, 0.18076444494735852, -0.030990530533259363, -0.039018364643002776, -0.1723380369963954, 0.9682545409148223, 0.18106005910209896,
      0.38203687333231773, 0.06273594299991467, -0.17264807974808147, 0.9829836428014515, 0.9947390185781834, 0.0, 0.0, 0.0, 1.0
   };
   double[] d = new double[]
   {
      0.9829063258924261, 0.18155239086160188, -0.030559513953725997, -0.03906817994541956, -0.17317314381421048, 0.9680597469725106, 0.18130468431075245,
      0.3820287710728938, 0.06249973425667196, -0.17291343401816692, 0.982952047433592, 0.9947513164481453, 0.0, 0.0, 0.0, 1.0
   };
   double[] d = new double[]
   {
      0.9829063258924261, 0.18155239086160188, -0.030559513953725997, -0.03906817994541956, -0.17317314381421048, 0.9680597469725106, 0.18130468431075245,
      0.3820287710728938, 0.06249973425667196, -0.17291343401816692, 0.982952047433592, 0.9947513164481453, 0.0, 0.0, 0.0, 1.0
   };
   double[] d = new double[]
   {
      0.982445447786477, 0.1839864357573274, -0.03082099253663856, -0.039045980916769904, -0.1755109245579927, 0.9675970579864654, 0.18152644087497338,
      0.38202241419964955, 0.06322070455497386, -0.17293040459459824, 0.982902954356289, 0.9948051919335896, 0.0, 0.0, 0.0, 1.0
   };
   double[] d = new double[]
   {
      0.9822861177050476, 0.1848572307509826, -0.03068855166056679, -0.03912152992136482, -0.1763789142837342, 0.9674024898289716, 0.18172204398145436,
      0.38202509406908186, 0.06328081510249725, -0.17309022766113769, 0.9828709536496534, 0.9947987322693723, 0.0, 0.0, 0.0, 1.0
   };
   double[] d = new double[]
   {
      0.9822654973864032, 0.18495910608038885, -0.03073469899291722, -0.03911559489449905, -0.17647211786598455, 0.9673880427382467, 0.1817084653585465,
      0.3820246366224942, 0.06334101562286343, -0.17306213868147907, 0.9828720221345486, 0.9948031209427843, 0.0, 0.0, 0.0, 1.0
   };
   double[] d = new double[]
   {
      0.9818154629908806, 0.1873419788750059, -0.03068190970587951, -0.03911702885476786, -0.17881220778158738, 0.9669122552910421, 0.18195297446391268,
      0.38199188837101045, 0.06375414480861089, -0.17315794385239064, 0.9828284364529423, 0.9948509692612796, 0.0, 0.0, 0.0, 1.0
   };
   double[] d = new double[]
   {
      0.9818154629908806, 0.1873419788750059, -0.03068190970587951, -0.03911702885476786, -0.17881220778158738, 0.9669122552910421, 0.18195297446391268,
      0.38199188837101045, 0.06375414480861089, -0.17315794385239064, 0.9828284364529423, 0.9948509692612796, 0.0, 0.0, 0.0, 1.0
   };
   double[] d = new double[]
   {
      0.9816671822807382, 0.18825399297100434, -0.02983248838881679, -0.03913660265949089, -0.1798328997236083, 0.9666499770237649, 0.18234020428022316,
      0.3819627044353058, 0.06316384575051211, -0.1736325316593291, 0.982782820637183, 0.9948667746391069, 0.0, 0.0, 0.0, 1.0
   };
   double[] d = new double[]
   {
      0.9816671822807382, 0.18825399297100434, -0.02983248838881679, -0.03913660265949089, -0.1798328997236083, 0.9666499770237649, 0.18234020428022316,
      0.3819627044353058, 0.06316384575051211, -0.1736325316593291, 0.982782820637183, 0.9948667746391069, 0.0, 0.0, 0.0, 1.0
   };




   double[] d = new double[]
   {
      0.9675261937031333, 0.2517680839630386, -0.022492140758655122, -0.039150102444252245, -0.2434212491176221, 0.9520202653168552, 0.18548183173572858,
      0.38197589903827206, 0.06811137919865802, -0.17398346566155332, 0.9823902451164973, 0.9956242481179842, 0.0, 0.0, 0.0, 1.0
   };
   double[] d = new double[]
   {
      0.9676158795071217, 0.25147593439892346, -0.021894386126301416, -0.03919327952077565, -0.24323614499585744, 0.9520623096630345, 0.1855088577039983,
      0.38198243172347623, 0.06749583315445074, -0.1741758104252035, 0.9823986459526042, 0.9956184488643762, 0.0, 0.0, 0.0, 1.0
   };
   double[] d = new double[]
   {
      0.9676158795071217, 0.25147593439892346, -0.021894386126301416, -0.03919327952077565, -0.24323614499585744, 0.9520623096630345, 0.1855088577039983,
      0.38198243172347623, 0.06749583315445074, -0.1741758104252035, 0.9823986459526042, 0.9956184488643762, 0.0, 0.0, 0.0, 1.0
   };
   double[] d = new double[]
   {
      0.9675366930234597, 0.25177209724975713, -0.021989968160194766, -0.0392118766393082, -0.24351320723058703, 0.9519980780128293, 0.18547500468837358,
      0.381986474964991, 0.06763183834186909, -0.17409902500111213, 0.9824029030576821, 0.995610686000178, 0.0, 0.0, 0.0, 1.0
   };
   double[] d = new double[]
   {
      0.9673970697009504, 0.252272788220022, -0.022390843166580618, -0.03913529623033081, -0.24394465264244203, 0.9519119624243157, 0.18534999930036766,
      0.3819859078774443, 0.06807287257911772, -0.173844919733606, 0.982417440756038, 0.995647137930809, 0.0, 0.0, 0.0, 1.0
   };
   double[] d = new double[]
   {
      0.9673572180661903, 0.25243742924494467, -0.022256616352101057, -0.03916258746779476, -0.24412731314375136, 0.9518574848410789, 0.1853892756586205,
      0.38199234724411474, 0.06798431901882829, -0.17390420601071954, 0.9824130798698312, 0.9956184859336826, 0.0, 0.0, 0.0, 1.0
   };
   double[] d = new double[]
   {
      0.9672855518628526, 0.2527106258045174, -0.02227107457815553, -0.03911852369391041, -0.24439785090835586, 0.9517999703898986, 0.18532810590184404,
      0.38199071693917924, 0.06803198974566055, -0.17382219642864147, 0.9824242934699696, 0.9956202211541193, 0.0, 0.0, 0.0, 1.0
   };
   double[] d = new double[]
   {
      0.9671749920166142, 0.25311071611386465, -0.022527765224029335, -0.039101742410735635, -0.24475196766765386, 0.9517232635176267, 0.18525470035108352,
      0.3819973706745856, 0.06833014810809426, -0.17365999846736332, 0.9824322856013239, 0.995626278168509, 0.0, 0.0, 0.0, 1.0
   };
   double[] d = new double[]
   {
      0.9670468275709587, 0.2535986964931089, -0.022541837146527167, -0.03911273709840635, -0.24523051259970774, 0.9516023252945324, 0.18524311103013727,
      0.3819958099799169, 0.06842827613661698, -0.1736108165726871, 0.9824341481208477, 0.9956184722447174, 0.0, 0.0, 0.0, 1.0
   };
   double[] d = new double[]
   {
      0.9670468275709587, 0.2535986964931089, -0.022541837146527167, -0.03911273709840635, -0.24523051259970774, 0.9516023252945324, 0.18524311103013727,
      0.3819958099799169, 0.06842827613661698, -0.1736108165726871, 0.9824341481208477, 0.9956184722447174, 0.0, 0.0, 0.0, 1.0
   };
   double[] d = new double[]
   {
      0.9669240336716466, 0.25405346497001696, -0.02268810359815837, -0.03917127137007698, -0.2456606741726355, 0.9515138863665962, 0.18512740806423658,
      0.3820121392368386, 0.0686203051086092, -0.1734305653230264, 0.9824525905806024, 0.9956227624173553, 0.0, 0.0, 0.0, 1.0
   };
   double[] d = new double[]
   {
      0.9669240336716466, 0.25405346497001696, -0.02268810359815837, -0.03917127137007698, -0.2456606741726355, 0.9515138863665962, 0.18512740806423658,
      0.3820121392368386, 0.0686203051086092, -0.1734305653230264, 0.9824525905806024, 0.9956227624173553, 0.0, 0.0, 0.0, 1.0
   };
   double[] d = new double[]
   {
      0.9670038236840711, 0.2538171926809943, -0.02191888865624372, -0.03933151351342803, -0.24555096036031246, 0.9515114581804236, 0.18528537669630632,
      0.38199789065705175, 0.0678846878648938, -0.1737894635785003, 0.9824402737584524, 0.9955804877258246, 0.0, 0.0, 0.0, 1.0
   };
   double[] d = new double[]
   {
      0.9670038236840711, 0.2538171926809943, -0.02191888865624372, -0.03933151351342803, -0.24555096036031246, 0.9515114581804236, 0.18528537669630632,
      0.38199789065705175, 0.0678846878648938, -0.1737894635785003, 0.9824402737584524, 0.9955804877258246, 0.0, 0.0, 0.0, 1.0
   };
   double[] d = new double[]
   {
      0.9668274589168362, 0.2544730615245313, -0.022093565641282023, -0.03931805955319904, -0.24616784985356321, 0.951357438031879, 0.18525769835527253,
      0.38199447399030495, 0.06816197167693354, -0.17367350419609692, 0.9824415807351403, 0.9955522987062202, 0.0, 0.0, 0.0, 1.0
   };
   double[] d = new double[]
   {
      0.9668274589168362, 0.2544730615245313, -0.022093565641282023, -0.03931805955319904, -0.24616784985356321, 0.951357438031879, 0.18525769835527253,
      0.38199447399030495, 0.06816197167693354, -0.17367350419609692, 0.9824415807351403, 0.9955522987062202, 0.0, 0.0, 0.0, 1.0
   };
   double[] d = new double[]
   {
      0.9665533449094126, 0.255445517326137, -0.02285211417808921, -0.0391795133709067, -0.24700809147951802, 0.9511816632835278, 0.1850417417147479,
      0.3820011526392899, 0.0690045954127132, -0.17320805729285133, 0.9824649279749197, 0.9956018530662186, 0.0, 0.0, 0.0, 1.0
   };
   double[] d = new double[]
   {
      0.9665533449094126, 0.255445517326137, -0.02285211417808921, -0.0391795133709067, -0.24700809147951802, 0.9511816632835278, 0.1850417417147479,
      0.3820011526392899, 0.0690045954127132, -0.17320805729285133, 0.9824649279749197, 0.9956018530662186, 0.0, 0.0, 0.0, 1.0
   };
   double[] d = new double[]
   {
      0.9665692920237737, 0.2554069468815096, -0.02260741474221349, -0.03923112250639936, -0.2470075148980733, 0.9511676884657455, 0.18511433224526014,
      0.3820012912895478, 0.0687829288453089, -0.17334162772801048, 0.982456914473131, 0.9955815543709742, 0.0, 0.0, 0.0, 1.0
   };
   double[] d = new double[]
   {
      0.9664697325008863, 0.2557755208250474, -0.02269667610776869, -0.03919018056552104, -0.24735659541386967, 0.9510821662115828, 0.1850876220052073,
      0.3819920628255821, 0.06892728679503071, -0.17326741199936885, 0.9824598887863649, 0.9956032284038233, 0.0, 0.0, 0.0, 1.0
   };
   double[] d = new double[]
   {
      0.9663722046838407, 0.25614183577719657, -0.022718318141555643, -0.039177828385776596, -0.24771652726047227, 0.9509973602717469, 0.18504200301061705,
      0.3819984179811674, 0.06900205892946212, -0.17319174553325914, 0.9824679817391699, 0.9956072738481171, 0.0, 0.0, 0.0, 1.0
   };
   double[] d = new double[]
   {
      0.9665982584258197, 0.2553758211495527, -0.0217024602375826, -0.039265396559813905, -0.24712567033163446, 0.9511132469371117, 0.18523632085496905,
      0.38199345985795347, 0.06794637496815048, -0.17368587010156117, 0.9824543290432136, 0.9955681662914965, 0.0, 0.0, 0.0, 1.0
   };
   double[] d = new double[]
   {
      0.9665982584258197, 0.2553758211495527, -0.0217024602375826, -0.039265396559813905, -0.24712567033163446, 0.9511132469371117, 0.18523632085496905,
      0.38199345985795347, 0.06794637496815048, -0.17368587010156117, 0.9824543290432136, 0.9955681662914965, 0.0, 0.0, 0.0, 1.0
   };
   double[] d = new double[]
   {
      0.9662756626238034, 0.25651924547377475, -0.022565915059996656, -0.03918974641931155, -0.2481171107444196, 0.9509005282706056, 0.18500293157278566,
      0.3820004579608667, 0.06891475296894779, -0.17316484064684926, 0.9824788520812956, 0.9955862302473949, 0.0, 0.0, 0.0, 1.0
   };
   double[] d = new double[]
   {
      0.966356869976615, 0.2562587358933615, -0.022042235080317326, -0.039216556733957846, -0.2479465595714936, 0.9509308668133968, 0.18507563356147552,
      0.38199986188852797, 0.06838788961255754, -0.17338381360397567, 0.9824770479428425, 0.9955751882836756, 0.0, 0.0, 0.0, 1.0
   };
   double[] d = new double[]
   {
      0.9661805908443207, 0.25689520728506665, -0.02235885394384257, -0.039130091174015724, -0.24852065821440184, 0.9507886184143546, 0.18503644380068304,
      0.38199692132528357, 0.06879351943606249, -0.17322198350003246, 0.9824772751142464, 0.9955878212603684, 0.0, 0.0, 0.0, 1.0
   };
   double[] d = new double[]
   {
      0.9661643050143376, 0.2569548766929832, -0.02237693142179462, -0.03912303121225564, -0.2485762493353698, 0.950774110122668, 0.185036320182846,
      0.3819965672570288, 0.06882139189613931, -0.17321311400740536, 0.9824768868290671, 0.9955876017823482, 0.0, 0.0, 0.0, 1.0
   };
   double[] d = new double[]
   {
      0.9661304058726511, 0.25709182004591213, -0.022267350848871225, -0.03902282667452803, -0.2487332376491158, 0.9507419932070154, 0.18499037499648435,
      0.3820010760874911, 0.06873001772831772, -0.17318619580737882, 0.9824880285503906, 0.9955955230396031, 0.0, 0.0, 0.0, 1.0
   };
   double[] d = new double[]
   {
      0.966187615886024, 0.2569292934991606, -0.021652460610822332, -0.038889041705054306, -0.2486754464254597, 0.9507442933878231, 0.1850562372242216,
      0.3819968611840802, 0.06813232165117626, -0.17341460933990321, 0.982489368906305, 0.9956180986975426, 0.0, 0.0, 0.0, 1.0
   };
   double[] d = new double[]
   {
      0.9661222710465694, 0.2571749655894804, -0.021651661873131726, -0.03883722776015358, -0.24891937352022428, 0.9506861894125125, 0.18502679467205688,
      0.3819938218587748, 0.06816819547353387, -0.1733689889639032, 0.9824949316874444, 0.995632146314148, 0.0, 0.0, 0.0, 1.0
   };
   double[] d = new double[]
   {
      0.9661222710465694, 0.2571749655894804, -0.021651661873131726, -0.03883722776015358, -0.24891937352022428, 0.9506861894125125, 0.18502679467205688,
      0.3819938218587748, 0.06816819547353387, -0.1733689889639032, 0.9824949316874444, 0.995632146314148, 0.0, 0.0, 0.0, 1.0
   };
   double[] d = new double[]
   {
      0.9658988653590516, 0.2579639341034669, -0.022225899305965684, -0.03876227421977477, -0.2496025788376083, 0.9505250410141493, 0.1849343100743217,
      0.38200207158598265, 0.06883265602686184, -0.17308019848299233, 0.9824995218102529, 0.995654823542257, 0.0, 0.0, 0.0, 1.0
   };
   double[] d = new double[]
   {
      0.9659751256460192, 0.2577207655604055, -0.02172702538582016, -0.038821966296361574, -0.24944650615133837, 0.9505567862062954, 0.18498172008620134,
      0.3820150956761298, 0.06832640193986425, -0.17326800973093082, 0.9825017555209936, 0.9956480169309967, 0.0, 0.0, 0.0, 1.0
   };
   double[] d = new double[]
   {
      0.9659018165457102, 0.2579889189532183, -0.021803634812735673, -0.038874488463471454, -0.24969587408032654, 0.9504879233559599, 0.1849991297864306,
      0.38202120679118723, 0.0684518170756562, -0.17324671786739462, 0.9824967803953437, 0.9956332935017846, 0.0, 0.0, 0.0, 1.0
   };
   double[] d = new double[]
   {
      0.9659018165457102, 0.2579889189532183, -0.021803634812735673, -0.038874488463471454, -0.24969587408032654, 0.9504879233559599, 0.1849991297864306,
      0.38202120679118723, 0.0684518170756562, -0.17324671786739462, 0.9824967803953437, 0.9956332935017846, 0.0, 0.0, 0.0, 1.0
   };
   double[] d = new double[]
   {
      0.9659665995530204, 0.25778824839955805, -0.02130135054550329, -0.0388852267478657, -0.24957861869278675, 0.9504990712381087, 0.18510005042379976,
      0.3820057627898617, 0.06796353168703946, -0.17348410463953293, 0.9824887906729747, 0.9956271660854444, 0.0, 0.0, 0.0, 1.0
   };
   double[] d = new double[]
   {
      0.9657317799448872, 0.25860991172448156, -0.021978233831127618, -0.038935701874146376, -0.2502830908138308, 0.9503513245018812, 0.18490736726857515,
      0.38202409065593146, 0.06870592155815669, -0.17307014062332032, 0.982510164205678, 0.9956405521752584, 0.0, 0.0, 0.0, 1.0
   };
   double[] d = new double[]
   {
      0.9657232681185497, 0.25864863187133386, -0.021896452806678787, -0.03898106274923248, -0.2503394717034975, 0.9503478946908259, 0.18484866232658703,
      0.3820357925040869, 0.06862010144004212, -0.17303110786156933, 0.9825230365699098, 0.9956416752548563, 0.0, 0.0, 0.0, 1.0
   };
   double[] d = new double[]
   {
      0.9657232681185497, 0.25864863187133386, -0.021896452806678787, -0.03898106274923248, -0.2503394717034975, 0.9503478946908259, 0.18484866232658703,
      0.3820357925040869, 0.06862010144004212, -0.17303110786156933, 0.9825230365699098, 0.9956416752548563, 0.0, 0.0, 0.0, 1.0
   };
   double[] d = new double[]
   {
      0.9658820597703656, 0.2581293872602949, -0.021001572474001393, -0.03908970205628186, -0.24997399709305942, 0.9504166676510255, 0.1849896176233666,
      0.382028954601741, 0.06771150117280778, -0.17342830588962396, 0.9825160432914976, 0.9956153804406632, 0.0, 0.0, 0.0, 1.0
   };
   double[] d = new double[]
   {
      0.9656773389840602, 0.2588393700733033, -0.02166696731709445, -0.039114214754495606, -0.25056631314078853, 0.9502863403116592, 0.18485776731342907,
      0.3820498507108423, 0.06843829112197927, -0.17308394471218047, 0.9825264110400158, 0.9956323286468188, 0.0, 0.0, 0.0, 1.0
   };
   double[] d = new double[]
   {
      0.9656625467900543, 0.25890186760071093, -0.021579357724693524, -0.0391593353676723, -0.25064008951296773, 0.9502587397330831, 0.1848996297720041,
      0.382042485645323, 0.06837683274236851, -0.17314199523442206, 0.982520461990673, 0.9956223152794385, 0.0, 0.0, 0.0, 1.0
   };
   double[] d = new double[]
   {
      0.9656625467900543, 0.25890186760071093, -0.021579357724693524, -0.0391593353676723, -0.25064008951296773, 0.9502587397330831, 0.1848996297720041,
      0.382042485645323, 0.06837683274236851, -0.17314199523442206, 0.982520461990673, 0.9956223152794385, 0.0, 0.0, 0.0, 1.0
   };
   double[] d = new double[]
   {
      0.9655178869233328, 0.259415460728111, -0.021882156345391156, -0.03913962520416465, -0.2511017677170933, 0.9501612162467772, 0.18477436345390563,
      0.3820485375937176, 0.06872490291337736, -0.17290830481982933, 0.9825373305090651, 0.995644643277459, 0.0, 0.0, 0.0, 1.0
   };
   double[] d = new double[]
   {
      0.9655256637251319, 0.25941122507286474, -0.021587241471270297, -0.039156098069775325, -0.2511428652181398, 0.9501341093920708, 0.1848578789766877,
      0.3820330223491542, 0.06846498329925091, -0.17306354461853585, 0.9825281449332133, 0.9956381886981637, 0.0, 0.0, 0.0, 1.0
   };
   double[] d = new double[]
   {
      0.9654870412107396, 0.2595613340387002, -0.021510163322993506, -0.039190691838497826, -0.2513029995625813, 0.950089135988782, 0.18487140418934175,
      0.3820318084832394, 0.06842204078351379, -0.17308537647109304, 0.9825272906066677, 0.9956185681156007, 0.0, 0.0, 0.0, 1.0
   };
   double[] d = new double[]
   {
      0.9654870412107396, 0.2595613340387002, -0.021510163322993506, -0.039190691838497826, -0.2513029995625813, 0.950089135988782, 0.18487140418934175,
      0.3820318084832394, 0.06842204078351379, -0.17308537647109304, 0.9825272906066677, 0.9956185681156007, 0.0, 0.0, 0.0, 1.0
   };
   double[] d = new double[]
   {
      0.9654717330886754, 0.25962177989540786, -0.021467743493201793, -0.03921005493652537, -0.25137060938284156, 0.9500734147623301, 0.18486028048324618,
      0.3820377388769971, 0.06838968741885271, -0.17308101561345765, 0.9825303113334294, 0.9956154168678089, 0.0, 0.0, 0.0, 1.0
   };
   double[] d = new double[]
   {
      0.9653610919898225, 0.2600233172425725, -0.021583247262309868, -0.03921417305629371, -0.25174741021989105, 0.9499783385398437, 0.18483613757232653,
      0.3820395766594075, 0.06856532301240459, -0.1730000890035801, 0.9825323229721036, 0.9956159471106157, 0.0, 0.0, 0.0, 1.0
   };
   double[] d = new double[]
   {
      0.9653054226775655, 0.2602286144253153, -0.021598823661651497, -0.039208334075296905, -0.251945468385782, 0.9499222943782739, 0.18485430912744494,
      0.38204052755239276, 0.06862158486333164, -0.17299914126202087, 0.9825285620344316, 0.9956115264339331, 0.0, 0.0, 0.0, 1.0
   };
   double[] d = new double[]
   {
      0.9652869906618465, 0.2603034410615219, -0.021520786010899507, -0.03921673638227216, -0.2520315224443319, 0.9498963929643125, 0.18487010122726888,
      0.3820438309124399, 0.06856484050436026, -0.17302878721449566, 0.9825273031532978, 0.9956023794956517, 0.0, 0.0, 0.0, 1.0
   };
   double[] d = new double[]
   {
      0.9652594916696082, 0.2603982634837025, -0.021606899740634296, -0.039207457346560844, -0.2521112747866748, 0.949879026665579, 0.18485058784404795,
      0.3820454840246253, 0.06865871297342616, -0.17298144141937483, 0.9825290845859516, 0.9956058948318635, 0.0, 0.0, 0.0, 1.0
   };
   double[] d = new double[]
   {
      0.9653001937296269, 0.26028566812264514, -0.021140173970260266, -0.039190953889849084, -0.25207590371810057, 0.9498731028202102, 0.18492924945343103,
      0.3820337965705558, 0.06821491589269577, -0.1731833118653603, 0.9825244351877962, 0.9956025188817812, 0.0, 0.0, 0.0, 1.0
   };
   double[] d = new double[]
   {
      0.9651739169534685, 0.2607275884093506, -0.021457741608645334, -0.03913541823587786, -0.25246298783426036, 0.9497906104608556, 0.18482487942426318,
      0.38203525215293055, 0.0685693065919237, -0.1729708672656745, 0.9825371897647759, 0.995622810717912, 0.0, 0.0, 0.0, 1.0
   };


   double[] d = new double[]
   {
      0.9675261937031333, 0.2517680839630386, -0.022492140758655122, -0.039150102444252245, -0.2434212491176221, 0.9520202653168552, 0.18548183173572858,
      0.38197589903827206, 0.06811137919865802, -0.17398346566155332, 0.9823902451164973, 0.9956242481179842, 0.0, 0.0, 0.0, 1.0
   };
   double[] d = new double[]
   {
      0.9676158795071217, 0.25147593439892346, -0.021894386126301416, -0.03919327952077565, -0.24323614499585744, 0.9520623096630345, 0.1855088577039983,
      0.38198243172347623, 0.06749583315445074, -0.1741758104252035, 0.9823986459526042, 0.9956184488643762, 0.0, 0.0, 0.0, 1.0
   };
   double[] d = new double[]
   {
      0.9676158795071217, 0.25147593439892346, -0.021894386126301416, -0.03919327952077565, -0.24323614499585744, 0.9520623096630345, 0.1855088577039983,
      0.38198243172347623, 0.06749583315445074, -0.1741758104252035, 0.9823986459526042, 0.9956184488643762, 0.0, 0.0, 0.0, 1.0
   };
   double[] d = new double[]
   {
      0.9675366930234597, 0.25177209724975713, -0.021989968160194766, -0.0392118766393082, -0.24351320723058703, 0.9519980780128293, 0.18547500468837358,
      0.381986474964991, 0.06763183834186909, -0.17409902500111213, 0.9824029030576821, 0.995610686000178, 0.0, 0.0, 0.0, 1.0
   };
   double[] d = new double[]
   {
      0.9673970697009504, 0.252272788220022, -0.022390843166580618, -0.03913529623033081, -0.24394465264244203, 0.9519119624243157, 0.18534999930036766,
      0.3819859078774443, 0.06807287257911772, -0.173844919733606, 0.982417440756038, 0.995647137930809, 0.0, 0.0, 0.0, 1.0
   };
   double[] d = new double[]
   {
      0.9673572180661903, 0.25243742924494467, -0.022256616352101057, -0.03916258746779476, -0.24412731314375136, 0.9518574848410789, 0.1853892756586205,
      0.38199234724411474, 0.06798431901882829, -0.17390420601071954, 0.9824130798698312, 0.9956184859336826, 0.0, 0.0, 0.0, 1.0
   };
   double[] d = new double[]
   {
      0.9672855518628526, 0.2527106258045174, -0.02227107457815553, -0.03911852369391041, -0.24439785090835586, 0.9517999703898986, 0.18532810590184404,
      0.38199071693917924, 0.06803198974566055, -0.17382219642864147, 0.9824242934699696, 0.9956202211541193, 0.0, 0.0, 0.0, 1.0
   };
   double[] d = new double[]
   {
      0.9671749920166142, 0.25311071611386465, -0.022527765224029335, -0.039101742410735635, -0.24475196766765386, 0.9517232635176267, 0.18525470035108352,
      0.3819973706745856, 0.06833014810809426, -0.17365999846736332, 0.9824322856013239, 0.995626278168509, 0.0, 0.0, 0.0, 1.0
   };
   double[] d = new double[]
   {
      0.9670468275709587, 0.2535986964931089, -0.022541837146527167, -0.03911273709840635, -0.24523051259970774, 0.9516023252945324, 0.18524311103013727,
      0.3819958099799169, 0.06842827613661698, -0.1736108165726871, 0.9824341481208477, 0.9956184722447174, 0.0, 0.0, 0.0, 1.0
   };
   double[] d = new double[]
   {
      0.9670468275709587, 0.2535986964931089, -0.022541837146527167, -0.03911273709840635, -0.24523051259970774, 0.9516023252945324, 0.18524311103013727,
      0.3819958099799169, 0.06842827613661698, -0.1736108165726871, 0.9824341481208477, 0.9956184722447174, 0.0, 0.0, 0.0, 1.0
   };
   double[] d = new double[]
   {
      0.9669240336716466, 0.25405346497001696, -0.02268810359815837, -0.03917127137007698, -0.2456606741726355, 0.9515138863665962, 0.18512740806423658,
      0.3820121392368386, 0.0686203051086092, -0.1734305653230264, 0.9824525905806024, 0.9956227624173553, 0.0, 0.0, 0.0, 1.0
   };
   double[] d = new double[]
   {
      0.9669240336716466, 0.25405346497001696, -0.02268810359815837, -0.03917127137007698, -0.2456606741726355, 0.9515138863665962, 0.18512740806423658,
      0.3820121392368386, 0.0686203051086092, -0.1734305653230264, 0.9824525905806024, 0.9956227624173553, 0.0, 0.0, 0.0, 1.0
   };
   double[] d = new double[]
   {
      0.9670038236840711, 0.2538171926809943, -0.02191888865624372, -0.03933151351342803, -0.24555096036031246, 0.9515114581804236, 0.18528537669630632,
      0.38199789065705175, 0.0678846878648938, -0.1737894635785003, 0.9824402737584524, 0.9955804877258246, 0.0, 0.0, 0.0, 1.0
   };
   double[] d = new double[]
   {
      0.9670038236840711, 0.2538171926809943, -0.02191888865624372, -0.03933151351342803, -0.24555096036031246, 0.9515114581804236, 0.18528537669630632,
      0.38199789065705175, 0.0678846878648938, -0.1737894635785003, 0.9824402737584524, 0.9955804877258246, 0.0, 0.0, 0.0, 1.0
   };
   double[] d = new double[]
   {
      0.9668274589168362, 0.2544730615245313, -0.022093565641282023, -0.03931805955319904, -0.24616784985356321, 0.951357438031879, 0.18525769835527253,
      0.38199447399030495, 0.06816197167693354, -0.17367350419609692, 0.9824415807351403, 0.9955522987062202, 0.0, 0.0, 0.0, 1.0
   };
   double[] d = new double[]
   {
      0.9668274589168362, 0.2544730615245313, -0.022093565641282023, -0.03931805955319904, -0.24616784985356321, 0.951357438031879, 0.18525769835527253,
      0.38199447399030495, 0.06816197167693354, -0.17367350419609692, 0.9824415807351403, 0.9955522987062202, 0.0, 0.0, 0.0, 1.0
   };
   double[] d = new double[]
   {
      0.9665533449094126, 0.255445517326137, -0.02285211417808921, -0.0391795133709067, -0.24700809147951802, 0.9511816632835278, 0.1850417417147479,
      0.3820011526392899, 0.0690045954127132, -0.17320805729285133, 0.9824649279749197, 0.9956018530662186, 0.0, 0.0, 0.0, 1.0
   };
   double[] d = new double[]
   {
      0.9665533449094126, 0.255445517326137, -0.02285211417808921, -0.0391795133709067, -0.24700809147951802, 0.9511816632835278, 0.1850417417147479,
      0.3820011526392899, 0.0690045954127132, -0.17320805729285133, 0.9824649279749197, 0.9956018530662186, 0.0, 0.0, 0.0, 1.0
   };
   double[] d = new double[]
   {
      0.9665692920237737, 0.2554069468815096, -0.02260741474221349, -0.03923112250639936, -0.2470075148980733, 0.9511676884657455, 0.18511433224526014,
      0.3820012912895478, 0.0687829288453089, -0.17334162772801048, 0.982456914473131, 0.9955815543709742, 0.0, 0.0, 0.0, 1.0
   };
   double[] d = new double[]
   {
      0.9664697325008863, 0.2557755208250474, -0.02269667610776869, -0.03919018056552104, -0.24735659541386967, 0.9510821662115828, 0.1850876220052073,
      0.3819920628255821, 0.06892728679503071, -0.17326741199936885, 0.9824598887863649, 0.9956032284038233, 0.0, 0.0, 0.0, 1.0
   };
   double[] d = new double[]
   {
      0.9663722046838407, 0.25614183577719657, -0.022718318141555643, -0.039177828385776596, -0.24771652726047227, 0.9509973602717469, 0.18504200301061705,
      0.3819984179811674, 0.06900205892946212, -0.17319174553325914, 0.9824679817391699, 0.9956072738481171, 0.0, 0.0, 0.0, 1.0
   };
   double[] d = new double[]
   {
      0.9665982584258197, 0.2553758211495527, -0.0217024602375826, -0.039265396559813905, -0.24712567033163446, 0.9511132469371117, 0.18523632085496905,
      0.38199345985795347, 0.06794637496815048, -0.17368587010156117, 0.9824543290432136, 0.9955681662914965, 0.0, 0.0, 0.0, 1.0
   };
   double[] d = new double[]
   {
      0.9665982584258197, 0.2553758211495527, -0.0217024602375826, -0.039265396559813905, -0.24712567033163446, 0.9511132469371117, 0.18523632085496905,
      0.38199345985795347, 0.06794637496815048, -0.17368587010156117, 0.9824543290432136, 0.9955681662914965, 0.0, 0.0, 0.0, 1.0
   };
   double[] d = new double[]
   {
      0.9662756626238034, 0.25651924547377475, -0.022565915059996656, -0.03918974641931155, -0.2481171107444196, 0.9509005282706056, 0.18500293157278566,
      0.3820004579608667, 0.06891475296894779, -0.17316484064684926, 0.9824788520812956, 0.9955862302473949, 0.0, 0.0, 0.0, 1.0
   };
   double[] d = new double[]
   {
      0.966356869976615, 0.2562587358933615, -0.022042235080317326, -0.039216556733957846, -0.2479465595714936, 0.9509308668133968, 0.18507563356147552,
      0.38199986188852797, 0.06838788961255754, -0.17338381360397567, 0.9824770479428425, 0.9955751882836756, 0.0, 0.0, 0.0, 1.0
   };
   double[] d = new double[]
   {
      0.9661805908443207, 0.25689520728506665, -0.02235885394384257, -0.039130091174015724, -0.24852065821440184, 0.9507886184143546, 0.18503644380068304,
      0.38199692132528357, 0.06879351943606249, -0.17322198350003246, 0.9824772751142464, 0.9955878212603684, 0.0, 0.0, 0.0, 1.0
   };
   double[] d = new double[]
   {
      0.9661643050143376, 0.2569548766929832, -0.02237693142179462, -0.03912303121225564, -0.2485762493353698, 0.950774110122668, 0.185036320182846,
      0.3819965672570288, 0.06882139189613931, -0.17321311400740536, 0.9824768868290671, 0.9955876017823482, 0.0, 0.0, 0.0, 1.0
   };
   double[] d = new double[]
   {
      0.9661304058726511, 0.25709182004591213, -0.022267350848871225, -0.03902282667452803, -0.2487332376491158, 0.9507419932070154, 0.18499037499648435,
      0.3820010760874911, 0.06873001772831772, -0.17318619580737882, 0.9824880285503906, 0.9955955230396031, 0.0, 0.0, 0.0, 1.0
   };
   double[] d = new double[]
   {
      0.966187615886024, 0.2569292934991606, -0.021652460610822332, -0.038889041705054306, -0.2486754464254597, 0.9507442933878231, 0.1850562372242216,
      0.3819968611840802, 0.06813232165117626, -0.17341460933990321, 0.982489368906305, 0.9956180986975426, 0.0, 0.0, 0.0, 1.0
   };
   double[] d = new double[]
   {
      0.9661222710465694, 0.2571749655894804, -0.021651661873131726, -0.03883722776015358, -0.24891937352022428, 0.9506861894125125, 0.18502679467205688,
      0.3819938218587748, 0.06816819547353387, -0.1733689889639032, 0.9824949316874444, 0.995632146314148, 0.0, 0.0, 0.0, 1.0
   };
   double[] d = new double[]
   {
      0.9661222710465694, 0.2571749655894804, -0.021651661873131726, -0.03883722776015358, -0.24891937352022428, 0.9506861894125125, 0.18502679467205688,
      0.3819938218587748, 0.06816819547353387, -0.1733689889639032, 0.9824949316874444, 0.995632146314148, 0.0, 0.0, 0.0, 1.0
   };
   double[] d = new double[]
   {
      0.9658988653590516, 0.2579639341034669, -0.022225899305965684, -0.03876227421977477, -0.2496025788376083, 0.9505250410141493, 0.1849343100743217,
      0.38200207158598265, 0.06883265602686184, -0.17308019848299233, 0.9824995218102529, 0.995654823542257, 0.0, 0.0, 0.0, 1.0
   };
   double[] d = new double[]
   {
      0.9659751256460192, 0.2577207655604055, -0.02172702538582016, -0.038821966296361574, -0.24944650615133837, 0.9505567862062954, 0.18498172008620134,
      0.3820150956761298, 0.06832640193986425, -0.17326800973093082, 0.9825017555209936, 0.9956480169309967, 0.0, 0.0, 0.0, 1.0
   };
   double[] d = new double[]
   {
      0.9659018165457102, 0.2579889189532183, -0.021803634812735673, -0.038874488463471454, -0.24969587408032654, 0.9504879233559599, 0.1849991297864306,
      0.38202120679118723, 0.0684518170756562, -0.17324671786739462, 0.9824967803953437, 0.9956332935017846, 0.0, 0.0, 0.0, 1.0
   };
   double[] d = new double[]
   {
      0.9659018165457102, 0.2579889189532183, -0.021803634812735673, -0.038874488463471454, -0.24969587408032654, 0.9504879233559599, 0.1849991297864306,
      0.38202120679118723, 0.0684518170756562, -0.17324671786739462, 0.9824967803953437, 0.9956332935017846, 0.0, 0.0, 0.0, 1.0
   };
   double[] d = new double[]
   {
      0.9659665995530204, 0.25778824839955805, -0.02130135054550329, -0.0388852267478657, -0.24957861869278675, 0.9504990712381087, 0.18510005042379976,
      0.3820057627898617, 0.06796353168703946, -0.17348410463953293, 0.9824887906729747, 0.9956271660854444, 0.0, 0.0, 0.0, 1.0
   };
   double[] d = new double[]
   {
      0.9657317799448872, 0.25860991172448156, -0.021978233831127618, -0.038935701874146376, -0.2502830908138308, 0.9503513245018812, 0.18490736726857515,
      0.38202409065593146, 0.06870592155815669, -0.17307014062332032, 0.982510164205678, 0.9956405521752584, 0.0, 0.0, 0.0, 1.0
   };
   double[] d = new double[]
   {
      0.9657232681185497, 0.25864863187133386, -0.021896452806678787, -0.03898106274923248, -0.2503394717034975, 0.9503478946908259, 0.18484866232658703,
      0.3820357925040869, 0.06862010144004212, -0.17303110786156933, 0.9825230365699098, 0.9956416752548563, 0.0, 0.0, 0.0, 1.0
   };
   double[] d = new double[]
   {
      0.9657232681185497, 0.25864863187133386, -0.021896452806678787, -0.03898106274923248, -0.2503394717034975, 0.9503478946908259, 0.18484866232658703,
      0.3820357925040869, 0.06862010144004212, -0.17303110786156933, 0.9825230365699098, 0.9956416752548563, 0.0, 0.0, 0.0, 1.0
   };
   double[] d = new double[]
   {
      0.9658820597703656, 0.2581293872602949, -0.021001572474001393, -0.03908970205628186, -0.24997399709305942, 0.9504166676510255, 0.1849896176233666,
      0.382028954601741, 0.06771150117280778, -0.17342830588962396, 0.9825160432914976, 0.9956153804406632, 0.0, 0.0, 0.0, 1.0
   };
   double[] d = new double[]
   {
      0.9656773389840602, 0.2588393700733033, -0.02166696731709445, -0.039114214754495606, -0.25056631314078853, 0.9502863403116592, 0.18485776731342907,
      0.3820498507108423, 0.06843829112197927, -0.17308394471218047, 0.9825264110400158, 0.9956323286468188, 0.0, 0.0, 0.0, 1.0
   };
   double[] d = new double[]
   {
      0.9656625467900543, 0.25890186760071093, -0.021579357724693524, -0.0391593353676723, -0.25064008951296773, 0.9502587397330831, 0.1848996297720041,
      0.382042485645323, 0.06837683274236851, -0.17314199523442206, 0.982520461990673, 0.9956223152794385, 0.0, 0.0, 0.0, 1.0
   };
   double[] d = new double[]
   {
