{
  "weights" : [ 0.08734619517644665, 0.03291902691391775, 0.10610447700634762, 0.04294301350983942, 0.12584052049568364, 0.04928834226947891, 0.1293569581445986, 0.06193602527602928, 0.11299049341870655, 0.09018611918016765, 0.10390589594603562, 0.08736089387509449, 0.08123783044140401, 0.08630623582647612, 0.07165288459550345, 0.10010379419563062, 0.07172056326012254, 0.07683544797762686, 0.08208811381668332, 0.07219365005668185, -0.01685885945706138, -0.025718113860874484, -0.03354301237647704, -0.0351419339803206, -0.030114285150595055, -0.04590556526352046, -0.04271360728845114, -0.04285726421577734, -0.032441577482532506, -0.04867831277106155, -0.036137505108667034, -0.04668466338813003, -0.043345149211452376, -0.047187348896542476, -0.04533943957296174, -0.018829358898843372, -0.010291140797377266, 0.00617013766310664, 0.013819199019935915, 0.003379374071179114, 0.9373500243390951, 0.9427529828285535, 0.9515731869377784, 0.9692511019404597, 0.9580230894628115, 0.976208119067733, 0.9803484639842429, 0.9875389526546445, 0.9898963116655604, 0.9886369247157527, 0.9884979964302111, 0.9809973211154575, 0.9773639081965626, 0.9644305421293045, 0.9609903417672406, 0.9515113828384606, 0.9445349890553372, 0.9465208792931271, 0.9372720062740382, 0.9458586755761816, -0.08797177383678259, -0.07518884688255512, -0.06359720801059954, -0.07056446416096046, -0.0713661820324187, -0.0610014730232136, -0.016556521563345444, 4.5183018151770393E-4, -0.04137494021859798, -0.003271680387437855, -0.04618660727479742, -0.021980263506256197, -0.022419836324980565, -0.038994893163251776, -0.04323631887409293, -0.041786501555556486, -0.046398091785781186, -0.025603904041480996, -0.018160687289070443, 0.009816783442166382 ],
  "covariance" : [ [ 0.002390437328213041, 0.002971292268380956, -2.1851865973584694E-4, 0.0038746022853849696, -0.002750191848607125, 0.003428548123376588, -0.002179308746842474, 0.0026586890915819253, -0.0012095224975033055, 0.0024030798966636936, -0.0010195587605559568, 9.329416308798863E-4, -0.0010972508388039843, 1.2781347444541186E-4, -0.0010666371702326741, 8.882911228470714E-4, -0.0011086342725141094, 8.700724165517983E-4, 5.658975692992883E-5, 4.3335839862960297E-4, -7.336847713508922E-4, -2.6026296177648738E-6, -1.5317448032211767E-4, 4.216753995560865E-4, 2.9186907537998464E-4, 5.829046394084126E-4, 7.947883463898589E-4, 3.804929418338409E-4, 9.38008447427239E-4, 4.3674326121722533E-4, 0.0011455635245703252, 7.951230343649345E-4, 0.001102350988303059, 8.00185768382046E-4, 6.729643002800578E-4, 0.001054345959056544, 3.38476427458616E-4, 5.735390220288959E-4, 6.255453322823214E-4, 3.9765490703115E-5, 3.795628045770507E-4, 0.0010087099931835872, 7.263614654054085E-5, -5.434857276803101E-6, -2.713870998972456E-4, -7.254092417115914E-4, -4.106076956057315E-5, -2.497436211202508E-4, 1.9104087279218403E-4, -2.4212718975056394E-4, -2.8718831290118988E-5, -6.502064423807679E-4, -4.2289620420113964E-4, -0.0011433035683126504, -8.122977771861968E-4, -0.0011829896452231852, -6.47321068295007E-4, -7.315373600743682E-4, -3.2800423137604876E-4, -4.342809226127717E-5, 0.013565983929568879, 0.015906990347858474, 0.011798643770082393, 0.011118494567368468, 0.007080140993151055, 0.004840520003345601, 1.1648434992504229E-4, -4.4544345888734366E-4, -0.004163055325215264, -0.00473258814541496, -0.0062586162106563715, -0.0066775726043045245, -0.008628992209452426, -0.009912380129671718, -0.012014247882363752, -0.012490781671473246, -0.014523499998814209, -0.013575907539973934, -0.015233829002000385, -0.013800298646981212 ], [ 0.002971292268380956, 0.007169637711048104, -0.00174723184553529, 0.007450895017072535, -0.005049140809094652, 0.007518954373596144, -0.00425815603727009, 0.006123042153116457, -0.0022793534639085297, 0.003374869288700475, -7.871679906371359E-4, 0.0011194924134148576, -0.0012138970903446905, 7.183680748094084E-5, -0.002649424705798335, 0.0017749094726107358, -0.0032711670049177604, 0.0018949871076888417, -3.060480779421723E-4, 6.317928509455916E-4, -0.0025883891692894934, -0.002053373136631696, -5.923862477305204E-4, -0.001103973810273417, -1.521383050565327E-4, 1.0277167161678418E-4, 7.276550632591601E-4, 8.040084504718516E-5, 3.120548142772544E-4, 8.896797373776019E-4, 8.445674066358857E-4, 0.0019921221733627116, 0.001752316986526295, 0.002365379302150744, 0.0012622362163170649, 0.0013776622696049603, 5.8133040835201184E-6, 1.5469877536305747E-4, -4.9767546497118555E-5, -9.548921397079402E-5, -4.0303520563815103E-4, 8.124685028483641E-4, -1.5786648299465252E-4, -7.800869861878948E-4, 4.388098142695974E-4, -2.0920370946892638E-4, 5.821552459083543E-4, 1.0059532976693593E-4, 4.943559031299353E-4, -1.488339643925508E-4, -2.482275272650555E-4, -7.800282179043773E-4, -2.6239916189098187E-4, -0.0014824709666704401, -0.001004948270783809, -0.0020155596574362414, -0.0013530693116243651, -0.0014761802191711124, -8.430411978016458E-4, -5.913019588072085E-4, 0.019297823615227354, 0.020940112025330804, 0.018413118138450674, 0.01784170994820458, 0.015684623311678365, 0.012216798603214412, 0.005565425187985256, 0.0035944319627866307, -0.0027082414089128104, -0.004684298938385544, -0.009100830481453088, -0.011096956882145115, -0.014149356923915788, -0.01739374534095766, -0.01990037846289619, -0.021484630397260892, -0.023706991254075025, -0.02240290989631468, -0.024697461982230256, -0.02293935567619695 ], [ -2.1851865973584694E-4, -0.00174723184553529, 0.004127193383801428, -0.0038687228337819244, 0.005321652755563099, -0.004567180587454756, 0.003299111326269684, -0.0022214468469784576, 0.001161410240728578, -5.911766585702535E-4, 6.122836021048552E-4, -0.0016092174370631858, 0.0015185867070255069, -0.0013500701731004264, 8.406654211413468E-4, -0.0010162097679118547, 2.2208314124969137E-4, 2.1795361135183594E-4, -2.296220691942183E-4, 4.021281881700882E-4, -0.0027450397819564236, -0.001875266214586318, -0.0020150419135264905, -0.0013251300621684148, -0.002075883159821495, -3.0742184158485226E-4, -0.0020047285316576046, 1.5468443673341214E-4, -0.001488440665349672, 5.47525554500231E-4, -3.0391354986234305E-4, 7.241178278517349E-4, 5.076899924732315E-4, 4.2287394791612893E-4, -3.660355167811402E-4, -0.0012387045917486314, -0.0032295630013281723, -0.002800005956600906, -0.004090068707954796, -0.0028687588335164454, 4.1610761901735683E-4, -9.90356069054928E-4, -4.283496926569069E-4, -7.099205503879969E-5, 5.761469837834457E-4, 0.0016075131964226354, 2.975107775827226E-4, 8.551750642165261E-4, 9.655940836877873E-5, -5.00946089013435E-5, -3.74117608714344E-4, -2.85564305656827E-4, -6.618130430755869E-4, -6.517241840836906E-4, -0.0012980747143614066, -9.9579114536141E-4, -0.0012279910742812774, -8.538844878156227E-4, -0.0011123264437257144, -8.240933566433638E-4, 0.006085786666083963, -0.0014202084061391681, 0.0048967722427062255, 0.0030543612580201224, 0.007855986623502629, 0.006865948911264225, 0.005400239920507451, 0.005367558978318516, 0.0018452823588019837, 0.001748898246369859, -0.0010532176810492105, -0.0026282305202162738, -0.0033006021969434842, -0.0031056239197715893, -0.001597787763162874, -0.0011222312383679517, 6.235184305360805E-4, 2.0990535006537085E-4, 9.765486312652907E-4, 2.2335762005753153E-4 ], [ 0.0038746022853849696, 0.007450895017072535, -0.0038687228337819244, 0.010876611067570024, -0.00937308546783707, 0.009909678621997832, -0.007170412709959239, 0.00691071158188504, -0.003666769513499419, 0.0049247617141524105, -0.0023885546318582447, 0.0033869026783787835, -0.0036515987945945788, 0.001424456014663097, -0.0037503929528263833, 0.002911249751220184, -0.003285636957229576, 0.001885280980162604, 1.6668742313465348E-4, 5.038118745975171E-4, 3.2710152282671757E-4, 7.438530265830998E-4, 0.001189001125854565, 9.449367711238767E-4, 0.0019982846500582402, 6.665034454511065E-4, 0.0029670884594716015, 3.2208222431721336E-4, 0.0025270828869414365, 4.5761443521104734E-4, 0.0018188454738685504, 0.0011645604185545244, 0.0012663336139471632, 0.0016199005744949784, 0.0010324327656311637, 0.0029093645451762243, 0.001988104771163788, 0.0028722790307816504, 0.003464500320469088, 0.001745181481378413, 5.422984941373909E-4, 0.0024468932734653995, 6.307315027414313E-4, -2.8611200471013905E-5, -7.052974046268381E-4, -0.0023039337151848525, -3.410257035560374E-4, -9.660544946776039E-4, 1.5506012658415364E-4, -2.2637260900270706E-4, 1.1341176007548163E-4, -7.490082087164651E-4, -4.335956066167965E-5, -0.0013735754418798209, -3.157783288129107E-4, -0.0015296471656775271, -5.026672896148238E-4, -9.378398678185644E-4, -4.68087682214445E-5, 2.7864504851860043E-4, 0.02135016173658889, 0.030497479504151933, 0.01901893013976689, 0.019123971680456604, 0.008825384874201883, 0.005661211535547279, -0.0020473469965612712, -0.0034885815572984944, -0.008223699328227882, -0.008675015974993249, -0.010302247737905553, -0.010030743216062538, -0.012572355986034943, -0.016364700085967184, -0.020416059194950716, -0.023130370145314123, -0.027288987856597047, -0.025942765203268665, -0.029029763132349944, -0.026220982433670128 ], [ -0.002750191848607125, -0.005049140809094652, 0.005321652755563099, -0.00937308546783707, 0.010526804582109698, -0.009354540849203397, 0.006984261779094893, -0.005241304702143736, 0.003111473511085465, -0.003628415577960936, 0.002673506408046581, -0.0037753467650530684, 0.0038447997497938215, -0.0017819972326587677, 0.002908493653997541, -0.002843118736497736, 0.002059483916332381, -9.385768140316243E-4, -5.690836088363474E-4, 2.720228109040806E-4, -0.0028987323707736026, -0.002723094222256792, -0.002447148276894487, -0.002146645187915784, -0.003153965607934275, -0.0010777277531232852, -0.003763029502114593, -4.3870467824983194E-4, -0.0033873041175998737, 9.941769624236456E-5, -0.001877153163979103, 4.612758880370827E-5, -6.25577867632356E-4, -1.4515934067244935E-4, -9.500460407380021E-4, -0.00333749434124838, -0.004437538591136409, -0.004844066323236094, -0.0064494389783555095, -0.0040099816480188046, -4.5679379058074013E-4, -0.0022616064094862893, -8.354273310717315E-4, -1.500876788108235E-4, 0.001188140627352355, 0.0031108496883815034, 6.497199703019491E-4, 0.0013475515825978432, 9.616093685840597E-5, 6.620695197224318E-5, -3.828893898404953E-4, 1.6704509840865614E-4, -3.4439065846374927E-4, 2.9977025451844016E-4, -8.481613450369339E-4, 3.5802697512816095E-5, -0.0010799034045216602, -3.234455711329558E-4, -0.0012748154953964401, -0.0013009324211015881, -0.007898674746855667, -0.019940177531728602, -0.006258344236197392, -0.008604074987287765, 0.0046636799094237884, 0.0038124789648161022, 0.009375453903238578, 0.008575423374262746, 0.009192020487911809, 0.007467258664646499, 0.006571006842378165, 0.00311445373159674, 0.0056369650002142, 0.006610346285931026, 0.011372890923010545, 0.013121780871696643, 0.017494309691417766, 0.016756918854049983, 0.01908761617182934, 0.016966294619224654 ], [ 0.003428548123376588, 0.007518954373596144, -0.004567180587454756, 0.009909678621997832, -0.009354540849203397, 0.011222830424980793, -0.007370529091202804, 0.00808029012507864, -0.003946652504433747, 0.004665512267435705, -0.0026313611692461484, 0.00304894346385517, -0.0030664377957779726, 9.03254919707106E-4, -0.003221025670479795, 0.0028876155280659443, -0.0034752911704770397, 0.0016687671907832282, 1.2109936699181236E-4, 1.5158828553858263E-4, -5.957697362300704E-5, 9.846979071278402E-6, 0.001171326911892706, 4.5439815537968564E-4, 0.0018825562746064225, 3.1491284336925956E-4, 0.00263177222268679, -2.5929868653666187E-4, 0.0019303309209347528, 1.1248891889409956E-4, 0.0013473896901167039, 9.187616487993125E-4, 0.0013714966563083293, 9.280210999296733E-4, 0.001046658027211961, 0.0020104030000488242, 0.0020149353959289023, 0.0019473864148126826, 0.0029771631958320716, 0.0015062550269314054, -3.5437281969874474E-4, 0.001753954760814309, 3.48210300761786E-4, -5.621993927213733E-4, 1.045897146278539E-4, -0.0018202195839457371, 4.975179452057599E-4, -7.171462239035399E-4, 3.798369891687651E-4, -1.9437923408174715E-4, 1.1146460882215897E-5, -5.582617703588315E-4, -6.122442188882659E-5, -0.0011553640343276875, -2.2822997335031282E-4, -0.0015714327646144815, -2.0476223803632661E-4, -0.001129217690799974, 1.5939033601809517E-5, -1.0224100924329021E-4, 0.013166246812093621, 0.021722809510952488, 0.012643115096587401, 0.014503584752255461, 0.0064912032832761535, 0.005366689220998878, -0.0013065458729202527, -0.001759058734052385, -0.005759879988001161, -0.006399910907981483, -0.008719520111833773, -0.007666406584834395, -0.011480122528196982, -0.013108927450902053, -0.017223681548740183, -0.01854369645758957, -0.021645815720934485, -0.0206207728546422, -0.022813845106466273, -0.0207815396133704 ], [ -0.002179308746842474, -0.00425815603727009, 0.003299111326269684, -0.007170412709959239, 0.006984261779094893, -0.007370529091202804, 0.006431826363317655, -0.005882987760716226, 0.004089808285328418, -0.004161130431717344, 0.003112408245625058, -0.00305104067541626, 0.0032019640590089963, -9.916745263918462E-4, 0.002759690574972759, -0.0026663634652271903, 0.0023670068630947004, -0.0011494541063362888, -3.9032426145972285E-4, -1.0330850270311782E-4, -0.001174732714894984, -0.0012830394111856115, -0.0012992275727022155, -0.0010376592805210237, -0.0019121295008590234, 1.879678605332564E-4, -0.002509156371957887, 4.814938724128714E-4, -0.0019366292569343525, 2.0311399327083648E-4, -0.0010223462328404827, -9.604220870165611E-5, -3.774744929622814E-4, 1.6499078723950238E-4, -5.3977655866400444E-5, -0.001569448819754904, -9.836766758847598E-4, -0.0019223923573839716, -0.002445845486518398, -9.474850334498796E-4, -1.4558640802314764E-4, -0.0019955875061298187, -6.932488800243008E-4, -2.146608000001801E-4, 1.89916478882414E-4, 0.001859095643855472, 8.074658413731919E-5, 9.596340230868946E-4, 3.6393438282818006E-5, 1.7669136258090286E-4, -2.1940706109519667E-5, 2.0556683762245468E-4, 1.556150492366495E-4, 5.910885475551638E-4, -8.930140206042064E-6, 8.304326001200471E-4, -9.940703385956612E-5, 6.551470064074108E-4, -1.4583344257491917E-4, -4.859929455900073E-5, -0.008577789043672979, -0.01810608687074972, -0.008193406904471172, -0.010090503524223906, -0.0013861190327982618, -0.001977998708131825, 0.0033709298959744005, 0.0029705586126489636, 0.005664518485894289, 0.004907583523535894, 0.005587989985747345, 0.004140810652455923, 0.005967316054786902, 0.008059509808516047, 0.009997677927653398, 0.01237813652092992, 0.013060717801991584, 0.013687741364564712, 0.014231997439410322, 0.012882977458699445 ], [ 0.0026586890915819253, 0.006123042153116457, -0.0022214468469784576, 0.00691071158188504, -0.005241304702143736, 0.00808029012507864, -0.005882987760716226, 0.007618135004458279, -0.004135148547497424, 0.004461808877208502, -0.002481922458420539, 0.001791239207008334, -0.0018793112011679964, 5.047193683731033E-5, -0.002584785504797605, 0.0023670254588895275, -0.003155629559957679, 0.0016536234695770616, -1.797550722204761E-5, 4.7911930877162287E-4, -0.0015905108302379414, -0.0011629186729057285, -1.1150133946806027E-4, -5.177379027436448E-4, 4.0658561806273776E-4, -6.410105814238692E-4, 0.0011714700244803773, -8.128264520510983E-4, 4.6903172324417344E-4, 2.298995857899349E-4, 6.157711824776522E-4, 0.001135000689842845, 0.0012130853878645827, 8.027123822438518E-4, 5.079266380108636E-4, 6.048232827404101E-4, -6.621743905282563E-4, -2.836107440055532E-4, -3.611037152774472E-4, -7.656240118385044E-4, -7.302213094245255E-4, 0.001326368029294093, 9.9737184457207E-5, -4.45725911536471E-4, 8.191271380171039E-4, -4.913452359162591E-4, 8.271555750816331E-4, -2.8235905268642617E-4, 3.8715455171738376E-4, -2.690844187995296E-4, -3.0513488929297903E-4, -5.519698987388398E-4, -5.208437760731245E-4, -0.0012550691144231523, -9.341693767516452E-4, -0.001905848454726204, -9.902338336091009E-4, -0.0016165540759159873, -7.920488368771329E-4, -9.197112275892329E-4, 0.013007725948667689, 0.018572010307653892, 0.013688492777377988, 0.014904430764296548, 0.011376447841924809, 0.010347136617251241, 0.0039701769855855305, 0.003282694073507072, -0.0024095842914389673, -0.003819549230326294, -0.0074357229694879835, -0.008542986969965938, -0.01143638465008576, -0.014223057102128686, -0.015594416685515037, -0.017502398665322053, -0.017153150022868824, -0.017423223038693505, -0.018003349574493573, -0.01672928267271204 ], [ -0.0012095224975033055, -0.0022793534639085297, 0.001161410240728578, -0.003666769513499419, 0.003111473511085465, -0.003946652504433747, 0.004089808285328418, -0.004135148547497424, 0.003260107920535823, -0.0031134665726611777, 0.0025195839823607693, -0.0018276509932726782, 0.0019601122514072123, -2.2796574407018007E-4, 0.0018125741011263917, -0.0017966707478936515, 0.0017741956386514047, -8.860861372204586E-4, -2.410525550164721E-4, -1.8129235965319833E-4, -3.630700116325705E-5, -2.9969954360124866E-4, -3.3496417771930427E-4, -2.353954782473437E-4, -7.426287887352841E-4, 6.778513177287263E-4, -0.0011547830951033652, 7.127738949235697E-4, -7.314559664135282E-4, 1.8291495252148422E-4, -3.6963016756966823E-4, -9.129732534515466E-5, -1.8616577818998708E-4, 3.9715795067150764E-4, 4.2757603700080226E-4, -3.0154891296163647E-4, 9.418842087003231E-4, -1.625057880639135E-5, 1.1787086331034752E-4, 7.557635763562172E-4, -5.648670021055354E-5, -0.001183923806728429, -4.267437945327253E-4, -1.8782154679087263E-4, -3.219113918118171E-4, 7.225318888474671E-4, -1.9759194026509582E-4, 4.6147046813680873E-4, 2.2256685235723227E-5, 1.5817556245543946E-4, 1.6751546317761296E-4, 1.3059177841341808E-4, 3.8556027104698863E-4, 5.306049427468584E-4, 4.0394373834708094E-4, 9.454144711666284E-4, 3.212785254907027E-4, 8.973428251168931E-4, 3.715234447923522E-4, 4.940200406409566E-4, -0.005932913472161623, -0.011161130493148957, -0.006019827986737725, -0.00732162796012211, -0.002989596867768555, -0.003814333364539644, 1.908123345217815E-4, -3.133586538039105E-4, 0.0026837498264523493, 0.002138198771227236, 0.0035284673484100105, 0.0029962938021803284, 0.004294880998741029, 0.005851915513548959, 0.006013018140726604, 0.007867876423458726, 0.006566284505533058, 0.007799280469898742, 0.007199210372797873, 0.006757767282080289 ], [ 0.0024030798966636936, 0.003374869288700475, -5.911766585702535E-4, 0.0049247617141524105, -0.003628415577960936, 0.004665512267435705, -0.004161130431717344, 0.004461808877208502, -0.0031134665726611777, 0.00385043612906822, -0.0025423879122282614, 0.001962805786305358, -0.002189257930653005, 1.8336352349825324E-4, -0.0020708455394177682, 0.0018402803438574624, -0.0020951117165212856, 0.0012687603278902812, 1.9198865011109905E-4, 4.5231154840391977E-4, -6.572037396297062E-4, 7.326805757712433E-5, 2.36570017045742E-5, 3.3587530843242686E-4, 6.318295949794262E-4, -1.707922591752879E-4, 0.0012470397218928009, -2.763817292887179E-4, 0.001071875637808253, 1.528920494287377E-4, 9.752733922941262E-4, 6.009362268367699E-4, 8.241298886946075E-4, 2.282030076233924E-4, -4.7891327263703976E-5, 7.643880770321356E-4, -9.557312452835976E-4, 3.800031368918508E-5, -1.520368254473449E-4, -9.496774154323465E-4, 4.798201250460973E-4, 0.001460143369747836, 3.7993535378345536E-4, 1.5940162117938358E-4, 9.62935974579178E-5, -9.153027573917254E-4, 1.1613488570523718E-4, -4.3857245900853016E-4, 9.467593127080816E-5, -2.69246092568021E-4, -1.691393741463476E-4, -5.405243766235298E-4, -5.993697126728375E-4, -0.0012095324973778793, -9.392055643741821E-4, -0.0016183411624761392, -7.911333821722795E-4, -0.0012817186105569217, -6.415766380318546E-4, -5.140076511034503E-4, 0.014078384588247716, 0.018654985392618003, 0.0126457020352063, 0.012912534670370577, 0.007405673403025227, 0.00633941095801478, 2.561637866852081E-4, 2.3375217823918545E-4, -0.004668740761785149, -0.004510980554338209, -0.00672182705967043, -0.006571306981547141, -0.008808920334467613, -0.010709688884701005, -0.012051376005933121, -0.013710010404490621, -0.014004332618189482, -0.01432366483412836, -0.014886260581018588, -0.0137196030392174 ], [ -0.0010195587605559568, -7.871679906371359E-4, 6.122836021048552E-4, -0.0023885546318582447, 0.002673506408046581, -0.0026313611692461484, 0.003112408245625058, -0.002481922458420539, 0.0025195839823607693, -0.0025423879122282614, 0.0025944247826481283, -0.0018727886135136112, 0.0019724097443215957, -1.303785634583252E-4, 0.001338367627304994, -0.001525205725212793, 0.001221667837842514, -5.905288961770673E-4, -3.9547982040648554E-4, 5.289042586012109E-5, -5.735840232433685E-4, -9.164158372814607E-4, -4.760167642614989E-4, -6.664471243243302E-4, -9.294717543492437E-4, 2.653925040792978E-4, -0.0012150413367976803, 3.7531624785263734E-4, -0.0010970566972750002, 2.5263744670163667E-4, -6.10225809764265E-4, 2.494799731557066E-4, -1.6088887004309801E-4, 8.938404964137139E-4, 5.390720572963224E-4, -4.4484534736680717E-4, 5.170036435783592E-4, -3.9395422816526377E-4, -4.962598717282292E-4, 3.969341420042371E-4, -5.214395891174991E-4, -9.511847000465039E-4, -4.785778739176748E-4, -2.9585813383417413E-4, -3.5771256833134946E-5, 9.454462216829854E-4, -1.8032912727101322E-6, 4.625510635296578E-4, 1.1937992985646929E-4, 1.122347819416889E-4, 9.277854027897116E-5, 4.857430289602651E-5, 3.985819552755324E-4, 3.996113759811929E-4, 2.9273776471615113E-4, 6.969463797892851E-4, -6.026783655694353E-5, 6.126607747821736E-4, 5.194637551018987E-5, 1.4019672762027627E-4, -0.0038265720985489, -0.008257043093409633, -0.0029377991831298564, -0.004473284343863018, 0.0011028447479412326, -7.981496122770076E-4, 0.003220847532176417, 0.0016582872201333836, 0.00395977545195996, 0.0021272040194998897, 0.0030638103961566363, 9.820999982881153E-4, 0.00285481724310069, 0.0027218870990234523, 0.0035150609516244858, 0.0045759841088897826, 0.0038928077428676566, 0.0051161419133028425, 0.004449904856217927, 0.0042966954586917665 ], [ 9.329416308798863E-4, 0.0011194924134148576, -0.0016092174370631858, 0.0033869026783787835, -0.0037753467650530684, 0.00304894346385517, -0.00305104067541626, 0.001791239207008334, -0.0018276509932726782, 0.001962805786305358, -0.0018727886135136112, 0.0021833320055378216, -0.002294222964743616, 8.003341989635603E-4, -0.001526440765611559, 0.0013395634663688892, -0.0010575448463430819, 4.4642035840877217E-4, 3.043281798395284E-4, -8.540944492993776E-5, 0.0013941763877429198, 0.0013595269119263218, 0.0011415185454532715, 0.0010037229163647812, 0.0015486209071015249, 1.012840486521487E-4, 0.0016955091692149298, -9.977260013232958E-5, 0.0015283515688845472, -3.4940835570604995E-4, 6.400346707505898E-4, -4.0315537326381806E-4, -1.6864324141532496E-4, -5.300412470998184E-4, -4.4594900507951993E-4, 8.940300895072438E-4, 4.628574137085785E-4, 0.0012023692473581515, 0.001677910398901199, 4.6592494628011426E-4, 7.985337335082684E-4, 0.0011134707118137601, 6.178348359168962E-4, 3.3762170666625185E-4, -4.231513033379711E-4, -0.0014278553706714495, -3.3417949914147337E-4, -6.494476305968636E-4, -1.6900848318486436E-4, -4.293550553084956E-5, 1.277941404647798E-4, -2.4366351410378224E-5, 4.3051723001757115E-5, -2.0251841481963933E-4, 2.1791242376109678E-4, -3.2560860011761263E-4, 3.117150492090135E-4, -2.5423064166898556E-4, 1.9600395763607925E-4, 1.7592628680728901E-4, 0.0037089615515681082, 0.008616348125020183, 0.002343576622290928, 0.0032164007478179594, -0.0027507400975629085, -0.0023340045395609313, -0.004479358551799253, -0.0038744604811180527, -0.004223169172841556, -0.0027872383886713504, -0.002177397398159232, -3.593694902321225E-5, -7.976018819759895E-4, -9.107326141955977E-4, -0.00224863447824108, -0.0031982810392545374, -0.004322163951363991, -0.004543547158587098, -0.004867541849947805, -0.004287974636802532 ], [ -0.0010972508388039843, -0.0012138970903446905, 0.0015185867070255069, -0.0036515987945945788, 0.0038447997497938215, -0.0030664377957779726, 0.0032019640590089963, -0.0018793112011679964, 0.0019601122514072123, -0.002189257930653005, 0.0019724097443215957, -0.002294222964743616, 0.0024478201122235563, -8.666782658057436E-4, 0.0016378882941627435, -0.0013980370146413176, 0.0010902573425748733, -5.087942969921715E-4, -3.139950635040822E-4, 8.828388793206657E-6, -0.0014116708010486845, -0.0014522061597948795, -0.0011439759536823063, -0.0010944419905781942, -0.0015886503817635514, -1.1103642955625038E-4, -0.0017740142896496504, 7.940907406333063E-5, -0.0016239818477097555, 3.301861315501241E-4, -7.217101311957464E-4, 3.763145951414165E-4, 1.6630664201430537E-4, 4.8148539031180434E-4, 4.7898538777857495E-4, -9.589912514063883E-4, -3.4450481298764284E-4, -0.001222292718632168, -0.0016354048280532597, -3.609692641714646E-4, -9.13121027264305E-4, -0.0012804385272319533, -6.67376696642228E-4, -4.2180233106766334E-4, 4.952296310168445E-4, 0.0015153127276845149, 4.110120762070609E-4, 7.068269815621759E-4, 1.8579545503686224E-4, 7.21139319510751E-5, -1.3261640941847436E-4, 8.081086291129229E-5, -4.245865438485523E-6, 2.9672733809992603E-4, -1.4523512009465236E-4, 4.096439020093259E-4, -2.2372743848090058E-4, 3.129012828547522E-4, -1.3085086861598741E-4, -1.5790819735206444E-4, -0.005206401295725906, -0.010428659555889995, -0.003624343603481048, -0.004275839804131658, 0.0020799241990585296, 0.002033581037763393, 0.0044458564754988215, 0.003999101235223184, 0.004607159907995906, 0.0032376158380229636, 0.00257107666505178, 5.884231321785576E-4, 0.0012268792762398053, 0.0016853127639756796, 0.0030025826732517987, 0.004151143102408204, 0.005344728932497436, 0.005538236218265642, 0.005965803338380775, 0.005237955764785889 ], [ 1.2781347444541186E-4, 7.183680748094084E-5, -0.0013500701731004264, 0.001424456014663097, -0.0017819972326587677, 9.03254919707106E-4, -9.916745263918462E-4, 5.047193683731033E-5, -2.2796574407018007E-4, 1.8336352349825324E-4, -1.303785634583252E-4, 8.003341989635603E-4, -8.666782658057436E-4, 8.588985748552205E-4, -2.636340950079584E-4, 1.9822676811683204E-4, 3.367347757830046E-4, -2.2314943068070005E-4, 1.0985610606811337E-4, -3.214742993345992E-5, 0.0016186844724392535, 0.0013091763633174733, 0.0010255399556566133, 9.774154861376242E-4, 0.0010739361461992588, 2.537382751267843E-4, 9.77060157223661E-4, 6.563551163474967E-5, 8.73807386938667E-4, -3.085339935227495E-4, 2.245710347723829E-4, -5.074242952057467E-4, -4.975431365253283E-4, -2.284446086509619E-4, -7.500465323664626E-5, 5.399739761526187E-4, 0.0011767115048895022, 0.0012486226273615078, 0.0017234765588656198, 0.0010212259334646044, 2.688756234811788E-4, 7.384077425471948E-4, 3.3554812062649883E-4, 3.480167704055938E-4, -5.857689935593428E-4, -9.310023568387596E-4, -4.6494794246192513E-4, -5.304245838912978E-4, -1.4273420179790683E-4, -2.647962649348408E-5, 2.5453677075259985E-4, 4.8703046076883124E-5, 3.0768171946706494E-4, 2.2377463613213063E-4, 5.574838073985848E-4, 5.005985879694324E-4, 4.621020753075347E-4, 4.4435763566352696E-4, 4.0794708939825294E-4, 4.068823735279625E-4, -8.853535781883939E-4, 0.002564959406542958, -0.001027932970082164, -0.0010955202196424652, -0.0035783235392629754, -0.004307544448101627, -0.002921011338160747, -0.0034088638279905947, -0.0013268417647552737, -0.0014353235323068378, 8.307527897556982E-4, 0.001225291432598731, 0.0025329330351018696, 0.0019653341967981745, 0.0015958826440502715, 0.0012457267154238525, 9.474685048561072E-5, 5.346112135878627E-4, -6.739989884748502E-5, 5.19194531135927E-4 ], [ -0.0010666371702326741, -0.002649424705798335, 8.406654211413468E-4, -0.0037503929528263833, 0.002908493653997541, -0.003221025670479795, 0.002759690574972759, -0.002584785504797605, 0.0018125741011263917, -0.0020708455394177682, 0.001338367627304994, -0.001526440765611559, 0.0016378882941627435, -2.636340950079584E-4, 0.002009817893573952, -0.0013961508323089222, 0.0020121362271900397, -0.0010518458092867327, -3.570735087259686E-5, -1.702054670717462E-4, 5.881057297296646E-4, 3.845873883331769E-4, -9.053670057230083E-5, 3.220430348574188E-4, -4.319673778110611E-4, 2.2927147892758888E-4, -8.510970336018579E-4, 1.0182269234435477E-4, -6.093674233420037E-4, -2.0293319299079788E-4, -3.798311648470132E-4, -5.830529915735648E-4, -3.871991094306653E-4, -5.984463378680781E-4, 1.4463733372254068E-4, -7.776687327530014E-4, 6.958669543265886E-4, -2.1610009498922888E-4, -2.8303882136580658E-6, 3.894742023146307E-4, -4.819008548224291E-4, -6.116543694687834E-4, -3.101646057782199E-4, 8.167258582816026E-5, -8.698494845802404E-5, 5.076155430162969E-4, -1.3986387326111559E-5, 1.2900291267647495E-4, 5.898118247787573E-7, -9.66117355413185E-6, 1.2855184643567366E-4, 1.6925331510587145E-4, 9.586548307803132E-5, 5.421923363598001E-4, 3.1166985905974824E-4, 9.778692527685655E-4, 4.8342968752614665E-4, 8.045087846290537E-4, 3.961053200770844E-4, 2.7938641213463107E-4, -0.009025317017734544, -0.010739271588258723, -0.007750956587422774, -0.007942776729315778, -0.004714128971811971, -0.004268971195280884, -4.325414623133536E-4, -2.732934323424363E-4, 0.0027822845207810046, 0.002064165555833802, 0.004059527202372929, 0.0035175512844021145, 0.004974088327945653, 0.006353928399268303, 0.007262133733616463, 0.008846367799335408, 0.009352225018053604, 0.009618089560814202, 0.010006527519976577, 0.00952642018512303 ], [ 8.882911228470714E-4, 0.0017749094726107358, -0.0010162097679118547, 0.002911249751220184, -0.002843118736497736, 0.0028876155280659443, -0.0026663634652271903, 0.0023670254588895275, -0.0017966707478936515, 0.0018402803438574624, -0.001525205725212793, 0.0013395634663688892, -0.0013980370146413176, 1.9822676811683204E-4, -0.0013961508323089222, 0.001305486635184563, -0.0013244768494101917, 6.728449510705293E-4, 2.049165433187263E-4, -4.641241352013297E-6, 1.260733691445215E-4, 3.1109410685182333E-4, 2.911336557735359E-4, 1.7597942097155928E-4, 5.900138688283779E-4, -1.16873653082035E-4, 9.464053553608693E-4, -1.1861145366723177E-4, 7.710809049707482E-4, 7.270717100898545E-5, 4.7972160685006945E-4, 2.2673112947698844E-4, 3.332278360321434E-4, 1.1663589499150994E-5, -6.678111786225438E-6, 8.075207780266906E-4, 1.2903790253787989E-4, 7.858299235062565E-4, 8.266364718335664E-4, 2.9289379013960556E-4, 1.9485609422210669E-4, 6.551735104555294E-4, 2.831391363792669E-4, 2.818243621055654E-5, -1.0484113373849022E-5, -6.529814394216889E-4, -2.0001801037663796E-5, -2.707879506982249E-4, -4.308951378242114E-5, -2.1715176813821883E-5, -7.767097158317278E-5, -5.143103881447587E-5, -1.521997561857917E-4, -2.8362932213860375E-4, -1.1675727512945322E-4, -4.924555536793436E-4, -2.836426932079502E-5, -3.7626165539439183E-4, 2.6208135186978996E-5, 3.616862727098869E-5, 0.004707515859393233, 0.00789298383263728, 0.004119999791003532, 0.005120774543156384, 0.001043978793592415, 0.002059382785339672, -0.001468997859311486, -7.917386496458549E-4, -0.00293746507832962, -0.0018674771280028592, -0.003127741736455632, -0.0020648325682931694, -0.00356987669783512, -0.004267054101383637, -0.005197209794387957, -0.006441939662357042, -0.0064697320174936694, -0.0071056993868474074, -0.007096272417233059, -0.006755365097038209 ], [ -0.0011086342725141094, -0.0032711670049177604, 2.2208314124969137E-4, -0.003285636957229576, 0.002059483916332381, -0.0034752911704770397, 0.0023670068630947004, -0.003155629559957679, 0.0017741956386514047, -0.0020951117165212856, 0.001221667837842514, -0.0010575448463430819, 0.0010902573425748733, 3.367347757830046E-4, 0.0020121362271900397, -0.0013244768494101917, 0.002616052652224759, -0.0013322335606098018, 1.3400889058356414E-4, -2.041826157204232E-4, 0.0020314578214908614, 0.0017087371964931465, 6.108944205543563E-4, 0.001240483192568051, 2.891208223419287E-4, 4.7047307992024637E-4, -1.734381148636992E-4, 2.659388110615387E-4, 1.078106831996907E-4, -3.7336206423666825E-4, -1.321571994339979E-4, -0.0010334275061324196, -8.085178405575864E-4, -8.940653194215148E-4, 7.953225159579556E-5, -2.464524402643468E-4, 0.0016767982711318565, 0.0010105660548750661, 0.0014676572851050145, 0.0013375190189623576, -1.9223665156048943E-4, -1.586975911409653E-5, -3.212738894692643E-5, 5.058333233473705E-4, -6.866820165608986E-4, -2.0739992327695493E-4, -5.486493058915258E-4, -3.0629810097700615E-4, -1.9303876289123676E-4, -3.033099436755246E-5, 3.226764786819091E-4, 2.4998036315891837E-4, 2.650362440199179E-4, 8.049965081126344E-4, 7.450088902260489E-4, 0.0015706561474039687, 9.230600320130161E-4, 0.0013507846598269544, 8.314481367583309E-4, 7.7502298854829E-4, -0.010003335061443856, -0.008946509784398869, -0.00894853458906299, -0.009207260918698525, -0.008391519768675748, -0.007988991815201503, -0.0033591780221142974, -0.0032485059266891794, 0.0013674403465539894, 9.753704259177148E-4, 0.004862087961140284, 0.00469248155896706, 0.007317905646310747, 0.00815459066571225, 0.009009308681085116, 0.010108653394951287, 0.010081626290900517, 0.010368561581133457, 0.010512284734643513, 0.010408750154013111 ], [ 8.700724165517983E-4, 0.0018949871076888417, 2.1795361135183594E-4, 0.001885280980162604, -9.385768140316243E-4, 0.0016687671907832282, -0.0011494541063362888, 0.0016536234695770616, -8.860861372204586E-4, 0.0012687603278902812, -5.905288961770673E-4, 4.4642035840877217E-4, -5.087942969921715E-4, -2.2314943068070005E-4, -0.0010518458092867327, 6.728449510705293E-4, -0.0013322335606098018, 7.855624240299839E-4, -7.040613518262801E-5, 2.2305873796352123E-4, -0.0012750227610486271, -9.157065719425484E-4, -5.079344797837293E-4, -6.174119418849996E-4, -3.086043508119073E-4, -1.367438077724924E-4, 2.91616348019132E-5, 1.328285377910442E-6, -2.613907148635675E-5, 3.533907934845777E-4, 2.3773681492919894E-4, 7.261406234702315E-4, 6.02300199127442E-4, 6.857441675779252E-4, 1.0723733811116083E-4, 2.915242954311521E-4, -8.97165010670924E-4, -4.513781590121212E-4, -8.19894659363743E-4, -7.18608310153407E-4, 1.655682950845686E-4, 1.2079419113563505E-4, -1.1864139878722068E-5, -2.1372863597539393E-4, 2.6489018065236833E-4, 1.2081601794160064E-4, 2.052469731641652E-4, 1.6532295779229442E-4, 1.1087194351719228E-4, -2.4732381568663652E-5, -1.8418972134072106E-4, -2.4218024304607468E-4, -2.3688882309449576E-4, -5.874567306919945E-4, -5.661836759428114E-4, -9.329544373526576E-4, -6.423824832813928E-4, -7.41489954027272E-4, -4.993029124999003E-4, -3.6750481953747363E-4, 0.007723580277901408, 0.007086747536790588, 0.006871228780779002, 0.00663535361778809, 0.005927242757418643, 0.005251227126515107, 0.002121686048700333, 0.0018926385627903212, -0.0012053936178002401, -0.0011520620760444103, -0.0034259441922438426, -0.0037330432369063775, -0.00517677995566757, -0.006061832023823392, -0.006601113158241572, -0.0073445074070735954, -0.00748666393994629, -0.007530675513913431, -0.007841773332848332, -0.0075723419586237045 ], [ 5.658975692992883E-5, -3.060480779421723E-4, -2.296220691942183E-4, 1.6668742313465348E-4, -5.690836088363474E-4, 1.2109936699181236E-4, -3.9032426145972285E-4, -1.797550722204761E-5, -2.410525550164721E-4, 1.9198865011109905E-4, -3.9547982040648554E-4, 3.043281798395284E-4, -3.139950635040822E-4, 1.0985610606811337E-4, -3.570735087259686E-5, 2.049165433187263E-4, 1.3400889058356414E-4, -7.040613518262801E-5, 1.4849341828226186E-4, -9.341299367397111E-5, 5.771751910028657E-4, 6.059741898214524E-4, 2.517292014314103E-4, 4.040162500380198E-4, 3.079551850517526E-4, 1.040202614768483E-4, 3.3608105435295E-4, 5.7196220496807844E-5, 3.807009322642803E-4, -5.9248989662420874E-5, 1.987887072714267E-4, -1.9393348273472375E-4, -4.496980025047635E-5, -3.0127954041041656E-4, -1.3516961771372593E-5, 2.8931929902559136E-4, 4.638071797900462E-4, 5.988427555167063E-4, 7.347186912396354E-4, 4.624662591057334E-4, 1.0316319244901033E-4, 2.099337073887856E-4, 1.1436044674255961E-4, 1.449359334464991E-4, -1.8956612247938631E-4, -3.271344693024012E-4, -1.5770602922159866E-4, -1.7033271058185834E-4, -8.215386578846413E-5, -5.635168602568935E-6, 4.226514085593412E-5, 5.953723188722957E-5, -2.0273137826734154E-5, 9.620717206488907E-5, 1.2865786308255363E-4, 1.9641737780209056E-4, 2.6103152188689107E-4, 1.9694228059638578E-4, 2.5212067480222033E-4, 2.464250661382762E-4, -7.880584981688996E-4, 5.989720919111092E-4, -9.268145054171874E-4, -4.837975239965141E-4, -0.002182521611494488, -0.001358822335525612, -0.0018535825158038813, -0.001302107441760861, -0.001099332935128877, -4.6890971969370474E-4, -1.0749264573673851E-4, 5.725986903002457E-4, 4.0848215035380384E-4, 6.034970776455093E-4, 3.5328558655224477E-4, 1.9129983110082252E-4, 1.8505441721996778E-4, -8.814401711896266E-5, 3.1114928488822896E-5, 6.0589436192109896E-5 ], [ 4.3335839862960297E-4, 6.317928509455916E-4, 4.021281881700882E-4, 5.038118745975171E-4, 2.720228109040806E-4, 1.5158828553858263E-4, -1.0330850270311782E-4, 4.7911930877162287E-4, -1.8129235965319833E-4, 4.5231154840391977E-4, 5.289042586012109E-5, -8.540944492993776E-5, 8.828388793206657E-6, -3.214742993345992E-5, -1.702054670717462E-4, -4.641241352013297E-6, -2.041826157204232E-4, 2.2305873796352123E-4, -9.341299367397111E-5, 2.5564909506136307E-4, -5.667046788631694E-4, -3.660579227710535E-4, -2.897899749721217E-4, -1.5939969795561202E-4, -2.4643174390726616E-4, -5.594993187183577E-5, -1.4533226321273933E-4, -1.0030701370717796E-5, -1.3991563560528588E-4, 1.3681540385561167E-4, 6.28270455502467E-5, 2.9097723020673376E-4, 1.6698453805915044E-4, 3.7417471721974346E-4, 4.806165064252897E-5, -8.092613878812759E-5, -5.751108894310056E-4, -4.468402610392994E-4, -6.992288365271183E-4, -5.766127708499077E-4, 4.945419280669412E-5, 1.9307973248947318E-4, -3.4313194714941065E-5, 2.5176977319747023E-5, 4.983113861618257E-5, 1.2406277026054093E-4, 2.50215248234923E-5, 3.251544390375705E-5, 6.33817230798308E-5, -7.892283497214484E-5, -4.751755836934486E-5, -2.0206653461312895E-4, -1.2879467275000759E-4, -3.373562069502986E-4, -3.3726296799588127E-4, -3.925002817697669E-4, -4.3328352772393754E-4, -3.1559757161658423E-4, -3.4837953124331893E-4, -2.48022449339091E-4, 0.00415205657369765, 0.0038159553591159824, 0.003928447437098272, 0.0031917952188209547, 0.0037150874706835674, 0.002354414892914869, 0.0018097257256206281, 0.0010916607397866694, 4.2733012777732925E-5, -7.036133137526372E-4, -0.0011165286368637229, -0.002122161208959399, -0.0019590293469488986, -0.0028881043036124952, -0.002714381495004471, -0.002987895170364108, -0.003036539042481547, -0.002784242976969139, -0.0031019830632994087, -0.002772202265844984 ], [ -7.336847713508922E-4, -0.0025883891692894934, -0.0027450397819564236, 3.2710152282671757E-4, -0.0028987323707736026, -5.957697362300704E-5, -0.001174732714894984, -0.0015905108302379414, -3.630700116325705E-5, -6.572037396297062E-4, -5.735840232433685E-4, 0.0013941763877429198, -0.0014116708010486845, 0.0016186844724392535, 5.881057297296646E-4, 1.260733691445215E-4, 0.0020314578214908614, -0.0012750227610486271, 5.771751910028657E-4, -5.667046788631694E-4, 0.004872327538471692, 0.004075603743204369, 0.002542115686133141, 0.0028192868087343432, 0.002524155398686966, 6.551632091416764E-4, 0.0020912707518946855, 1.5271600356728355E-4, 0.0020653275355644236, -9.643323809493321E-4, 4.4589088449611264E-4, -0.001931191780947654, -0.0014343785541982826, -0.0018090117863930812, -2.964919513448793E-4, 0.0010621220687520414, 0.003597002289618865, 0.003530263284547642, 0.004910733822430709, 0.0032294408205369037, 3.8008533299884514E-4, 0.0012674609870178745, 7.361359058244693E-4, 9.722561107181723E-4, -0.001426322105714126, -0.0021217829080434443, -0.0011424363081209694, -0.0012601127120952132, -5.016767453141644E-4, 7.650673360682793E-6, 6.187617474821265E-4, 5.213923084147783E-4, 6.440802078199711E-4, 0.0012148105567713157, 0.0017079437626436218, 0.0021277731555081275, 0.001972399113679991, 0.0018245387311606575, 0.001692648011668454, 0.0014900878477392215, -0.012164160742516616, -0.0036361303433604117, -0.011655674378604786, -0.010170721014328254, -0.016710958853282477, -0.01461507392724405, -0.010620068899964976, -0.009546215262863292, -0.0029493702087993114, -0.0014703979153269514, 0.004658709739644628, 0.007381124070325288, 0.0100894693685