version https://git-lfs.github.com/spec/v1
oid sha256:d27680ab64e75cf5e7a6221a81d16daab672aebee4c73c2f24b18d6b9b0ca534
size 120200
