{
  "weights" : [ 0.10365173471586832, 0.09619207007449272, 0.09572936748347338, 0.07783997186606194, 0.07829510124383646, 0.05809197226822901, 0.06615655325340808, 0.04160682349944221, 0.04777568565248298, 0.03778399578112612, 0.043231006913030945, 0.046658811497935986, 0.05314257182118272, 0.051574652406322176, 0.05513602340152439, 0.05250166805457622, 0.053023919914403986, 0.04909554343956931, 0.04779405161842932, 0.046713078249593906, -0.0042158139847200266, -0.0015183484327438775, -0.0070610553662784625, -0.009115058099821627, -0.014923854954906083, -0.022968895976464905, -0.028829131327968174, -0.03558024044295774, -0.035761123930513734, -0.035202123071884195, -0.03010258213726314, -0.024716110025644212, -0.028425497767540078, -0.01665472751743879, -0.021540377004457455, -0.010114005663111398, -0.012737996148673525, -0.001515683118534026, -0.001892775893085067, 0.006607836588391425, 0.9589844150140494, 0.9627248431421722, 0.9587994283630635, 0.9599140721522308, 0.9596343046867793, 0.9490048760870958, 0.9524878106809697, 0.9381152479725146, 0.9424291614192571, 0.93189720195512, 0.9328483533801147, 0.9237866347063428, 0.9257172660282101, 0.9130555154713196, 0.9197281320399472, 0.9096039272399997, 0.9139165813308233, 0.9041622396544317, 0.9080354231780955, 0.9038436708097861, 0.20539842543436312, 0.19986055766575847, 0.2155932261240771, 0.21335090144369043, 0.20636223501669573, 0.23681079964367155, 0.22628334704125388, 0.2707189463790195, 0.2643758227081881, 0.2905837618471949, 0.30414940252959344, 0.32479057417817175, 0.3240357589814762, 0.36106194780205997, 0.3434646688903034, 0.37160221313832786, 0.36451460663571916, 0.3836196384229707, 0.38010177274309476, 0.3860266863322073 ],
  "covariance" : [ [ 7.654474509065938E-4, 6.268531918961877E-4, 6.270923767757537E-4, 5.066197712230082E-4, 3.344016521074326E-4, 4.0826536538603734E-4, 2.772754538993513E-4, 3.4450206556125245E-4, 2.603951097840765E-4, 2.2941822154600396E-4, 2.524139593783163E-4, 1.423794576402703E-4, 2.563086712510185E-4, 1.5403437853701602E-4, 2.538130314237253E-4, 1.4595384722404113E-4, 3.7496754248364045E-4, 4.0767781929352116E-5, 3.6816568244606737E-4, 9.985789524927794E-5, 1.248388115079535E-4, 1.3248021524100715E-4, 9.25761996579283E-5, -7.600782759290475E-5, -3.913187566046635E-5, -1.7758501550837834E-4, -2.4947899106075107E-4, -3.443200369329843E-4, -3.233062498269116E-4, -4.4645626610607286E-4, -3.2059695811248055E-4, -3.7661156161718267E-4, -3.2658351963898747E-4, -3.950761026090261E-4, -3.540576004963361E-4, -3.016253116970234E-4, -4.3304512674770555E-4, -2.3428945693349185E-4, -4.6860354635354026E-4, -1.6989854191698487E-4, 1.8273194402604312E-4, 1.997777892093686E-4, 2.888088210126134E-4, 1.703939302733277E-4, 3.2719088305796756E-4, 2.6633500570550457E-4, 2.8224685428882023E-4, 3.2962278896610746E-4, 3.199942572822179E-4, 3.7223604620897904E-4, 3.6245116951521476E-4, 4.1324491876480236E-4, 5.072462236490919E-4, 4.5633175966584513E-4, 5.620861625665394E-4, 4.7489248408923396E-4, 5.65049751805989E-4, 4.1603384922599465E-4, 5.134183416311891E-4, 4.286821063591279E-4, -0.001374573764400099, -0.0015640575338030536, -0.0015852225557403967, -0.0011755697405595004, -0.0016210109498798239, -0.0013697962877162444, -0.0012751683881778984, -0.0015889033733547718, -0.0012802601644016148, -0.0016891588263302955, -0.0013208089125790491, -0.0016165949876939196, -0.0016201863822537716, -0.0014709337861609658, -0.0016674295534283394, -0.0014152047573358399, -0.0015681107798209192, -0.001146115261890317, -0.001370857547577204, -0.0011169383145819638 ], [ 6.268531918961877E-4, 8.962234088381242E-4, 4.265028101398043E-4, 7.83787737856358E-4, 3.933210503734289E-4, 5.548961242510359E-4, 4.438294342931411E-4, 4.7493663028676627E-4, 4.7862975926078147E-4, 3.286389960763226E-4, 4.821141594259446E-4, 2.651502449501274E-4, 4.5734204281857845E-4, 3.185570646141616E-4, 3.498410806978497E-4, 3.481291042576325E-4, 4.476487352442261E-4, 1.9243167078611997E-4, 4.5421535282132354E-4, 2.282514310851932E-4, 1.846012195771239E-4, 1.1875688117773568E-4, 2.10493115895571E-4, -1.1038062374765345E-4, 9.558393295265415E-5, -1.412477770206844E-4, -1.0552509384273749E-4, -2.0802422609696462E-4, -2.977603430179377E-4, -2.4136668753558697E-4, -3.2601426471085037E-4, -2.6140274233646426E-4, -3.5349862163927266E-4, -2.815189719952764E-4, -3.608603655239706E-4, -2.192564138264549E-4, -3.8794304800263054E-4, -1.8660641118495216E-4, -4.287765538411136E-4, -2.0662469286171313E-4, 3.0546842113957437E-4, 2.8646041247389965E-4, 4.0230673355998116E-4, 2.1940770143095092E-4, 3.49879178750247E-4, 2.624391374400348E-4, 3.1197216263310933E-4, 2.644366742307296E-4, 3.911616271286066E-4, 2.8454937578433344E-4, 4.70977957343611E-4, 3.9613658145449084E-4, 6.135424969972308E-4, 5.870656506841431E-4, 6.887814329925791E-4, 5.608721923125612E-4, 7.544856089515163E-4, 5.664572977857915E-4, 7.185451466594492E-4, 6.208232882135321E-4, -0.0016282622563146627, -0.0019252668523976023, -0.0017949566492868288, -0.0016257146582527248, -0.001504970790122357, -0.001546968811672226, -0.0013087024742424842, -0.0016222109367042012, -0.0015862476436846575, -0.0014872499102375303, -0.0018487773942210987, -0.0014514941942702097, -0.0020393429752942906, -0.0016586599063279338, -0.0020590370330008222, -0.001495736127315048, -0.002086950167169078, -0.0014122050256243379, -0.0018581330676951243, -0.0015227884102679467 ], [ 6.270923767757537E-4, 4.265028101398043E-4, 0.0010180945668201115, 4.1301223175059705E-4, 0.0010528708818076898, 4.961252411550525E-4, 9.380968077293354E-4, 5.633880988478073E-4, 7.926278156885248E-4, 5.002198154336824E-4, 5.872459270142008E-4, 3.620688194556245E-4, 3.471231667328756E-4, 2.2177460509235404E-4, 3.544671894034843E-4, 1.048525032160522E-4, 4.239609850957578E-4, -2.608787187062333E-6, 3.348376039285458E-4, 1.1865043859249954E-4, 9.177746399461588E-5, 1.233757961155631E-4, 1.843098562217303E-5, 1.9498553066987277E-4, 1.1044834509840955E-4, 2.62887223848992E-4, 2.581377485474521E-4, 2.2173013879755996E-4, 3.3538407149131844E-4, 1.7984647709134733E-4, 3.4056007509060144E-4, 1.9501790851797317E-4, 3.506028078749271E-4, 9.826018790606118E-5, 2.1025018351182432E-4, 1.6101951872349765E-4, 4.4369130980585436E-5, 2.064301981332893E-4, 4.099303473494125E-5, 9.563845398481305E-5, -4.395049378979834E-5, -2.860507354057259E-5, 3.91991983018823E-5, 1.0251191568412355E-4, 2.882058259890267E-4, 3.444990151096606E-4, 3.4955424438434514E-4, 4.4760928211708877E-4, 3.034276151052709E-4, 4.4599854925107666E-4, 2.3443192458446593E-4, 3.3728737610716177E-4, 3.4667549881454594E-4, 1.9292784003931284E-4, 3.942474592313923E-4, 1.1980437081735784E-4, 3.274016689601565E-4, -9.476608876181016E-5, 1.6908361052764005E-4, -1.4701745411071644E-5, -3.243803919692824E-4, -3.994247755777594E-4, -7.709091806273105E-4, -6.270250217780554E-4, -0.0017393766588623182, -0.001441215524572556, -0.0015989993131391793, -0.001824911436197831, -0.0012748551757237204, -0.0017112671610035627, -0.0011310134451689236, -0.0011588523450473452, -0.0013321033420174223, -6.695909300047082E-4, -0.0012387660894137746, -4.895931833760758E-4, -9.421063309401457E-4, -2.7859093188426707E-6, -5.926178909313113E-4, -1.5453710483467051E-4 ], [ 5.066197712230082E-4, 7.83787737856358E-4, 4.1301223175059705E-4, 0.0013443925392269025, 5.861234618125117E-4, 0.001386143899615027, 9.608699498494754E-4, 0.0015220573754038715, 0.0011027943190966916, 0.0014184490922606377, 8.160390793869098E-4, 9.352912464064418E-4, 6.266644851522664E-4, 5.937756904001477E-4, 5.297325398265003E-4, 3.383628593923787E-4, 6.106862757582969E-4, 1.2585700370377418E-4, 4.970072833237781E-4, 1.9661372290142201E-4, 2.1514342194311876E-4, 1.538638266607813E-4, 2.611900278032974E-4, 5.8270465597931774E-5, 3.9002329679745914E-4, 4.0333347677653104E-4, 5.372042201001666E-4, 5.930289702207962E-4, 5.486240692172408E-4, 6.209218138837315E-4, 4.3859999491102126E-4, 4.755632853750368E-4, 4.2717783946741544E-4, 2.6124729052702777E-4, 3.770576660992284E-4, 2.3650863880552767E-4, 1.9992313671925597E-4, 3.1050307300542956E-4, 4.9271714446991154E-5, 1.5732278650901568E-4, 4.4326284627179823E-4, 4.2464664320632277E-4, 5.404349710291344E-4, 5.116066866375507E-4, 6.791310081763559E-4, 7.030346699708526E-4, 7.915464352175285E-4, 7.413722586327414E-4, 9.121723893661096E-4, 6.908815292916342E-4, 8.934857491158354E-4, 7.609414855962707E-4, 9.52717378884385E-4, 9.311247317873247E-4, 9.375495339259828E-4, 7.907564297776939E-4, 9.74320530933326E-4, 7.780822568019092E-4, 9.465419141767545E-4, 8.224123426441018E-4, -0.0020607623476673687, -0.002389295331745088, -0.002220943448654451, -0.002642976606789361, -0.0027051934988558644, -0.0029088227957720634, -0.0029441553130279104, -0.0026591969812790163, -0.0029731891569543985, -0.0024257797643424707, -0.0027607784348014576, -0.0023593684823666103, -0.002687596373842612, -0.002321108799708814, -0.0025806715734100036, -0.0018851475048607242, -0.002513577909446671, -0.0017598414137960357, -0.0022849747284590665, -0.0018933116790475011 ], [ 3.344016521074326E-4, 3.933210503734289E-4, 0.0010528708818076898, 5.861234618125117E-4, 0.0018575440915428222, 7.08447284508508E-4, 0.0019403255828577268, 8.900510682589391E-4, 0.0018359359668870454, 9.619701917369872E-4, 0.0014800273909501822, 8.376164004236703E-4, 8.844758032500428E-4, 6.5759652569775E-4, 7.154314615240242E-4, 4.7030269577981985E-4, 7.014462812076562E-4, 3.0508668111137654E-4, 5.792799734145856E-4, 4.1080775930173305E-4, 1.2461330356432893E-4, 8.72222996418023E-5, 1.2034338788430453E-4, 4.179708207853926E-4, 4.1006574489097956E-4, 7.894698309287166E-4, 8.742269029793454E-4, 0.001054176335859646, 0.0011084373920842315, 0.0011637995543280853, 0.0011267533331231227, 9.907701419744118E-4, 0.0010976507460252597, 7.883000057094906E-4, 8.417302741115287E-4, 7.321586349956417E-4, 6.46166763724776E-4, 7.18396257908814E-4, 5.6624774318268E-4, 3.9356238535261204E-4, -1.6478724179470108E-4, -2.1685164526669278E-4, -7.941251357827571E-5, -4.668886371884592E-5, 2.5856675400796295E-4, 2.5442313480282134E-4, 3.552131230923843E-4, 3.100137466404535E-4, 2.3343730680478491E-4, 2.6700020607214897E-4, 7.987414909917052E-5, 6.658181031063863E-5, 1.5130318286027633E-4, -1.1447549853559663E-4, 1.848559264261934E-4, -2.6523705281780594E-4, 8.507442904365755E-5, -4.731654473370096E-4, -9.687661621134489E-5, -3.2666638348937657E-4, 4.010144335949473E-4, 6.214278007994707E-4, -3.461529465221123E-4, 2.594938069866071E-5, -0.0018401280343233733, -9.677452387440034E-4, -0.0017578603029506487, -0.0012323319880686787, -0.0012984939386258005, -8.039755272749676E-4, -0.0011537422600156274, 4.777045272698478E-5, -0.0011526377731032828, 3.4128919590196543E-4, -8.739710565953527E-4, 5.728260870545615E-4, -4.757287526374252E-4, 8.712972286107936E-4, -6.805432097198389E-5, 4.883904960182797E-4 ], [ 4.0826536538603734E-4, 5.548961242510359E-4, 4.961252411550525E-4, 0.001386143899615027, 7.08447284508508E-4, 0.002244417340761807, 0.0012174470156452633, 0.00283387568287942, 0.0013805643991605366, 0.002669786898482689, 9.609569142929489E-4, 0.0015577982990634116, 6.939436063924154E-4, 8.262168952587977E-4, 7.661667957448802E-4, 2.2979239930663557E-4, 8.250016562914474E-4, 1.1610488956059469E-4, 5.581036808941897E-4, 1.7713860872632306E-4, 2.966338295808056E-5, 1.3005875337049151E-4, -1.502097286342723E-5, 3.6291073590057304E-4, 3.5213240796518633E-4, 9.535420157498951E-4, 0.0010033528243349856, 0.0013793318833514065, 0.0012733988774094296, 0.0014581906116738965, 0.0011011904593756633, 0.001115506840509282, 0.0010567175013180177, 6.998725301323129E-4, 9.323019569808384E-4, 5.749380299809604E-4, 5.830496744515622E-4, 5.917380616662093E-4, 4.011397414688372E-4, 4.405472893505604E-4, 3.123493756014387E-4, 3.114344935660407E-4, 3.595296140215908E-4, 4.2990238767117133E-4, 5.770008869639237E-4, 6.456530952621598E-4, 7.540347369689234E-4, 7.090550104809442E-4, 8.260544079409355E-4, 5.921478404104272E-4, 7.166532917084698E-4, 5.486476223848146E-4, 7.026772783316153E-4, 5.743204564354059E-4, 6.840682734932158E-4, 3.681827787948706E-4, 6.633490858765171E-4, 3.051825996184056E-4, 5.594791357575444E-4, 3.80336753431185E-4, -0.0014022874730415934, -0.0017121151156082987, -0.0013966428104515822, -0.0021968393022182182, -0.0023634961922168016, -0.0027263100466975256, -0.0027574066948866703, -0.0023551167959208856, -0.0023018246537157305, -0.002116783815435291, -0.0017818321968656155, -0.0019649997571759546, -0.0015837065655005277, -0.0015512281831921752, -0.001687358406279583, -8.632452532415341E-4, -0.0016115584309794415, -6.376199732504294E-4, -0.0012860373945446663, -8.0485116027876E-4 ], [ 2.772754538993513E-4, 4.438294342931411E-4, 9.380968077293354E-4, 9.608699498494754E-4, 0.0019403255828577268, 0.0012174470156452633, 0.0025910231394479385, 0.0015589871180729943, 0.002691251920593298, 0.0017712939189595065, 0.0019343428392936792, 0.0014099138297844953, 0.0011719100840417425, 0.0010203811414076865, 8.62880075310584E-4, 6.510807977675065E-4, 7.527073056285318E-4, 3.83266411325012E-4, 6.14002388484161E-4, 3.706565311040281E-4, 2.068880340312835E-4, 1.75864047050581E-4, 2.4401898997603017E-4, 6.060838285479285E-4, 6.213471761283534E-4, 0.001233357789644018, 0.0012567176509629663, 0.0016786225575003986, 0.0016520046555151193, 0.001848405059919416, 0.0015664522268455181, 0.0015422773787139104, 0.001569387768243339, 0.001153122116546035, 0.0012578461575864447, 9.418805413084256E-4, 9.713428382391087E-4, 8.827511057851548E-4, 7.613345661209761E-4, 5.472597377751741E-4, 5.91526440431107E-5, -5.194354544441267E-5, 1.5485770189462705E-4, 8.277870553533934E-5, 4.151171875054447E-4, 3.749048334162604E-4, 5.420670748732074E-4, 3.9208834069858975E-4, 5.288265135609523E-4, 3.1572666613740425E-4, 3.6448832669176814E-4, 2.1063905708882562E-4, 4.3123763827558983E-4, 1.3116607062772423E-4, 4.573438317493774E-4, -7.277481532999203E-6, 3.5759983620900113E-4, -9.029205814629176E-5, 2.564167360463249E-4, 6.6989477246956E-5, -5.829363687524877E-4, -1.896155843661906E-4, -0.001393066874029819, -9.348846593823785E-4, -0.00289296031971529, -0.001823246341874587, -0.002984868713212959, -0.001811200311171896, -0.0027083809886493987, -0.0012436183651717858, -0.002520625835340655, -4.4070186063053265E-4, -0.002375681523436891, -2.77410955377759E-4, -0.0018897047142080324, -3.3350592569237166E-5, -0.0013292700714136237, 3.518767913383673E-5, -9.82366456344131E-4, -3.941794706867887E-4 ], [ 3.4450206556125245E-4, 4.7493663028676627E-4, 5.633880988478073E-4, 0.0015220573754038715, 8.900510682589391E-4, 0.00283387568287942, 0.0015589871180729943, 0.004059115955378516, 0.001679291793091104, 0.003895281913557847, 9.973883420558822E-4, 0.002162959923353148, 6.646445318189356E-4, 9.319427617600055E-4, 8.204798957592213E-4, -2.3091005572206433E-5, 7.849355781302942E-4, -1.0188981153028527E-4, 3.06434317975146E-4, -1.0520260548719482E-4, -2.1234947075749805E-5, 1.1871831355189851E-4, -1.258238776748716E-4, 6.237760067525067E-4, 4.634987502847931E-4, 0.0014501683670641906, 0.0015056318576021528, 0.0021084976457357682, 0.0019409980566722298, 0.002234446805592332, 0.0017165367073917208, 0.001697280410760324, 0.001611711571550157, 0.0010698120098070858, 0.0013758830439900126, 9.199539707827086E-4, 8.812033883586601E-4, 8.674649426955701E-4, 7.29289468720157E-4, 7.437474734644392E-4, 3.39849471193271E-4, 3.3891927395221364E-4, 3.7241157434975754E-4, 5.741244216251344E-4, 6.99760108725715E-4, 8.977522551465962E-4, 9.550885679532227E-4, 0.0010369863674023897, 9.997310314735098E-4, 8.653734702676314E-4, 8.210015106876808E-4, 7.231277329520789E-4, 7.758588287129118E-4, 6.728248412068557E-4, 7.995900043729375E-4, 3.940316449117091E-4, 7.438955671699278E-4, 2.2472210940900346E-4, 5.70519611526972E-4, 3.3217486178943384E-4, -0.0013720136803019832, -0.0017410683708414725, -0.0012749356464420351, -0.0027214508511548, -0.0027381903645492117, -0.00360171736744268, -0.003359205717529564, -0.003303262221201309, -0.002564818043674004, -0.0029052215651434086, -0.0018388267895595586, -0.0024956153658326893, -0.0015595862158527033, -0.0017767803152249101, -0.0017737460138752242, -8.394474356276213E-4, -0.0016268926434198007, -4.2865229412511864E-4, -0.0012076391441381042, -6.099862525855966E-4 ], [ 2.603951097840765E-4, 4.7862975926078147E-4, 7.926278156885248E-4, 0.0011027943190966916, 0.0018359359668870454, 0.0013805643991605366, 0.002691251920593298, 0.001679291793091104, 0.003304475667272309, 0.0018285920173767903, 0.0026585014266798596, 0.0017119837362429263, 0.0017081716213546473, 0.0014308954281275843, 0.0012926721225888053, 0.0010861711174426777, 0.0011911990779643095, 8.800412677145735E-4, 0.0011335705892035412, 8.748871904700331E-4, 1.8853333873960218E-4, 1.1015766481496028E-4, 2.2664935469457806E-4, 4.853331906338647E-4, 5.206013194681383E-4, 0.0011090237729680043, 0.0010804874631807919, 0.0016310752569440212, 0.0014814929765665712, 0.0018405264490004422, 0.0013455183737039796, 0.001511879186853801, 0.0014928663944360609, 0.0010681848020400993, 0.0012643763209110774, 7.975627487443148E-4, 9.9659829972365E-4, 7.236154243687432E-4, 7.373102922511567E-4, 3.453389259048745E-4, 6.633037845939122E-5, -6.401854108438869E-5, 1.3933541638919643E-4, -2.0473630864845815E-5, 3.1079384676335194E-4, 2.0832257526062374E-4, 3.9451556093382653E-4, 1.5749710116402208E-4, 3.8914400876343595E-4, 2.1515483970283798E-5, 1.870197915606821E-4, -2.8988906925740834E-5, 1.9851393813561253E-4, -4.371220702467948E-5, 2.684502151055459E-4, -1.7933256595623596E-4, 2.2367738201268197E-4, -1.3772654332348726E-4, 1.592869067192533E-4, 7.058339455293816E-5, -6.29654979965645E-4, -9.510801832046136E-5, -0.0013026231640822887, -1.9718545039775398E-4, -0.002117578774671807, -5.358651855044706E-4, -0.0019860266152608224, -2.706134201383641E-4, -0.0019580807002584676, 3.0663596848684853E-4, -0.0017925416552160166, 5.716633674898173E-4, -0.0015848831192002944, 2.639770388826309E-4, -0.0013559343794333132, 3.7345195612218464E-4, -0.0010649390769478378, 1.0549122710315506E-4, -7.85136715103259E-4, -5.010817520532002E-4 ], [ 2.2941822154600396E-4, 3.286389960763226E-4, 5.002198154336824E-4, 0.0014184490922606377, 9.619701917369872E-4, 0.002669786898482689, 0.0017712939189595065, 0.003895281913557847, 0.0018285920173767903, 0.004053329467598303, 8.904459729736265E-4, 0.002266426682276263, 5.9822409974442E-4, 0.001047884583047124, 8.068201034772293E-4, 1.7044768235021315E-5, 7.629485125671248E-4, -1.417142448136923E-4, 2.8743856268990237E-4, -1.9872194995683876E-4, -2.1291722872873996E-5, 1.3535512631536998E-4, -1.0382902813029964E-4, 7.585967186771752E-4, 5.545021432640167E-4, 0.0016489298090693963, 0.001659701446223353, 0.002351470015106341, 0.0022187614320367493, 0.0025160053861146593, 0.002003690788509682, 0.0019542171928300578, 0.0018673994248424143, 0.0012876830446800123, 0.0015614788085147075, 0.0010586779640918316, 0.0010421971256320928, 9.625513426435016E-4, 7.884544244821546E-4, 8.061791113403957E-4, 1.8664470784498258E-4, 1.7277918760731919E-4, 2.1511859876954028E-4, 3.7426971145781507E-4, 5.233697137869372E-4, 6.525512519679009E-4, 7.628356253428265E-4, 7.77381503811237E-4, 8.048231265568277E-4, 6.233667545044731E-4, 6.294536481850125E-4, 4.5917070559929764E-4, 5.81464607395624E-4, 3.8305626622369874E-4, 5.552558480622022E-4, 1.458413262575228E-4, 4.7825133392763436E-4, 7.141130783769683E-6, 3.4369569526790036E-4, 1.1478522383330593E-4, -8.553654217438316E-4, -0.0011339896156261188, -8.484992446790682E-4, -0.0022278236964941092, -0.0025566861311672744, -0.0031929140563038516, -0.003307846662824921, -0.002850805827461793, -0.0024509934465951513, -0.002575384465980881, -0.0016968768262637802, -0.0020061396377548655, -0.001417887322417194, -0.0012150352712409758, -0.0014020324932286345, -3.7591540050636906E-4, -0.0010995240910296, -2.117810601122373E-5, -7.716475635654941E-4, -1.6871114889329498E-4 ], [ 2.524139593783163E-4, 4.821141594259446E-4, 5.872459270142008E-4, 8.160390793869098E-4, 0.0014800273909501822, 9.609569142929489E-4, 0.0019343428392936792, 9.973883420558822E-4, 0.0026585014266798596, 8.904459729736265E-4, 0.0029999370689065053, 0.0012389642215185884, 0.002153324756600722, 0.0013853028627393029, 0.0017229979485933527, 0.00146777720495458, 0.0017300723339286259, 0.0014514998622057222, 0.0017841096958584302, 0.0016335867272909306, 2.2561479897831367E-4, 3.340790264957341E-5, 2.8414365381013255E-4, 1.3836568349054877E-4, 3.1603564590754326E-4, 4.6652252683187443E-4, 4.751477490075511E-4, 8.533306513380773E-4, 6.161695266217277E-4, 9.96609546672327E-4, 6.011731042065399E-4, 8.222154836050446E-4, 7.584027753531838E-4, 6.010080469492712E-4, 6.573460162763167E-4, 4.34670050002333E-4, 5.132147420793987E-4, 3.7588290080917803E-4, 3.4214294106129365E-4, -4.097593181745769E-5, 6.895664099867232E-5, -8.424169913685557E-5, 1.5172300198608847E-4, -2.1656129402008962E-4, 2.0397378323699195E-4, -9.995935234297288E-5, 1.7121142486825893E-4, -2.016875428331749E-4, 7.267726329095612E-5, -3.2755679539372366E-4, -6.499449616087537E-5, -3.3268725620579185E-4, -5.870131438856854E-5, -2.4081279222651716E-4, 9.301280248246592E-5, -2.8196114464657744E-4, 1.0678426418443683E-4, -1.604238621347827E-4, 6.784917908281948E-5, 7.686512539354539E-5, -3.434115331016462E-4, 3.3340016808806606E-4, -9.638843098206055E-4, 0.0013135346851027838, -6.918309753818161E-4, 0.0016724843586864466, -1.6787969310588873E-5, 0.0019052222014519045, 1.4187234232194735E-6, 0.002184217701855013, -1.0811962895256741E-4, 0.0017427994782155403, -2.8959242608572722E-5, 8.307703645421656E-4, -4.2398375320504565E-4, 6.366927795565997E-4, -5.831551286153337E-4, 1.4211770882901635E-4, -4.632107975271763E-4, -5.506556035794916E-4 ], [ 1.423794576402703E-4, 2.651502449501274E-4, 3.620688194556245E-4, 9.352912464064418E-4, 8.376164004236703E-4, 0.0015577982990634116, 0.0014099138297844953, 0.002162959923353148, 0.0017119837362429263, 0.002266426682276263, 0.0012389642215185884, 0.001871356991233008, 7.228241042361744E-4, 0.0012120008358500773, 8.501687478705806E-4, 4.894319132360681E-4, 8.268167705858571E-4, 3.6290064744612724E-4, 6.440125292056141E-4, 3.719202008498011E-4, 5.351621993069499E-5, 1.4673989195956223E-4, 1.4417220010537628E-5, 4.600759972435322E-4, 3.652572968702777E-4, 9.620911022492608E-4, 0.0010201474558057518, 0.0013488544831390754, 0.0013555256483475061, 0.001542396537289859, 0.0012293116836384218, 0.0013113382647948033, 0.0012093979723277544, 8.621938805097538E-4, 0.0010335835122011173, 6.494266253891791E-4, 7.181176177648663E-4, 5.480811162915095E-4, 5.363743520360895E-4, 3.0622675794681766E-4, -1.0207625817015614E-4, -8.521132481531984E-5, -1.0240756710924799E-4, -8.168876078086328E-5, 9.708208750028724E-5, 3.201960930995308E-5, 2.1770351588474925E-4, 8.773118677892938E-6, 2.1068784891247621E-4, -8.678844431480703E-5, 4.646289873504046E-5, -1.4171391828946816E-4, -2.9537915183374984E-5, -2.1728427853647903E-4, 1.564928874375258E-7, -3.701852614345066E-4, -3.6484356799495173E-5, -4.168424143273195E-4, -1.00952636047195E-4, -2.8875846830039853E-4, 2.7513092146573786E-4, -2.5577427268990495E-5, 2.5592307357615653E-4, -4.243608431560219E-4, -6.864843509933784E-4, -8.778436150258398E-4, -0.001088896091843754, -5.666385028196439E-4, -6.699998910181323E-4, -3.631270654583606E-4, -1.8526700229490193E-4, -2.3394811163705983E-4, 2.412007903061443E-5, 1.3724856098637267E-4, -2.2585434704056206E-4, 6.549310921597692E-4, -1.7065016304821415E-4, 7.189956597246118E-4, -2.5205555310578723E-5, 4.165292314106136E-4 ], [ 2.563086712510185E-4, 4.5734204281857845E-4, 3.471231667328756E-4, 6.266644851522664E-4, 8.844758032500428E-4, 6.939436063924154E-4, 0.0011719100840417425, 6.646445318189356E-4, 0.0017081716213546473, 5.9822409974442E-4, 0.002153324756600722, 7.228241042361744E-4, 0.0019336945161769167, 0.0010216605667861802, 0.0016194034363398307, 0.0012853439559079869, 0.0016404278557120133, 0.001324764244341639, 0.0016645340027021604, 0.0014738317621500378, 1.7329199226662987E-4, 1.0463559414182508E-5, 1.8698652027796761E-4, -2.7826431789325433E-5, 7.712992552130074E-5, 9.530809184340272E-5, 2.488126514380022E-5, 2.722133819953749E-4, 6.920509803949754E-5, 3.1451702084850884E-4, 4.05720658872342E-5, 2.2481016198185817E-4, 9.358482767283637E-5, 1.988792784800932E-4, 6.888012474206301E-5, 1.1653706369297178E-4, 2.093909563677653E-5, 6.662841886128049E-5, -1.0370929126359441E-4, -1.706655262791505E-4, -3.618432332145724E-5, -1.464762582781668E-4, 2.5271227334659008E-5, -2.864178849395567E-4, -4.9360021903442874E-5, -2.6269499601619303E-4, -1.1997017421915568E-4, -3.6601455740009506E-4, -2.0937895598954238E-4, -4.797212052051669E-4, -2.6784105189616483E-4, -4.769368839188561E-4, -2.2571637288190772E-4, -3.22098135003726E-4, -7.80404100177477E-5, -2.7710470395655453E-4, -2.74450031318407E-6, -1.6020818299616104E-4, -8.906341412832398E-6, 4.422398817565855E-5, -1.181256291119159E-4, 4.206534473510334E-4, -5.181528327846028E-4, 0.0016765339806754226, 4.2507286391599655E-4, 0.002346930070336098, 0.001033479894141768, 0.0025243934891433606, 9.51574743746285E-4, 0.002598733052013471, 6.380957466561627E-4, 0.001962584324878278, 5.056907164072274E-4, 8.950467968353529E-4, 6.357587178804902E-5, 4.823757301800583E-4, -2.4066522816860677E-4, 2.6841990350840448E-5, -2.522123182179556E-4, -4.94502380115781E-4 ], [ 1.5403437853701602E-4, 3.185570646141616E-4, 2.2177460509235404E-4, 5.937756904001477E-4, 6.5759652569775E-4, 8.262168952587977E-4, 0.0010203811414076865, 9.319427617600055E-4, 0.0014308954281275843, 0.001047884583047124, 0.0013853028627393029, 0.0012120008358500773, 0.0010216605667861802, 0.0013132596361992667, 0.0010127550935797019, 0.0010963561536246837, 0.0011600602837246266, 9.96348010326791E-4, 0.0012258876761255238, 0.001004558003548703, 3.202649010007482E-5, 9.762315673908589E-5, 2.462425789865467E-5, 1.9712592911992768E-4, 1.3810342615746082E-4, 4.263460364243426E-4, 3.74136304577072E-4, 6.96955308112016E-4, 5.791742285499083E-4, 8.451323717735587E-4, 5.743803928930474E-4, 7.167059015338964E-4, 6.231834619540109E-4, 4.7233825404681927E-4, 5.904082714619355E-4, 2.897406130002436E-4, 4.2310621215681525E-4, 2.1163191049050243E-4, 2.0671740782198032E-4, 1.1154488466796347E-5, -3.9600634548639E-4, -3.8599854890467304E-4, -3.796982903734633E-4, -5.494703461187634E-4, -3.126694154340734E-4, -5.694910917166496E-4, -3.424069581002114E-4, -6.889572531687717E-4, -4.121450640688566E-4, -7.298360357771773E-4, -5.051588399665814E-4, -7.783122524259619E-4, -5.756346078212421E-4, -7.947354053533485E-4, -5.741374849375744E-4, -8.235890535725023E-4, -5.403005776305641E-4, -7.613383168352913E-4, -5.307963433810772E-4, -6.378827782051252E-4, 0.0012539554673405386, 0.0012297672519854302, 0.001039465329304367, 0.0017353677231714878, 9.787529621655842E-4, 0.0018788628886235613, 0.0011285250925397135, 0.0021422569240589365, 0.0012448980386568094, 0.002125067103220159, 0.0012226830580664083, 0.0019161614177351139, 0.0013126716259155402, 0.0015591448131450948, 0.0010601112366380048, 0.0015837775961393434, 8.19163713869822E-4, 0.001327467604761281, 8.001003028284024E-4, 9.691659797982277E-4 ], [ 2.538130314237253E-4, 3.498410806978497E-4, 3.544671894034843E-4, 5.297325398265003E-4, 7.154314615240242E-4, 7.661667957448802E-4, 8.62880075310584E-4, 8.204798957592213E-4, 0.0012926721225888053, 8.068201034772293E-4, 0.0017229979485933527, 8.501687478705806E-4, 0.0016194034363398307, 0.0010127550935797019, 0.0016173703251694546, 0.0010809958002757287, 0.0016822555146744091, 0.0011417201354234085, 0.0016452874071552872, 0.0013406737990435391, 8.343049525172211E-5, 2.876434279508096E-6, 4.970316490524549E-5, 1.918648162537866E-5, 2.924685607703925E-6, 8.234490417876084E-5, 6.034215919417248E-5, 2.279754005907569E-4, 1.2759981052349584E-4, 2.881874165154701E-4, 9.852039859788301E-5, 2.376492912546015E-4, 1.0666739380279638E-4, 2.2071216988503784E-4, 4.8850792338141436E-5, 1.3685490022551826E-4, -1.9961814817817393E-5, 4.7449085117734095E-5, -1.3152237818327768E-4, -2.0046326108624405E-4, -2.1083336712802666E-4, -2.633086500847709E-4, -2.0107769431080825E-4, -4.301064685968941E-4, -2.63137643071862E-4, -4.5965180711379815E-4, -3.307984999098429E-4, -5.317346738557243E-4, -4.240494678286944E-4, -6.294714053138383E-4, -4.720251109711319E-4, -6.517443769928363E-4, -4.5107857409593794E-4, -5.848743630743288E-4, -3.002993626294946E-4, -5.568365934709855E-4, -2.3445731272816518E-4, -5.001335233904498E-4, -2.902451368787574E-4, -2.854850191055456E-4, 5.524465575864047E-4, 7.495350782232138E-4, 4.4552502923961095E-4, 0.0018741391915461105, 0.0012077732627732221, 0.002387570785043648, 0.001581050897602746, 0.0025089126954209438, 0.0016821954496340635, 0.0024353438452903034, 0.001496317239183537, 0.0018549372845118488, 0.0013394246315581366, 0.0012096923856125426, 6.82557132951792E-4, 0.0010070066000799063, 3.3246900190168715E-4, 7.410497833110908E-4, 3.8007579229198143E-4, 2.486207393478235E-4 ], [ 1.4595384722404113E-4, 3.481291042576325E-4, 1.048525032160522E-4, 3.383628593923787E-4, 4.7030269577981985E-4, 2.2979239930663557E-4, 6.510807977675065E-4, -2.3091005572206433E-5, 0.0010861711174426777, 1.7044768235021315E-5, 0.00146777720495458, 4.894319132360681E-4, 0.0012853439559079869, 0.0010963561536246837, 0.0010809958002757287, 0.0014600090271779408, 0.0013335099410988704, 0.0014222484240018864, 0.0016357700410154915, 0.0014752732916313363, 1.0334547496356687E-4, 7.384034045862505E-5, 1.4548264828172076E-4, 7.655917205853762E-6, 3.663079179826321E-5, 7.240912226567804E-5, -1.1119022586268928E-4, 2.2595585813297783E-4, -5.8688814606634823E-5, 2.610927547390668E-4, 2.8360760361712916E-5, 1.9142753184938597E-4, 1.238305723338569E-4, 1.387329629405411E-4, 1.812609917218357E-4, 3.534880631281266E-5, 1.4089361967508057E-4, -1.0593940456071524E-5, -6.890267903507914E-5, -1.7400112368039667E-4, -3.3915742829111083E-4, -3.986329469433881E-4, -2.8329783118616206E-4, -6.295180775004116E-4, -3.318634715334956E-4, -6.767119335238376E-4, -4.6086897629255046E-4, -8.432773606301237E-4, -5.795170192436711E-4, -8.303946320381178E-4, -6.142554355320556E-4, -8.557292091594656E-4, -6.187418164300853E-4, -7.783276793127824E-4, -5.755764065807647E-4, -6.897732114749113E-4, -4.819734198151752E-4, -5.162892066089091E-4, -4.0714538529922745E-4, -3.957273234076696E-4, 0.001154465712562642, 0.0014928953684436397, 7.377585995388213E-4, 0.002518255105671634, 0.0015120736798088807, 0.003010318138691014, 0.0021069712380250316, 0.0031755387758371067, 0.001992890228671281, 0.0029985931715357916, 0.00155117919237027, 0.002587474122688479, 0.0014746823640528466, 0.0017033060459769225, 0.001134972888298785, 0.0013302004427161842, 6.719557929462149E-4, 7.957790749776422E-4, 5.154543861804978E-4, 4.0250823774535665E-4 ], [ 3.7496754248364045E-4, 4.476487352442261E-4, 4.239609850957578E-4, 6.106862757582969E-4, 7.014462812076562E-4, 8.250016562914474E-4, 7.527073056285318E-4, 7.849355781302942E-4, 0.0011911990779643095, 7.629485125671248E-4, 0.0017300723339286259, 8.268167705858571E-4, 0.0016404278557120133, 0.0011600602837246266, 0.0016822555146744091, 0.0013335099410988704, 0.002016972783788352, 0.0014027758688320183, 0.002171362507540976, 0.0016759801486190854, 1.484616483057412E-4, 6.51668397912878E-5, 1.3234142506931385E-4, 1.1402351693499813E-4, 9.946093673453988E-5, 2.2187332148244167E-4, 1.366033325874514E-4, 4.131972687302143E-4, 2.1817897822788452E-4, 4.555451797391984E-4, 2.5639465258754494E-4, 3.7188333513418255E-4, 2.978563784170697E-4, 2.9315373516657886E-4, 2.685009113657875E-4, 2.2438970585344283E-4, 1.3865384350467987E-4, 1.7032997059002425E-4, -6.898776395401315E-5, -1.0630105533473194E-4, -3.448800626274918E-4, -3.6649325336863284E-4, -3.236570427590892E-4, -5.263011052061713E-4, -3.532696146087604E-4, -5.412587224425898E-4, -4.212356302559197E-4, -6.096940393402025E-4, -5.288550575215985E-4, -6.833874522264401E-4, -5.383197155605357E-4, -7.291567183082912E-4, -5.352969029630939E-4, -6.699508738594156E-4, -3.9803226618304136E-4, -6.63662658076758E-4, -3.07141402978997E-4, -6.244004147350064E-4, -3.7995477463136887E-4, -4.104900046350623E-4, 9.675740338459526E-4, 0.0011093450032672223, 7.412924332185096E-4, 0.002090899266006951, 0.0013781694673462913, 0.0024454031341765406, 0.0017824656180300174, 0.002494116033543925, 0.001956447729437585, 0.002301539396520665, 0.0016483126986916667, 0.0017774078122009549, 0.0015265675696539607, 0.0011778401003152694, 8.104009082658782E-4, 0.0010621634505477116, 3.379158426752174E-4, 8.528798949494136E-4, 4.144021604439417E-4, 3.4152293636794144E-4 ], [ 4.0767781929352116E-5, 1.9243167078611997E-4, -2.608787187062333E-6, 1.2585700370377418E-4, 3.0508668111137654E-4, 1.1610488956059469E-4, 3.83266411325012E-4, -1.0188981153028527E-4, 8.800412677145735E-4, -1.417142448136923E-4, 0.0014514998622057222, 3.6290064744612724E-4, 0.001324764244341639, 9.96348010326791E-4, 0.0011417201354234085, 0.0014222484240018864, 0.0014027758688320183, 0.0016773011119816004, 0.0018756169419107413, 0.0017675608581456542, 1.7295027393945232E-4, 1.4071740580941157E-4, 2.0083902759076143E-4, 2.0576455153892623E-4, 1.0441172085952866E-4, 3.0917672630925176E-4, -1.3273572634945626E-5, 4.058125575771459E-4, 7.46019295823166E-5, 3.977349063256755E-4, 1.9340153760684332E-4, 3.269025265570506E-4, 3.058139241184005E-4, 2.7519584808865757E-4, 4.0881505355556383E-4, 1.8793442601820886E-4, 3.92261782747464E-4, 1.1523738067915466E-4, 1.251562713244722E-4, -3.106550555931535E-5, -3.815191377630569E-4, -4.1352696007155703E-4, -3.5022380067135076E-4, -5.437897148887279E-4, -3.8998058060250564E-4, -5.485313730500446E-4, -4.981952074487519E-4, -6.612731543299778E-4, -6.313158061458668E-4, -6.563588601984308E-4, -6.318786685172939E-4, -7.484006116812097E-4, -6.434407140083981E-4, -7.101359019577157E-4, -5.755151522964383E-4, -6.525046375634663E-4, -4.7629988390510895E-4, -4.874948604013587E-4, -3.999735501858467E-4, -3.679927678324376E-4, 0.0015397468166867445, 0.0018302525876844966, 0.0010932002726646156, 0.0024843008507796924, 0.0017343370653513032, 0.0027477577692241904, 0.0022639739085388794, 0.0028758675122525076, 0.0023057581625321624, 0.0025997724482300236, 0.001916450664760673, 0.0023025709420313786, 0.0017354108032695047, 0.0015706021192145837, 0.0012909335170314617, 0.0012344759343625022, 7.822703412571016E-4, 6.565742604789746E-4, 5.532007045075658E-4, 2.9587922295092826E-4 ], [ 3.6816568244606737E-4, 4.5421535282132354E-4, 3.348376039285458E-4, 4.970072833237781E-4, 5.792799734145856E-4, 5.581036808941897E-4, 6.14002388484161E-4, 3.06434317975146E-4, 0.0011335705892035412, 2.8743856268990237E-4, 0.0017841096958584302, 6.440125292056141E-4, 0.0016645340027021604, 0.0012258876761255238, 0.0016452874071552872, 0.0016357700410154915, 0.002171362507540976, 0.0018756169419107413, 0.0027977100275993066, 0.0021979365012573023, 3.321352015109058E-4, 2.450130303172671E-4, 3.7357358503214164E-4, 4.130544355483726E-4, 2.954589639595426E-4, 6.069989093660123E-4, 2.3596273857731879E-4, 7.327281861221481E-4, 3.598441453744343E-4, 7.034666204373896E-4, 4.8004995873569524E-4, 6.038432186463643E-4, 5.924923627030018E-4, 4.8327152197416654E-4, 6.189980868115399E-4, 4.074489130322667E-4, 5.182262292485833E-4, 3.4587869401889084E-4, 1.1067801815516375E-4, 5.6425086917701886E-5, -4.5849195394727024E-4, -4.965383215578272E-4, -3.986563288984486E-4, -6.138033637474641E-4, -4.4261800150044325E-4, -6.058355075941914E-4, -5.210611922288356E-4, -7.013166033406938E-4, -6.389203053545421E-4, -7.241871134665851E-4, -6.141114663694467E-4, -7.92606721205435E-4, -5.930369755141108E-4, -7.395851395234776E-4, -4.647947569885171E-4, -7.255454786474306E-4, -3.5300657924456193E-4, -6.045816006149465E-4, -3.738188690022071E-4, -4.0074403251560704E-4, 0.0015426949483712132, 0.00169493877449305, 9.865276142280548E-4, 0.0020660822589809334, 0.0014883906219998644, 0.0020951969163775126, 0.001857267082206941, 0.0021724950424082574, 0.002018955434446547, 0.0018553377403641752, 0.001622872926813599, 0.0015518128684003174, 0.00144401659947204, 0.0010601341927393782, 7.39896170307385E-4, 9.775627011561333E-4, 1.914690668422441E-4, 5.910332103269626E-4, 1.6163775965094665E-4, 8.54954955893611E-5 ], [ 9.985789524927794E-5, 2.282514310851932E-4, 1.1865043859249954E-4, 1.9661372290142201E-4, 4.1080775930173305E-4, 1.7713860872632306E-4, 3.706565311040281E-4, -1.0520260548719482E-4, 8.748871904700331E-4, -1.9872194995683876E-4, 0.0016335867272909306, 3.719202008498011E-4, 0.0014738317621500378, 0.001004558003548703, 0.0013406737990435391, 0.0014752732916313363, 0.0016759801486190854, 0.0017675608581456542, 0.0021979365012573023, 0.0020113243572567703, 2.4833111288219693E-4, 1.6906384536972586E-4, 2.809149778388178E-4, 2.204429899918022E-4, 1.750279451276414E-4, 3.1664768761343416E-4, 3.512339754751853E-5, 3.9880082673764415E-4, 8.494271477642513E-5, 3.8693847560114964E-4, 2.1620952814485205E-4, 3.585047084099889E-4, 3.487907209262072E-4, 3.175359004942476E-4, 4.572727025825836E-4, 2.518535962252714E-4, 4.3467597671197067E-4, 2.060315327336444E-4, 1.5420108040114128E-4, -4.574568024579134E-5, -3.728751374921789E-4, -4.1127997226055783E-4, -3.261826969719827E-4, -5.240645943575363E-4, -3.300774795615357E-4, -4.974499450507411E-4, -4.139733980683599E-4, -5.989923997076257E-4, -5.573821705741266E-4, -6.068785476594514E-4, -5.630430332447119E-4, -6.96898512335856E-4, -5.652178412130798E-4, -6.579901087362728E-4, -4.7807860959538475E-4, -6.177611462118331E-4, -3.8344608811318826E-4, -4.77038150661645E-4, -3.459631641014471E-4, -3.1998233902895385E-4, 0.0015673333939000985, 0.0018200017005428433, 0.0010486859684204345, 0.002450662429061922, 0.0015885525770668715, 0.002599550144845688, 0.002071421034047221, 0.0027408766637658575, 0.0022093868574248094, 0.002404440842635895, 0.001923703735796026, 0.002021856586388384, 0.0017259247272769548, 0.0013653671811197283, 0.0011377830817309448, 0.001089437009827008, 5.926640843801293E-4, 5.822737477404821E-4, 4.14102018848941E-4, 1.3702043784948745E-4 ], [ 1.248388115079535E-4, 1.846012195771239E-4, 9.177746399461588E-5, 2.1514342194311876E-4, 1.2461330356432893E-4, 2.966338295808056E-5, 2.068880340312835E-4, -2.1234947075749805E-5, 1.8853333873960218E-4, -2.1291722872873996E-5, 2.2561479897831367E-4, 5.351621993069499E-5, 1.7329199226662987E-4, 3.202649010007482E-5, 8.343049525172211E-5, 1.0334547496356687E-4, 1.484616483057412E-4, 1.7295027393945232E-4, 3.321352015109058E-4, 2.4833111288219693E-4, 3.727466214490894E-4, 2.791725760788163E-4, 4.158416393105609E-4, 2.8668655000763186E-4, 3.915814198449989E-4, 3.659691092403419E-4, 3.199851798667861E-4, 2.8648022100951503E-4, 2.828879971576985E-4, 2.607519046126276E-4, 3.283314318302602E-4, 2.988044351766307E-4, 3.524361868538213E-4, 2.2625692305238475E-4, 3.2140084573492757E-4, 2.4635512100699064E-4, 2.943159577618315E-4, 2.578473760362688E-4, 2.040415757544508E-4, 2.04800711768624E-4, 3.491928453830358E-4, 3.350731346610154E-4, 3.995145645840172E-4, 4.3114652707973926E-4, 4.235487852191903E-4, 5.587103267699344E-4, 4.965492068460975E-4, 6.300537345829345E-4, 5.915198375337075E-4, 6.839775533110253E-4, 6.78395863369512E-4, 7.553021875115945E-4, 7.497341354235029E-4, 8.422386951552078E-4, 8.089321300261271E-4, 8.263890782941537E-4, 8.231622594789275E-4, 8.396380683405101E-4, 8.556641430305813E-4, 8.442183932504751E-4, -0.0015026046186576, -0.0015496545428538382, -0.0017939521253766053, -0.0020987844474702074, -0.0020508129943547595, -0.0024421972401376755, -0.002233751026957823, -0.0024799567403478175, -0.002282134376322471, -0.002513649656096298, -0.0022928779811135507, -0.0023262478515758632, -0.002345911914755671, -0.0021785687231941804, -0.0023033501418746214, -0.0020609553507898557, -0.0021577698951798716, -0.002046537290928616, -0.002173319018934491, -0.0020588691195821047 ], [ 1.3248021524100715E-4, 1.1875688117773568E-4, 1.2337