{
  "weights" : [ 0.10152589758398481, 0.09716246132865305, 0.0926175290887877, 0.08287683476809435, 0.07290761947523994, 0.06482525405196767, 0.058182062342530205, 0.04539879609581513, 0.04285793068864943, 0.040082416847013476, 0.04311966843545586, 0.051245041190908655, 0.053664632568052, 0.058232571017645805, 0.056645311772915936, 0.061243796007744704, 0.05775243824428547, 0.06108283236632493, 0.06099432883565826, 0.05943551637375535, 0.0013522553203478384, 0.0018199401392381969, 2.2863186253370903E-4, 5.971183734294997E-4, -0.008003924002508263, -0.008936947854616848, -0.02224337861951909, -0.022131343549708624, -0.02520312082450152, -0.022426982548068367, -0.017509686368640327, -0.0131666566679388, -0.014204492525539167, -0.007776084496013993, -0.0064502670384522865, -0.002094750460862107, 0.0020566291174220265, 0.006065481048772414, 0.007770906575428761, 0.011734459329945103, 0.9516071294683507, 0.9591574414501429, 0.9486735137142623, 0.9637126881781811, 0.9476729714799929, 0.9550524492863772, 0.9424030849677394, 0.9427806563075009, 0.9337621974422038, 0.9341373753290383, 0.9257273415210984, 0.9238440646926819, 0.917747165838163, 0.9116899333440387, 0.9126239197478262, 0.9058321712533159, 0.9069803307275967, 0.9002902526188334, 0.9021920874709409, 0.8992766558006087, 0.23509975881519984, 0.22106799756689835, 0.2432841981191485, 0.20053650991356342, 0.23371821086596653, 0.20724238542048531, 0.2497651171138702, 0.24252014155454021, 0.2852185488582244, 0.27019061320506715, 0.3214702926278604, 0.3101968084166305, 0.3467828741529011, 0.34901352345098, 0.3623887703159805, 0.3701108941572272, 0.377912540255431, 0.38433348264762396, 0.38761098892835866, 0.3893389664872084 ],
  "covariance" : [ [ 4.981352987508969E-4, 8.292693004163206E-5, 5.53872361059797E-4, -1.275161536615163E-4, 3.10800949268903E-4, -1.542893418752428E-4, -2.98182180057694E-5, -7.930605080141745E-5, -8.52452794683529E-5, -2.0432432334567484E-4, -3.937379690278625E-5, -1.7471490732737807E-4, -8.114280349163221E-5, -1.497816579045582E-4, -1.6788474223404832E-4, 8.387112856936063E-6, -7.044527414909853E-5, -3.1008813702654955E-6, 8.293341786822213E-5, 5.95040845868816E-6, 2.2475353517793664E-4, 1.1052216501848526E-4, 2.4618523030132977E-4, -6.029740968913616E-5, 1.91131474160007E-4, -1.1675057828061361E-4, -2.2843039254396305E-4, -2.335262991601944E-4, -2.6251708316289474E-4, -3.465203817437233E-4, -2.281957545299256E-4, -2.229253743022502E-4, -1.6749946688374625E-4, -2.535324927878904E-4, -2.0288299136139964E-4, -1.1005798370752063E-4, -2.7158699254701207E-4, -6.806170816692076E-5, -2.0457950518733604E-4, 8.724531762958375E-6, 2.5170020202646976E-4, 2.563059993714164E-4, 3.091058872121496E-4, 2.865680756874225E-4, 3.7562903488079236E-4, 3.858579703609127E-4, 3.509008459844986E-4, 4.905250009708573E-4, 3.999808874807986E-4, 5.566851812445569E-4, 4.338860015114056E-4, 6.301620062984948E-4, 5.282246114008282E-4, 6.007008004659373E-4, 6.249266057955602E-4, 5.724879838407837E-4, 6.335900703110923E-4, 5.364211051439647E-4, 5.908443306572977E-4, 5.314942217296875E-4, -0.001560759793973492, -0.001627570150212771, -0.001617745779009301, -0.0016992840582071172, -0.001769807099615269, -0.0018514753943738864, -0.0014878890850773762, -0.0022010085677408907, -0.0014340717471454693, -0.002388815826562193, -0.0014016793101109147, -0.0023807076581158814, -0.0016073127285007767, -0.0019258627558434405, -0.0018585913187133779, -0.0016391201248554116, -0.0017972718742395206, -0.0014288437914250828, -0.0016288141393862366, -0.0014080488893672958 ], [ 8.292693004163206E-5, 5.868926323121788E-4, -1.797747703283797E-4, 4.695566336432209E-4, -1.029019129962101E-4, 2.928501667155166E-4, -6.0615366869458134E-5, 1.293768877877011E-4, -2.567461768942622E-5, -4.644112803649017E-5, 1.2999991661653997E-4, 4.5099775025834244E-5, 1.2665343708958646E-4, 8.738285055739356E-5, 2.3185460182044934E-6, 2.2034641898285138E-4, 9.760145627642772E-5, 1.198027544528918E-4, 2.082755776325103E-4, 1.0036126108447583E-4, 1.9639557130308915E-4, 3.519451294081869E-5, 2.537353690389038E-4, -4.6764217621587656E-5, 8.918481797519781E-5, -1.7266402345017407E-5, -8.986173849436344E-5, -6.260944917091243E-5, -2.455886244304685E-4, -5.560051969325887E-5, -2.1936492564646613E-4, -1.2017453581066948E-4, -2.3398730851781813E-4, -1.3542534115113593E-4, -2.45448718756203E-4, -1.393642179549744E-4, -2.2315206111622537E-4, -1.3430438902217634E-4, -1.82198385208176E-4, -1.0087393810622921E-4, 2.4849557537098415E-4, 2.3038194666846038E-4, 2.297473633273253E-4, 1.1456524318356111E-4, -6.251397263236716E-6, 3.3232899944751746E-5, -3.186896276619793E-5, -8.117864110619991E-5, 9.669581411893494E-5, -1.0896169239193508E-4, 2.4141000668422916E-4, 5.082862814464273E-5, 3.1674886533275494E-4, 2.9613258667898887E-4, 3.2929879396067114E-4, 3.8654367058326203E-4, 3.410049986099049E-4, 4.030365029438832E-4, 3.6633611374112783E-4, 3.894368544882544E-4, -0.001283065234948796, -0.0010553522999523187, -0.0014382467897035066, -7.450787581510232E-4, -8.377653714877846E-4, -5.00628945247309E-4, -7.589694136120085E-4, -6.15499996975741E-4, -0.0011564083509112747, -4.698615188924686E-4, -0.001560633379150016, -6.343936493495404E-4, -0.0014350197321832269, -0.001117880064040241, -0.0011901812242848698, -0.00122846746297267, -0.0011495335857985732, -0.001147121876508182, -0.0011618518425175113, -0.0010907921519436052 ], [ 5.53872361059797E-4, -1.797747703283797E-4, 0.0011846199520667657, -3.8276494337815035E-4, 0.001204105466478728, -1.4793030038642027E-4, 7.719758146706467E-4, 3.0073904563990517E-4, 5.08035828900187E-4, 2.6080092436200637E-4, 1.2124116611213095E-4, 4.9191814124243176E-5, -1.531477828954375E-4, -1.1876278069126547E-4, -2.8420622677241943E-4, -1.6682288709042326E-4, -2.5938448807103545E-4, -1.748278315134999E-4, -1.9633971213078887E-4, -1.8202740175130654E-4, 1.965849711308872E-4, 1.3186208077857876E-4, 1.5305372449804375E-4, 1.68199033255041E-4, 4.1508596811277396E-4, 2.9196652643492647E-4, 2.658969964175858E-4, 3.08745593089787E-4, 3.807624811545583E-4, 1.897695968792047E-4, 3.6715451710313935E-4, 2.9310540378907113E-4, 4.276784902280751E-4, 1.4646335562713632E-4, 3.035848259472532E-4, 3.1398876915417835E-4, 1.4543232725188984E-4, 3.252881700690646E-4, 2.4714578531151454E-4, 3.776913253972338E-4, 1.4354611374697726E-4, 1.0448648181669093E-4, 2.3484951811197403E-4, 4.003794629623045E-4, 6.422664782079653E-4, 7.428489606159047E-4, 7.396878874130409E-4, 9.951571595374583E-4, 6.839106947703339E-4, 0.0010226658871550698, 5.428501848552565E-4, 9.356641468251989E-4, 5.754255960287817E-4, 6.920194310710999E-4, 6.719718068383744E-4, 5.198651644163428E-4, 6.046081221668919E-4, 3.309569539241886E-4, 4.5263229262168026E-4, 3.385351634800956E-4, -0.0010828474545908511, -0.0011176559757147945, -0.0013480632965189553, -0.001971718031044956, -0.002671348326806101, -0.002813614112542951, -0.0025582877135135987, -0.00345455391428826, -0.0019662753385859184, -0.0034930076324061776, -0.0015191239973858955, -0.0030011859386959864, -0.0016205586094604945, -0.002046579554180389, -0.0018057038999037616, -0.0014023853251093077, -0.0015978411550447052, -9.176374918966159E-4, -0.001275773431558404, -9.316362947443522E-4 ], [ -1.275161536615163E-4, 4.695566336432209E-4, -3.8276494337815035E-4, 0.0010201635420107214, -3.8505903874024325E-5, 9.177223171606419E-4, 5.194641709810006E-4, 9.495375335671339E-4, 5.840541001865408E-4, 9.09251693502518E-4, 3.602139040135641E-4, 6.909037789145638E-4, 1.7199787810058648E-4, 4.020717094466029E-4, 2.6411382523484264E-5, 2.2281524130080582E-4, 1.063279315081703E-4, 1.9673433875064395E-5, 1.1827651078212947E-4, -3.563465340408793E-5, 2.005606420017949E-4, 1.0447431485383651E-4, 2.7753429845132227E-4, 1.6287869035138178E-4, 3.221664849735228E-4, 5.464818598381909E-4, 6.60631430807381E-4, 7.236624969699847E-4, 6.41141153716473E-4, 8.084714454806169E-4, 5.745856034917835E-4, 6.364606296349058E-4, 4.6996517943762755E-4, 4.817837782689795E-4, 3.806179127065553E-4, 3.906056215818857E-4, 3.1916793268946795E-4, 3.6737327155116024E-4, 2.724036534932923E-4, 2.932352383272566E-4, 3.9621434976912E-4, 3.2844309839030305E-4, 3.8619672363184433E-4, 3.6025007129461924E-4, 2.8842303230173653E-4, 3.832145682557825E-4, 4.7382101824105735E-4, 2.652247278818457E-4, 6.173794395046078E-4, 2.0449118082936765E-4, 6.972303741723573E-4, 2.7602558228221577E-4, 7.427017948240656E-4, 4.882328190499175E-4, 6.736774080680722E-4, 4.958697440067222E-4, 6.12228483659E-4, 5.748990162387787E-4, 6.021926201836944E-4, 5.723856137094763E-4, -0.0015867931448076227, -0.0013935301885804744, -0.001629153323331972, -0.0018939582258532864, -0.0014605431282840053, -0.002019443890402719, -0.00211644091186681, -0.0016370446045666659, -0.002415858797128104, -0.0012682778480533645, -0.002522508657872103, -0.0012036165603888063, -0.0021677306568153257, -0.0015346953515391383, -0.0017213920452442133, -0.0014298104654338628, -0.001552795376964795, -0.0014586514909185398, -0.0015265553847607, -0.001411169895656594 ], [ 3.10800949268903E-4, -1.029019129962101E-4, 0.001204105466478728, -3.8505903874024325E-5, 0.0021002296707119438, 3.527886911908635E-4, 0.001947967595490775, 0.0012378501193576544, 0.0017488739278901171, 0.001286928098783116, 9.005185185169076E-4, 7.661790545639929E-4, 3.792758191527914E-4, 4.112251251640812E-4, -5.910140676538572E-5, 1.6220291895472573E-4, -1.5702050536191248E-4, 5.001142593356689E-5, -1.6102879459662015E-4, -7.021203752021623E-5, 1.6767231272636862E-4, 1.1918229343275199E-4, 1.4042363153062858E-4, 3.5139426158609755E-4, 7.207962254593407E-4, 8.020366787809716E-4, 8.931699960992642E-4, 0.0012096497934903504, 0.0011892244808237471, 0.0012166965155577779, 0.0010943991065345373, 0.001067955972326662, 0.0011498378665045147, 7.59400541473381E-4, 8.985021843382226E-4, 8.318350307882042E-4, 7.411744923406951E-4, 7.403608674623768E-4, 7.791075544936204E-4, 7.328473189855468E-4, -5.64076572474366E-6, -4.413929238065349E-5, 4.414537520851034E-5, 4.216420359805529E-4, 5.755648070844406E-4, 8.025163038362307E-4, 7.937213846945718E-4, 9.823026159424789E-4, 7.085676008476839E-4, 8.349252181406998E-4, 4.2366819307044964E-4, 6.388927478347477E-4, 3.7437088990606925E-4, 3.6925361784894236E-4, 3.9435307858615533E-4, 1.0352032594338257E-4, 2.5534275376251083E-4, -7.906099088481503E-5, 8.483803442091378E-5, -4.325682476460016E-5, -5.616176404760775E-4, -5.425917969263423E-4, -9.51257433638529E-4, -0.0017931577746453584, -0.0028063595947618292, -0.0025537539382104566, -0.0029579396670130517, -0.0028552356907648496, -0.0023211252669888835, -0.0023692248253037018, -0.0016744571900546685, -0.0017486505220266273, -0.0014576472400993515, -0.0011332538732586458, -0.0012610474289246598, -4.995635501869248E-4, -9.037271528936761E-4, -1.476883317589994E-4, -6.14038356559767E-4, -2.4760493189689283E-4 ], [ -1.542893418752428E-4, 2.928501667155166E-4, -1.4793030038642027E-4, 9.177223171606419E-4, 3.527886911908635E-4, 0.0015832895419902156, 8.7112007384835E-4, 0.002297381643712856, 8.695651164544612E-4, 0.0021317592238696897, 4.961289064960235E-4, 0.0013942710917261446, 1.3600336405173734E-4, 6.893925584766712E-4, 8.827135490037682E-5, 1.8974695375970288E-4, 7.870294870616933E-5, 3.01130543291072E-5, -2.9395715584406704E-5, -5.79619696102893E-5, 1.255043206215062E-4, 2.3624108312128995E-4, 1.0361814035609855E-4, 5.535779340347898E-4, 4.413888588426079E-4, 0.0011364373542490482, 0.0011958613880871218, 0.0015666193992760551, 0.0013570178281926985, 0.0016853653678997557, 0.001203072665150751, 0.0014206153176011828, 0.0010895058556836467, 0.0010230514643046033, 9.836195040018193E-4, 8.068191112006362E-4, 7.341246030348533E-4, 6.974501364531241E-4, 6.943991784708844E-4, 5.653504103030034E-4, 3.861129780250318E-4, 3.574970200760954E-4, 3.7434020901964553E-4, 4.232274094276217E-4, 4.500389879953266E-4, 5.821209647316814E-4, 6.528211864536473E-4, 5.622393723795802E-4, 7.291586020573128E-4, 4.784790670839447E-4, 6.939245883395689E-4, 5.024274871509818E-4, 6.482492762519925E-4, 5.993645058772587E-4, 6.38312487855138E-4, 5.372009615530195E-4, 5.622822882138844E-4, 5.118898959979656E-4, 5.545253940864114E-4, 5.185369972830185E-4, -0.0013318275380014009, -0.001509290032633101, -0.001249789661552683, -0.002532205191869889, -0.0018694909004257716, -0.003158599051233705, -0.002604605833544206, -0.00266995246559125, -0.002491966209222027, -0.002145253709788533, -0.0022567795465829195, -0.0019605972836082546, -0.0016874090355607169, -0.0018819035627405136, -0.0014960172744125921, -0.0014594686364133732, -0.0012896823799996764, -0.001275754224958181, -0.0012842203692845996, -0.0012181280807533256 ], [ -2.98182180057694E-5, -6.0615366869458134E-5, 7.719758146706467E-4, 5.194641709810006E-4, 0.001947967595490775, 8.7112007384835E-4, 0.002686033277977344, 0.0016827497290278328, 0.0026383236899266047, 0.0020036603766473934, 0.0014461234509260204, 0.0013438502295682014, 6.561294498995931E-4, 8.127120604042852E-4, 1.3017775911425842E-4, 3.2455164170878416E-4, -8.721603921385394E-5, 4.842830747210278E-5, -1.844358895066542E-4, -1.6074511067532706E-4, 1.844269750254348E-4, 1.311135510025573E-4, 2.3165023133067247E-4, 5.648781909239589E-4, 8.725636217795072E-4, 0.001299291079640748, 0.0016073714925240285, 0.0019048369929731757, 0.0019587473170632553, 0.0020275022319508206, 0.0017596479689029382, 0.0017285447498334846, 0.0017030711502904832, 0.0012980699790188079, 0.0013496653596753296, 0.0011535723440300356, 0.0011588554344917278, 9.875310534641704E-4, 0.0010499475884386531, 8.716209901861773E-4, 1.287276460576519E-4, -7.914052307273371E-6, 1.6809657163973315E-4, 4.04064291524749E-4, 5.843113053389889E-4, 7.013943008135038E-4, 9.46207802838872E-4, 7.547898019380079E-4, 9.571801486655891E-4, 5.199379658612321E-4, 6.872913518588638E-4, 3.7805038558659895E-4, 5.842552243487572E-4, 3.1557501135517224E-4, 4.8413059389584547E-4, 1.089189471109324E-4, 3.098348033510575E-4, 5.317433482204741E-5, 1.9678565845108277E-4, 1.2275743026035044E-4, -6.838231512857467E-4, -4.993468473966938E-4, -0.001080819138261992, -0.0020418589124434955, -0.002826016619553738, -0.0025873115486696623, -0.0037959329171713845, -0.0023398810836280583, -0.0034629399537777403, -0.0015423502142512583, -0.002848631932801379, -9.654813541147476E-4, -0.002161058495665443, -9.241118054741139E-4, -0.0014216002048285483, -4.316671551444122E-4, -9.112253339296825E-4, -3.0063846482309266E-4, -7.358382392036998E-4, -4.50275891627186E-4 ], [ -7.930605080141745E-5, 1.293768877877011E-4, 3.0073904563990517E-4, 9.495375335671339E-4, 0.0012378501193576544, 0.002297381643712856, 0.0016827497290278328, 0.004034135718458918, 0.0016085096701662208, 0.0038250107968389627, 7.614577188549851E-4, 0.002316173502058347, 2.3360613024530713E-4, 0.0010661717316784074, 1.4447245932841385E-4, 1.7903341164227378E-4, 9.934253484254516E-5, 6.254410752606391E-6, -9.224208933443783E-5, -1.43756700203587E-4, 1.2061451955232962E-4, 3.608274160603664E-4, 2.651613061613333E-5, 9.492277743559745E-4, 8.404820587501132E-4, 0.0018469611692468466, 0.0019447423863836123, 0.0027148397732835216, 0.002425035921088836, 0.0029222608477838083, 0.0021514561010149433, 0.002475778711627613, 0.0020241860375257836, 0.0017705383824867258, 0.0018008009936853508, 0.001463290001477862, 0.0013328858045647555, 0.0012500694619062456, 0.001282792240872706, 0.0010546215604406886, 3.222556319407679E-4, 3.078226247587918E-4, 3.377485853080122E-4, 5.193820319651322E-4, 7.064309360772674E-4, 8.360806608313618E-4, 9.68779777896027E-4, 9.743149447201722E-4, 9.948407251368543E-4, 8.238814245890661E-4, 8.039846284923946E-4, 7.623851809692853E-4, 6.67224185024853E-4, 7.135323594016512E-4, 6.856658017121438E-4, 5.187936562380377E-4, 5.444695147301446E-4, 3.6130908965027904E-4, 4.677190415338739E-4, 3.991453117894283E-4, -0.0012186407273886066, -0.0017059460343084624, -0.0010776508722451215, -0.0036077475163642384, -0.002932010647894254, -0.004821997235022477, -0.003802920000522728, -0.004407204720446628, -0.0031616592427654512, -0.0036565589081608775, -0.0024354726511769407, -0.003241610555967294, -0.001684614444269673, -0.00252620916915542, -0.0017126417213123837, -0.001554388738631221, -0.0013828159014073473, -0.0010927671885608637, -0.0012434093003141993, -0.0010979998260622383 ], [ -8.52452794683529E-5, -2.567461768942622E-5, 5.08035828900187E-4, 5.840541001865408E-4, 0.0017488739278901171, 8.695651164544612E-4, 0.0026383236899266047, 0.0016085096701662208, 0.003054941248919467, 0.0018861945030759532, 0.002129335481239981, 0.0015232068804816733, 0.0012509825091893685, 0.0011805677351011592, 6.253614739693438E-4, 8.239350698843535E-4, 3.813035535193473E-4, 5.922263522952554E-4, 3.5241430653864565E-4, 3.803792124768458E-4, 2.4070976777823596E-4, 7.560831909542861E-5, 3.3092300171222645E-4, 3.2026033829620854E-4, 8.276049244581794E-4, 9.912591163785441E-4, 0.001270515290104742, 0.0016743030809299136, 0.0015612575903450805, 0.0018094583785131654, 0.0013965682852181084, 0.0014901814542202648, 0.0014095112597458355, 0.001061432077196987, 0.0010834094987375135, 9.606391594211603E-4, 9.679386012346248E-4, 7.475580900166701E-4, 8.533910330988277E-4, 6.607112893637052E-4, 1.6848903793929582E-4, 1.6583619252695281E-6, 2.0319634502311188E-4, 2.3408641237121784E-4, 4.6970012794818474E-4, 4.426589952376506E-4, 7.542558938186771E-4, 3.9382474573066155E-4, 7.680522814702824E-4, 1.0958586934657635E-4, 5.138629219818477E-4, 3.664824970413394E-5, 3.8785937657317396E-4, 1.0436402358306982E-4, 3.1013702434561406E-4, 2.1281746987561215E-5, 1.8320083206874264E-4, 9.312190167763389E-5, 1.5650717748630905E-4, 2.0177994621763402E-4, -8.670581987985937E-4, -4.951337335703647E-4, -0.0011906002560538567, -9.827011732582486E-4, -0.0019822105192962214, -7.594795802128564E-4, -0.002657063942766973, -2.4383000392629042E-4, -0.002655876751423115, 5.489894092028826E-4, -0.0022649538445483207, 5.779847380565929E-4, -0.0016865693321753807, -7.193383027082444E-5, -0.0011063713307929075, -1.5712258710691776E-4, -7.313118974509314E-4, -4.3851767255278183E-4, -7.249445431948284E-4, -7.281179394050749E-4 ], [ -2.0432432334567484E-4, -4.644112803649017E-5, 2.6080092436200637E-4, 9.09251693502518E-4, 0.001286928098783116, 0.0021317592238696897, 0.0020036603766473934, 0.0038250107968389627, 0.0018861945030759532, 0.003996354595329315, 7.241409926510875E-4, 0.00239087241098498, 2.383090733497064E-4, 0.0011377926287499665, 1.6693474944785166E-4, 1.3207348667616033E-4, 6.70949538481003E-5, -1.1413847993994386E-4, -1.9392274222451743E-4, -3.0823503364334144E-4, 8.104616451701985E-5, 3.3700708013438546E-4, -8.135078541330584E-6, 0.0010024888674750345, 8.988274414835066E-4, 0.0019369287277022408, 0.0021450897274474788, 0.002833320628590757, 0.002688912498024745, 0.0030771412073213535, 0.002379633596040603, 0.002616888884617763, 0.0022193906484419667, 0.001893202815140607, 0.0019431066257291965, 0.0015044925801539397, 0.0014509775826695966, 0.0012817362604284964, 0.001300434840080545, 0.0010537158369930797, 2.2431322269584562E-4, 1.8277024606641848E-4, 2.3221786222287006E-4, 3.9054682973364765E-4, 6.052747431838207E-4, 6.578015350148315E-4, 8.970500621957264E-4, 7.8601721490999E-4, 9.442177200864306E-4, 6.051554602613384E-4, 7.481076231311264E-4, 5.179122015180443E-4, 5.883677150828402E-4, 4.930211669836842E-4, 5.038190397825232E-4, 3.0787911316995317E-4, 3.6179557691545225E-4, 1.9542437974915682E-4, 3.068325071406131E-4, 2.438725023785202E-4, -7.856368957377314E-4, -0.001342064592265322, -5.395581056743302E-4, -0.0033613273970720817, -0.002519772413505147, -0.004478823190786587, -0.0038092311392670286, -0.0038062751270539785, -0.003204831654175775, -0.003170978164798684, -0.002358569977242541, -0.0027092298372616824, -0.0015707397718656925, -0.0020221755338305693, -0.0013178398118737962, -0.0010537095432100589, -9.441977764904771E-4, -6.784530713987523E-4, -8.470323416280658E-4, -6.982789407864073E-4 ], [ -3.937379690278625E-5, 1.2999991661653997E-4, 1.2124116611213095E-4, 3.602139040135641E-4, 9.005185185169076E-4, 4.961289064960235E-4, 0.0014461234509260204, 7.614577188549851E-4, 0.002129335481239981, 7.241409926510875E-4, 0.0022311830449712458, 8.707593893652914E-4, 0.0016094884681652785, 0.0010195495306202296, 0.0010282422137924004, 0.0011596590836033106, 8.740569059816768E-4, 0.0010833546443409165, 9.154466555182163E-4, 0.0010046778200217183, 1.9907745160276636E-4, -4.134972648622818E-5, 2.683682379369714E-4, -1.0507223073560975E-4, 2.601051372858081E-4, 1.5259113958620624E-4, 1.4759543687612435E-4, 5.126026452409866E-4, 1.7777940909181387E-4, 5.658341121950838E-4, 1.3746491346374397E-4, 4.184524737068571E-4, 2.1967150070639733E-4, 2.308572128509471E-4, 1.5153517172773515E-4, 2.1315829533286195E-4, 1.6204504481642063E-4, 8.906114286654061E-5, 1.492879625203212E-4, 6.89349899216055E-5, 1.5449558616538993E-4, 6.101282045862261E-5, 1.5881167459175702E-4, 5.147317157624623E-5, 1.704247522828519E-4, 7.328376744665128E-5, 2.8128996384369154E-4, -1.395184023363145E-4, 2.4745248729155357E-4, -4.0236782798352494E-4, 8.118243757281787E-5, -3.733632634248208E-4, -2.424688375673076E-5, -1.6600958795287077E-4, 1.5232099010157418E-6, -5.810115625820376E-5, -2.0681334944639723E-5, 6.961608242861659E-5, 3.9965263859522015E-5, 1.869247298301249E-4, -7.255224823777425E-4, -4.7483189906564235E-4, -7.921710512063209E-4, 5.908138668930665E-4, 4.20054289347906E-5, 0.001891874291806917, 1.3918974498085027E-4, 0.002598833592518739, -2.3799338746102158E-4, 0.0031565573970413698, -3.8156415308141455E-4, 0.002460879718433057, -2.3529859448495296E-4, 0.0010876466972845962, -2.3945652315721414E-4, 2.0502084012180794E-4, -1.9827102814517548E-4, -3.728659926876087E-4, -3.9867274154309844E-4, -7.311624098724399E-4 ], [ -1.7471490732737807E-4, 4.5099775025834244E-5, 4.9191814124243176E-5, 6.909037789145638E-4, 7.661790545639929E-4, 0.0013942710917261446, 0.0013438502295682014, 0.002316173502058347, 0.0015232068804816733, 0.00239087241098498, 8.707593893652914E-4, 0.0018512410543187197, 2.64891232068915E-4, 0.0011533495006239636, 1.8360815140441698E-4, 4.102256219893118E-4, 1.0646782473109346E-4, 2.2245240514868716E-4, 8.229014231136631E-6, 6.083840771080954E-5, 9.901037783580971E-5, 2.6109821097007076E-4, 2.234429307505915E-5, 5.520317104947674E-4, 4.94063825526227E-4, 0.00119562000526967, 0.0011486017218043868, 0.0016870157199267285, 0.0014710922012702672, 0.001828684521826758, 0.001337397126337664, 0.0015473533415850207, 0.0012738359644904188, 0.0010054739752138422, 0.001110508999442754, 7.951438948804663E-4, 8.317106512670422E-4, 6.432133612326332E-4, 7.38292724931678E-4, 5.486449157949348E-4, 1.3613231844151886E-4, 1.4612862087247462E-4, 7.808959887423604E-5, 2.1003590971560598E-4, 2.3622450882561288E-4, 3.903324080994249E-4, 4.253487286726206E-4, 3.310877181171351E-4, 4.7579631093678924E-4, 1.7193877067807732E-4, 3.639552461129703E-4, 1.2683158274143347E-4, 2.5429319959329475E-4, 1.3213602018172208E-4, 1.8680934919565042E-4, 5.2473738672846845E-5, 9.478871582691471E-5, 4.217119385612614E-5, 9.74333515669258E-5, 6.506238534007782E-5, -5.089565658090551E-4, -7.737391180195024E-4, -2.782944241440476E-4, -0.0014913328878812836, -0.001134223609202243, -0.0020430713480552917, -0.0018991748349131863, -0.0013811883300140044, -0.001676805270508802, -9.728639212824527E-4, -0.0011812713294954594, -8.485303285646673E-4, -7.507805017904496E-4, -7.244184213443031E-4, -5.191101974135223E-4, -3.7899404449434333E-4, -3.1385474848522884E-4, -3.3921872663723114E-4, -3.635845687298659E-4, -3.506645737877423E-4 ], [ -8.114280349163221E-5, 1.2665343708958646E-4, -1.531477828954375E-4, 1.7199787810058648E-4, 3.792758191527914E-4, 1.3600336405173734E-4, 6.561294498995931E-4, 2.3360613024530713E-4, 0.0012509825091893685, 2.383090733497064E-4, 0.0016094884681652785, 2.64891232068915E-4, 0.001824592498732114, 6.312113268834041E-4, 0.0013376175643653127, 0.0011677386123000923, 0.0012600252249358886, 0.001149199499708232, 0.0012808564105199556, 0.001123105890370182, 4.2621407232838614E-5, -1.6760828306152103E-4, 9.28174189016141E-5, -3.5835255675799413E-4, -7.2226441433875055E-6, -4.5645767687230426E-4, -3.543479806063806E-4, -2.0129742524725193E-4, -4.1013074232337825E-4, -1.830276697990231E-4, -4.707167381643179E-4, -2.455096548541719E-4, -3.6296540936727546E-4, -1.5411189776926503E-4, -3.6736087327858086E-4, -1.5420101924178777E-4, -3.3636729153883275E-4, -2.5645137233009307E-4, -3.220237201363484E-4, -2.615822303695847E-4, -1.555533879474967E-4, -2.2245929966074302E-4, -1.7076584909829024E-4, -4.0920642114528153E-4, -2.9809227860906514E-4, -6.497232363761515E-4, -3.660163830157944E-4, -8.178235467147147E-4, -4.633405833789845E-4, -9.923899886292937E-4, -5.658357589350434E-4, -9.144281572858175E-4, -6.212689018610516E-4, -6.765821402565179E-4, -5.563387140907368E-4, -4.5652307617740143E-4, -4.589310398371979E-4, -3.2068221710759837E-4, -3.615710220854018E-4, -1.7632106920318353E-4, 2.86514515695283E-4, 4.287092685768962E-4, 4.282601404254098E-4, 0.0021811620043757094, 0.0019554373810181354, 0.004212720653121308, 0.0022568705497944324, 0.004732449006960458, 0.0017996535059908543, 0.0047879106479185325, 0.0013685084295957202, 0.0037595593812452745, 0.0011365698733715483, 0.0022669262467028303, 8.57381705362757E-4, 0.0010845493277533808, 6.052842039783737E-4, 4.3290357102715454E-4, 3.616498810687949E-4, -2.5938498097069857E-5 ], [ -1.497816579045582E-4, 8.738285055739356E-5, -1.1876278069126547E-4, 4.020717094466029E-4, 4.112251251640812E-4, 6.893925584766712E-4, 8.127120604042852E-4, 0.0010661717316784074, 0.0011805677351011592, 0.0011377926287499665, 0.0010195495306202296, 0.0011533495006239636, 6.312113268834041E-4, 0.0011128462231232087, 4.324186818902156E-4, 8.186141252733675E-4, 4.2966232575512674E-4, 6.577529358950368E-4, 4.2626700870513826E-4, 5.097706875776972E-4, 5.0238165411527915E-5, 1.519355831434137E-4, -2.1965062555900327E-5, 1.479568154324701E-4, 1.3411857995633582E-4, 4.171643332495183E-4, 2.962094363739521E-4, 7.154092993411621E-4, 4.5421109847623275E-4, 8.47510786293932E-4, 4.3506432301327366E-4, 6.796734208625241E-4, 4.939244055786565E-4, 3.330580548920613E-4, 4.752453320081973E-4, 2.2652595128905067E-4, 3.3884735796655915E-4, 1.4967766996853144E-4, 2.7493783009504484E-4, 1.580495905177825E-4, -1.1428423045628679E-4, -2.2258341192479844E-5, -2.2669332150014344E-4, -8.573293537257509E-5, -2.2429598828003269E-4, -8.831214981519574E-5, -1.6898468816542203E-4, -2.5982887392011177E-4, -1.718518177557084E-4, -3.7846976592155706E-4, -2.258981781021279E-4, -3.98469901486522E-4, -3.1174592392179887E-4, -3.7967149688233437E-4, -3.3294780815404086E-4, -3.7346186213157913E-4, -3.1900719677424794E-4, -3.1681067398769047E-4, -2.563289597413977E-4, -2.7639311007820577E-4, 1.933114541459363E-4, -1.0016820643919104E-4, 5.269246628809538E-4, 3.432461203656052E-4, 6.962859932428312E-4, 7.906231387051091E-4, 2.9326768496880064E-4, 0.001500253089119623, 1.9156689319771306E-4, 0.0016224012835379124, 2.6027576944004447E-4, 0.0013384696924906249, 4.015247720337733E-4, 8.605834598123241E-4, 5.105900265017037E-4, 6.20112027282179E-4, 4.738555086272024E-4, 3.7916869792568565E-4, 3.035912413180668E-4, 2.4444491337590363E-4 ], [ -1.6788474223404832E-4, 2.3185460182044934E-6, -2.8420622677241943E-4, 2.6411382523484264E-5, -5.910140676538572E-5, 8.827135490037682E-5, 1.3017775911425842E-4, 1.4447245932841385E-4, 6.253614739693438E-4, 1.6693474944785166E-4, 0.0010282422137924004, 1.8360815140441698E-4, 0.0013376175643653127, 4.324186818902156E-4, 0.0012241711704964846, 7.500823977404489E-4, 0.001147598500898674, 8.41289454150077E-4, 0.0010620704120732163, 8.796641850431276E-4, -5.669229005622286E-5, -1.8938035037581295E-4, -5.7127838394008254E-5, -3.144436715483921E-4, -1.434771708021094E-4, -4.8512372108560427E-4, -3.665230259200317E-4, -3.3172139215638E-4, -4.544173314099178E-4, -3.276538058206184E-4, -4.954919445522006E-4, -3.250633495092864E-4, -4.5138676357255904E-4, -1.852980179906411E-4, -4.3325951052037946E-4, -1.9438058310654202E-4, -4.0475528427753817E-4, -3.1087399512874186E-4, -3.5304080908413665E-4, -3.3992862327670637E-4, -2.4343754382266712E-4, -3.373702338950241E-4, -2.524270559982681E-4, -5.830991546655604E-4, -4.041187079040478E-4, -8.197743289908258E-4, -5.062134742108659E-4, -9.348809327685536E-4, -5.913373872207234E-4, -0.001082246440731105, -6.444146748164309E-4, -0.0010315653026095168, -7.255161410022889E-4, -8.17789317493221E-4, -7.28403344387112E-4, -5.764117439503646E-4, -6.480339296777549E-4, -4.818642221008386E-4, -5.656773625579227E-4, -3.674082274768941E-4, 8.655780367179101E-4, 0.001003288081573073, 0.001096632984281139, 0.0026173280364164084, 0.002588003322020189, 0.0042229468443896285, 0.0028262445398410064, 0.004623431935024463, 0.002459546404975171, 0.004574616127186868, 0.002062608114724008, 0.00367251647006368, 0.0018107842961960685, 0.002476572831450467, 0.001497194654163891, 0.0014129330242901598, 0.0012220143929959908, 8.925550552674857E-4, 9.925053608825255E-4, 5.473665285601858E-4 ], [ 8.387112856936063E-6, 2.2034641898285138E-4, -1.6682288709042326E-4, 2.2281524130080582E-4, 1.6220291895472573E-4, 1.8974695375970288E-4, 3.2455164170878416E-4, 1.7903341164227378E-4, 8.239350698843535E-4, 1.3207348667616033E-4, 0.0011596590836033106, 4.102256219893118E-4, 0.0011677386123000923, 8.186141252733675E-4, 7.500823977404489E-4, 0.001218697104204248, 8.164532696160856E-4, 0.0010689889982193948, 9.823196294794756E-4, 9.83462720963427E-4, 7.798824006360452E-5, 2.7908520447716923E-5, 6.283416727293249E-5, -2.82899812281038E-4, -8.991753058863939E-5, -3.313134484713393E-4, -4.7501557162757353E-4, -1.8542094172585886E-4, -5.037748517277241E-4, -1.5187542550963923E-4, -4.777281132819662E-4, -2.3051320026414848E-4, -3.050423732513434E-4, -3.306828071084906E-4, -2.3767503091331674E-4, -2.980299640789929E-4, -2.765065937226991E-4, -3.0226746606190586E-4, -2.9713390584697034E-4, -2.2189774033185453E-4, -7.318564469582977E-5, 2.121765509166179E-5, -1.695655985798758E-4, -1.897260447597244E-4, -3.074538948640532E-4, -3.577206915752379E-4, -3.679727686421169E-4, -6.010882089216204E-4, -4.198018431987944E-4, -6.439338520551989E-4, -4.66261047014019E-4, -5.471633768367121E-4, -4.6976676704501587E-4, -4.273548042552421E-4, -3.7646031695843054E-4, -2.9470156394026083E-4, -2.3749480301630318E-4, -1.4497457835677092E-4, -1.0982877914856344E-4, -6.308031151642908E-5, -1.54871045753598E-4, -2.972443545085363E-4, 1.357094365694462E-4, 0.0012636820690457133, 0.0013872847193095222, 0.002687391439655788, 0.0015009051430393049, 0.0033505827371774193, 0.0011033705652037861, 0.003136046740618457, 8.12199226247288E-4, 0.002336557225185795, 6.118395137407167E-4, 0.0013010250873080732, 4.4254111463729333E-4, 4.907139799692774E-4, 1.416454959426288E-4, -2.371354676256944E-5, -1.2410586916669893E-4, -3.054672342406349E-4 ], [ -7.044527414909853E-5, 9.760145627642772E-5, -2.5938448807103545E-4, 1.063279315081703E-4, -1.5702050536191248E-4, 7.870294870616933E-5, -8.721603921385394E-5, 9.934253484254516E-5, 3.813035535193473E-4, 6.70949538481003E-5, 8.740569059816768E-4, 1.0646782473109346E-4, 0.0012600252249358886, 4.2966232575512674E-4, 0.001147598500898674, 8.164532696160856E-4, 0.0012173194205633289, 8.603200191116319E-4, 0.0011781632279649458, 9.228556358168111E-4, -1.62259232532674E-5, -1.6600612402901808E-4, -4.39921266846985E-5, -3.7977291742119913E-4, -1.7948260799359502E-4, -5.780640309030741E-4, -5.072434852315875E-4, -4.594314240900031E-4, -6.276818937071348E-4, -4.6100647971535763E-4, -6.328638243759683E-4, -4.395912492921111E-4, -5.649840108591124E-4, -3.214964410881072E-4, -5.023919629802247E-4, -2.60498611338859E-4, -5.148404642959245E-4, -3.225484008367019E-4, -4.200964943113376E-4, -3.1805701172375864E-4, -2.67796350907116E-4, -3.205414434424534E-4, -2.9223529997131196E-4, -5.426342225045334E-4, -4.3218782672362944E-4, -7.523009337426802E-4, -5.285201965087033E-4, -8.661275446761286E-4, -6.205385569713015E-4, -9.774074432941854E-4, -6.42056786004933E-4, -9.356010921341928E-4, -6.903286797477228E-4, -7.601453167596651E-4, -6.597699386084162E-4, -5.346941749461016E-4, -5.631733115469327E-4, -4.690641610550927E-4, -5.134916263835716E-4, -3.6072419238472716E-4, 7.75150544652646E-4, 8.398143763367097E-4, 0.0010809048303991608, 0.0024697612354503662, 0.0026960154191016683, 0.0040202336357050596, 0.0028971331256548456, 0.004319383319887276, 0.002544506294721816, 0.00415149321367522, 0.002055669388361538, 0.003263502306898521, 0.0017003953476685094, 0.002191379952526801, 0.001281132144928058, 0.0011838566026609583, 9.357418474319567E-4, 7.484704040590395E-4, 7.690398415796759E-4, 4.0089351584367006E-4 ], [ -3.1008813702654955E-6, 1.198027544528918E-4, -1.748278315134999E-4, 1.9673433875064395E-5, 5.001142593356689E-5, 3.01130543291072E-5, 4.842830747210278E-5, 6.254410752606391E-6, 5.922263522952554E-4, -1.1413847993994386E-4, 0.0010833546443409165, 2.2245240514868716E-4, 0.001149199499708232, 6.577529358950368E-4, 8.41289454150077E-4, 0.0010689889982193948, 8.603200191116319E-4, 0.0011260498231597852, 9.968457314616871E-4, 0.001094233080093109, 6.929844594676068E-5, -2.9118185543350467E-5, 5.6760575408537446E-5, -3.75919660560959E-4, -1.2572507163431543E-4, -4.948352075685906E-4, -6.153094878708832E-4, -3.9208780631159025E-4, -6.967565875672801E-4, -3.8266510811803386E-4, -6.59411427161705E-4, -4.035641991771358E-4, -4.976081478908261E-4, -4.0844068300008426E-4, -3.72395404705479E-4, -3.48918644731269E-4, -3.3672432435827044E-4, -3.553261198775493E-4, -3.239240188775021E-4, -2.792976702416441E-4, 2.415279518046055E-5, 4.733437871148426E-5, -1.7348773017933814E-5, -1.7133991239802465E-4, -1.4614046793732315E-4, -3.076869663419015E-4, -2.317402640243815E-4, -4.8374630984635383E-4, -2.9644411378233553E-4, -5.110434546697325E-4, -3.232730313991236E-4, -4.374303872177889E-4, -3.266861136008419E-4, -2.8496817632071505E-4, -2.445112868609813E-4, -1.3829990579500466E-4, -1.1391787116067676E-4, 1.0592742560950052E-5, -1.4311243978410082E-6, 9.844975903883601E-5, -2.7770060430153457E-4, -3.4763413114494103E-4, -1.9964328466368074E-6, 0.0013958254309689943, 0.0012872087641076673, 0.0028667769969253, 0.0016023998736562188, 0.003449311837453643, 0.0012692697949007689, 0.003158348882464341, 0.0010212669789293816, 0.00230049905893697, 6.649888686930359E-4, 0.0012511462424467626, 3.493447646166121E-4, 3.83468600780507E-4, 2.5602269591084035E-5, -1.872277435196644E-4, -1.9648325393060325E-4, -5.122098059791147E-4 ], [ 8.293341786822213E-5, 2.082755776325103E-4, -1.9633971213078887E-4, 1.1827651078212947E-4, -1.6102879459662015E-4, -2.9395715584406704E-5, -1.844358895066542E-4, -9.224208933443783E-5, 3.5241430653864565E-4, -1.9392274222451743E-4, 9.154466555182163E-4, 8.229014231136631E-6, 0.0012808564105199556, 4.2626700870513826E-4, 0.0010620704120732163, 9.823196294794756E-4, 0.0011781632279649458, 9.968457314616871E-4, 0.0013451605116637764, 0.0010691443475703858, 8.381282107464427E-5, -1.264580692833309E-4, 9.192205992179751E-5, -5.124289028757516E-4, -1.2487083577614723E-4, -7.480926765221016E-4, -7.378354836468341E-4, -6.847678362608942E-4, -9.005631386995579E-4, -7.168184824839898E-4, -8.917039148509068E-4, -6.939250851234664E-4, -7.389585624969091E-4, -5.755898940606462E-4, -6.737547274915494E-4, -4.5963146916358353E-4, -6.486714170205502E-4, -4.7474981779886173E-4, -5.98400122192426E-4, -4.122259376395072E-4, -8.428058695600473E-5, -1.2688527437002274E-4, -1.0327393051821282E-4, -4.334533048679971E-4, -3.0128416687952644E-4, -6.997984394293871E-4, -4.301270160533758E-4, -8.537090141073478E-4, -4.682196349475358E-4, -9.14858240563171E-4, -4.6372023319308305E-4, -7.561266615226793E-4, -4.6497549796213996E-4, -4.999159614880405E-4, -4.042494863012667E-4, -2.366777613976577E-4, -2.7049043310784854E-4, -1.0889643663030051E-4, -1.8471707067613754E-4, -5.125784146624253E-6, -8.671708633894292E-5, 2.4044240544039493E-5, 2.0688061206897474E-4, 0.001951808561496697, 0.0019929475081646793, 0.0036253533991719316, 0.0023166929258399767, 0.003941901633389531, 0.0018318705474115076, 0.0035960638804604242, 0.0013695565288310077, 0.0025005669070449097, 9.537741828427507E-4, 0.0013926051039550237, 5.143501874136943E-4, 3.805647317273994E-4, 1.3226051876465245E-4, -9.468241451196911E-5, -3.5961589744800165E-5, -4.326602353967992E-4 ], [ 5.95040845868816E-6, 1.0036126108447583E-4, -1.8202740175130654E-4, -3.563465340408793E-5, -7.021203752021623E-5, -5.79619696102893E-5, -1.6074511067532706E-4, -1.43756700203587E-4, 3.803792124768458E-4, -3.0823503364334144E-4, 0.0010046778200217183, 6.083840771080954E-5, 0.001123105890370182, 5.097706875776972E-4, 8.796641850431276E-4, 9.83462720963427E-4, 9.228556358168111E-4, 0.001094233080093109, 0.0010691443475703858, 0.0011383681150787422, 6.145346218200572E-5, -8.013951947305409E-5, 4.1457120660219114E-5, -4.589101511453682E-4, -1.9279464487697206E-4, -6.225251617155065E-4, -7.460368059410988E-4, -5.855546238527849E-4, -8.866283593748516E-4, -6.16504410732232E-4, -8.411101865803979E-4, -5.973266738384665E-4, -6.770258981532897E-4, -5.351354579263925E-4, -5.22255155003645E-4, -4.2738759323685395E-4, -4.5593549264398483E-4, -4.1127350268747165E-4, -4.1421465033003504E-4, -3.404718548650693E-4, 4.769279138747318E-5, 4.001335286375596E-5, 2.554131100680426E-5, -1.7530698037128455E-4, -9.729034702139122E-5, -3.0036130545594224E-4, -1.76367143998951E-4, -4.7293567354604024E-4, -2.466220354552919E-4, -5.11728833482377E-4, -2.7819357490354294E-4, -4.373515686532308E-4, -2.839088179836963E-4, -2.634426398723545E-4, -2.1293467221680424E-4, -8.620435461104374E-5, -9.299784838282659E-5, 5.575332269322989E-5, -1.0068831744464798E-7, 1.4023668809984944E-4, -2.4034622873706093E-4, -2.4603020280306297E-4, 4.578005631390068E-5, 0.0016091452689261216, 0.0015177784156932188, 0.00306899515635862, 0.0019084595229486244, 0.0036227127717865164, 0.0015559540068157602, 0.0033167955163359328, 0.0012928678996079637, 0.0023804068900203736, 8.574590886795562E-4, 0.0013088295009783995, 4.396810765425203E-4, 3.468072007166144E-4, 8.216312707319448E-5, -2.3113490809305938E-4, -1.2119602809251137E-4, -5.490546438215864E-4 ], [ 2.2475353517793664E-4, 1.9639557130308915E-4, 1.965849711308872E-4, 2.005606420017949E-4, 1.6767231272636862E-4, 1.255043206215062E-4, 1.844269750254348E-4, 1.2061451955232962E-4, 2.4070976777823596E-4, 8.104616451701985E-5, 1.9907745160276636E-4, 9.901037783580971E-5, 4.2621407232838614E-5, 5.0238165411527915E-5, -5.669229005622286E-5, 7.798824006360452E-5, -1.62259232532674E-5, 6.929844594676068E-5, 8.381282107464427E-5, 6.145346218200572E-5, 3.4019106854180835E-4, 1.5592025582976006E-4, 4.114558231216072E-4, 3.275138681855702E-5, 3.97367464935926E-4, 1.0337784905158426E-4, 1.5249092416113344E-4, 7.793580795137596E-5, 5.7527309886368295E-5, 5.040654011443582E-5, 7.111274626204597E-5, 9.354125794857392E-5, 7.660247326390232E-5, 4.73350249673677E-5, 3.1630402177871755E-5, 9.915306413661737E-5, 1.55053431932963E-5, 1.0288754294165455E-4, 3.234073395954457E-5, 1.1104287246165247E-4, 6.457228351867799E-4, 5.194984199979181E-4, 7.469594771177655E-4, 4.933096711997657E-4, 7.647639752630579E-4, 6.304567696902147E-4, 7.939393749999241E-4, 7.500459365709724E-4, 9.107617471023211E-4, 8.582074148513268E-4, 0.0010015536605313875, 9.986996797821184E-4, 0.0010963685111056273, 0.0011577599844259927, 0.0011530007761451956, 0.0011901749866417874, 0.0011617713296183977, 0.0012177308494789884, 0.0011779223941856631, 0.0012089912485041647, -0.002723503753280003, -0.002438108662082527, -0.0029657584849130153, -0.0024087239343527907, -0.002980291041941728, -0.0025639464835845536, -0.0028718682753594983, -0.0027481352018275786, -0.0030140062972323725, -0.002848002063187848, -0.0030192618739940487, -0.002897146731733225, -0.0029826043477099535, -0.002950705623011083, -0.0029068099127542114, -0.002846945225240667, -0.002802195053774