{
  "weights" : [ 0.8724346026111861, 0.8793469828179203, 0.8677334129768128, 0.8607207776305194, 0.8416008532670085, 0.8261584409697013, 0.7980392389342924, 0.7722557633221875, 0.7487232997474794, 0.7403740263451127, 0.7804579800266226, 0.7698678794134172, 0.8072949340343151, 0.800725048543503, 0.821405314870979, 0.8164449304892012, 0.8287529781188295, 0.8130875869671716, 0.8269176928434937, 0.8109011736482364, -0.12557208649471147, -0.11762285264985259, -0.10873422319233293, -0.0601530630334225, -0.06346423359245015, -0.002765233122573925, 0.009456761228644004, 0.05024623300530862, 0.0636858112709561, 0.08466755784348762, 0.06124984927242676, 0.08875501701980627, 0.05723495893374702, 0.07987326643402327, 0.06927741275477552, 0.07876394808215774, 0.07286867007188677, 0.08016380980921294, 0.07902891234693794, 0.08023230806903038, 0.4054372013030932, 0.4020131168705504, 0.41054416148335676, 0.4525364114478434, 0.4537291883924147, 0.4968757962193103, 0.49257547784855343, 0.5367721984980284, 0.5112929262736243, 0.5463238992585393, 0.45867672050237424, 0.4953335825192869, 0.42851265999788296, 0.44275866720053797, 0.4024764801115779, 0.40850238454148746, 0.38733603115345533, 0.4008764050739479, 0.3806030399838768, 0.4149530280187239, 0.17718014725685968, 0.17231657588307425, 0.19079772070254755, 0.15552328042040095, 0.1802615195034187, 0.14427019777362501, 0.17541451419796464, 0.15432017914657972, 0.21208328575094518, 0.17995498556703085, 0.2402997546736152, 0.21171458939109394, 0.2486883700402651, 0.23614723571309618, 0.2556192992977529, 0.2542841589878713, 0.2602653170383774, 0.26970628779284445, 0.2683289421573814, 0.27144724143467575 ],
  "covariance" : [ [ 0.0010488263773517647, 4.221445027455783E-4, 0.0014556901683128057, 4.556202756622854E-4, 0.0016719676160615999, 6.817566673712386E-4, 0.0016656430691374658, 0.0011478409489590045, 0.0018894816870497716, 7.722576079229814E-4, 0.0013700825557329333, 2.2335239747018666E-4, 9.730325048305142E-4, 2.0903084989402551E-4, 4.6872783208457924E-4, 3.715537579746605E-4, 1.6073266469453812E-4, 2.4946495311514147E-4, 2.5516443006019714E-4, 2.178588297840882E-4, 0.002687677419101771, 0.0032211846137895437, 0.0023523812656783038, 0.003074512367317969, 0.0020498484948300085, 0.0030343272080098826, 0.0023782061007673206, 0.0023829192353693874, 0.0018115952451769458, 0.0024199015685655374, 0.0022614275356245403, 0.00268454383384725, 0.0029207268805956387, 0.0027034148042368164, 0.003132060258150713, 0.0024106484910095824, 0.003146861091107941, 0.002275452527335259, 0.002638195738521257, 0.0024182709716892323, -2.9486387575450415E-4, 3.177916092085726E-4, -7.556022569495988E-4, -1.0911123176509284E-4, -0.001201704205085958, -4.169033411701297E-4, -0.001565921332082305, -6.86558739023051E-4, -0.001713499244784786, -2.1513675373607966E-5, -8.57240721531201E-4, 7.618222647968981E-4, -4.167412665251367E-4, 0.0010236389226630674, 4.7019214350790616E-4, 0.0010234213463244093, 8.868773574692111E-4, 0.0011297061057743277, 0.001044153672993604, 0.0010108531327287344, -0.001624111192266928, -0.0016705047124662567, -0.0015806709176113816, -0.002125346099071246, -0.001772293593929144, -0.002173739095769586, -0.0023674471244405663, -0.002555349196214206, -0.002500322621185108, -0.0028861262337363555, -0.0023152499850005847, -0.0028519474485559954, -0.0022386867834195915, -0.002556831144760764, -0.002186809722240523, -0.0025543467049871675, -0.0019918071893230403, -0.0022441345149957844, -0.0021907504695841814, -0.0022075572736202963 ], [ 4.221445027455783E-4, 8.508328353013162E-4, 2.319913952217172E-4, 0.001105672251984472, 2.3470504486923906E-4, 0.0013078888425477554, 4.2598111483247396E-4, 0.0013428520790046868, 4.085489843358207E-4, 8.04132913386811E-4, -5.641584292966737E-5, 2.181239406386637E-4, -4.419007325876033E-5, -2.1830800930356688E-4, -1.1815475580478941E-4, -1.5573671503244936E-4, -1.9658636688092704E-4, -2.899327557215079E-4, -8.390492514595011E-5, -1.8009586190790756E-4, 0.0019587849749847426, 0.0016435882031247623, 0.0024010330353221644, 0.0015737949506705662, 0.0024155667586417567, 0.0018213867333310594, 0.0023180918577247185, 0.002151346933749362, 0.001963258516881492, 0.0024831458414310906, 0.0022194346569674164, 0.00263286358376671, 0.0025000706021943925, 0.002527392666971469, 0.0025370155579980363, 0.002293765684435347, 0.0022613562562500476, 0.00227376323769088, 0.0017451336118947604, 0.0020844769388942146, 9.994886103583054E-5, -4.991667294615338E-4, 2.994093331105002E-4, -9.573997841937312E-4, -2.497500816104094E-4, -0.0013332020794254845, -8.490683851534923E-4, -0.0014979264190130277, -8.395675959167982E-4, -0.001092873601052449, -4.533528429942119E-5, -2.3623997932773947E-4, 2.9010253746083625E-6, 4.7513456914402157E-4, 3.285866443871726E-4, 5.028592718783347E-4, 7.173496820979728E-4, 6.970110669708709E-4, 7.951029584691212E-4, 5.377806419399736E-4, -0.0010815981095879219, -0.0011073640146362547, -8.971702494145814E-4, -0.0016960975725286616, -6.341433369231613E-4, -0.001973212812956183, -7.00573353427513E-4, -0.0021559674629843197, -9.872446559406212E-4, -0.001758181312806726, -0.0010948680308896315, -0.0016128092236102883, -8.778121689857724E-4, -0.001423596149536528, -7.83543162464233E-4, -0.0013017372716984331, -8.758349645079858E-4, -9.436363505975382E-4, -8.6907272993597E-4, -7.879431050489051E-4 ], [ 0.0014556901683128057, 2.319913952217172E-4, 0.0023564163948687775, 2.468536868180997E-4, 0.0028811722769507314, 6.77981802255693E-4, 0.0027710381818887883, 0.001685960163928586, 0.003043295075989891, 0.0012781830065703586, 0.002029614842368059, 2.919374968714197E-4, 0.0015083006471708583, 3.4110342795932796E-4, 6.47952268296454E-4, 5.507909355078079E-4, 1.493089631486959E-4, 4.320253733804887E-4, 1.9082107433997188E-4, 3.3409902124913095E-4, 0.0028038903375780916, 0.003956323818143387, 0.0019579302639875385, 0.0040174401050814355, 0.0017621910824967173, 0.00392711661485723, 0.0026330438262342462, 0.0027608620554481667, 0.002207606691020753, 0.002866043615212703, 0.002892688116623052, 0.0031456657441339218, 0.0036692154456537352, 0.0032095231045154394, 0.003957650788158213, 0.0028753226877636143, 0.004112791477696669, 0.0026283793138206202, 0.0035994687947364123, 0.002939909338467336, -6.681671707963599E-4, 6.502084691902237E-4, -0.0017551284481219622, 1.640651438511768E-4, -0.0023523805056113525, -3.344574470896606E-4, -0.002660523528770578, -9.63042567780301E-4, -0.002940049907973392, -1.6993085693579673E-4, -0.0017644745927717083, 0.0010086065426010869, -0.0011693076011480917, 0.0012066587936013717, 2.623115683423014E-4, 0.0011187089894641134, 8.784098906585134E-4, 0.0010792233629436238, 0.001030402481387167, 9.702204359504951E-4, -0.0018574101719998908, -0.001968176105896092, -0.0019617359983816096, -0.0024255598779463596, -0.002507421324778227, -0.0023499548149179188, -0.003370173794981316, -0.0029077224702765306, -0.0032007780046388054, -0.0034811369803991682, -0.002664463095015043, -0.003339563584809695, -0.002581954858492483, -0.0028550002606601683, -0.002469924890120487, -0.002752588507523759, -0.0021244532507252497, -0.0023278765302352632, -0.002370237558565505, -0.0023928869679166027 ], [ 4.556202756622854E-4, 0.001105672251984472, 2.468536868180997E-4, 0.0026575774851568534, 8.457607236703941E-4, 0.0036972420305177093, 0.0019280797893661444, 0.004071053827317138, 0.0023734951408265546, 0.0033601353480827924, 0.0011764169918721417, 0.0011718263288856229, 7.058643917056928E-4, -2.1549433634677792E-4, -2.542989447456278E-4, -8.056955401222267E-4, -7.272762475527282E-4, -0.001124232888376465, -9.671902868971905E-4, -8.23235971410087E-4, 8.975112586668241E-4, 3.723435122159236E-4, 0.0012166543250724444, 0.0015846591818936867, 0.0019543375635422203, 0.003113207802970188, 0.00331790330359037, 0.004667680043333878, 0.0038862595834395952, 0.005449067621284902, 0.004449823914946317, 0.005590242271628871, 0.004656244153454125, 0.005071246790392612, 0.004913919591529491, 0.00440261498721991, 0.004548929986509642, 0.004391107505051303, 0.004076036198434608, 0.004211373664090398, -6.195152120200051E-4, -0.0010877562735324654, -6.490787983222623E-4, -0.002726890972386935, -0.0017389409519206628, -0.00387078104052582, -0.003268077403464749, -0.004724920923119976, -0.004258128900431642, -0.004780130463337621, -0.0030490849944656033, -0.002853318515269295, -0.00225714549155915, -0.0013961380524232015, -0.0012134949898565393, -7.542587214801074E-4, -7.66129471495939E-4, -7.857142872234775E-4, -6.939620759109123E-4, -0.0012225027984663988, -7.008510270737982E-4, -8.584020135413153E-4, -5.574156855547924E-4, -0.002046312774317404, -5.1921586951956E-4, -0.002860354860458503, -4.2514950264845464E-4, -0.002739712826206174, -2.801302550912534E-6, -0.0013270468749334995, 3.617665207006366E-4, -2.628246580647262E-5, 0.0011143198057185703, 7.822480732055643E-4, 0.00198073486280849, 0.0013808199251760629, 0.0022102537127441845, 0.0022016236573051554, 0.0025595702250367984, 0.00236545053161793 ], [ 0.0016719676160615999, 2.3470504486923906E-4, 0.0028811722769507314, 8.457607236703941E-4, 0.004626231750938844, 0.0020908158341030655, 0.005094336738405326, 0.00424625312057943, 0.006233083574253736, 0.004194001836224688, 0.004034868872591159, 0.0017058539712287936, 0.0030081496790472415, 8.781626748724986E-4, 8.673499086225613E-4, 6.592990318499863E-4, -4.0305968199334287E-4, 2.6420275966767734E-4, -6.440691749417666E-4, 2.089804027678406E-5, 0.0016517652226223879, 0.003423153054561002, 2.1119974774666138E-4, 0.004251086379698247, 6.436333149231961E-4, 0.004891431020150446, 0.002841673860371541, 0.0038443604383845446, 0.00322345870286436, 0.0040565404166714725, 0.003959254337615675, 0.004498079054430086, 0.004752379521887239, 0.0043673305807251945, 0.005226811456006689, 0.00378145916803328, 0.005649477463877008, 0.0034234725916249746, 0.005296194406132334, 0.004114799909262233, -0.0015900668382627932, 1.0844151196840596E-4, -0.0031218859439411037, -9.185952162808094E-4, -0.004826434709080948, -0.002216828079680179, -0.005699630874731775, -0.003951520093487571, -0.007126581462252557, -0.0034398580867831905, -0.005152353959335091, -0.0010914672986060572, -0.003848397049343962, -3.0491915928490196E-4, -8.785047130892231E-4, -8.222189355863285E-5, 4.084109812906546E-4, -1.0090427574866213E-4, 4.421207047071158E-4, -8.262599684244323E-5, -0.0013870268200139714, -0.001640461457344022, -0.0015022566659827164, -0.0021540477322659663, -0.002632214852508715, -0.0022081058964093713, -0.0032490905690432522, -0.002740980456586708, -0.0022813044909427275, -0.003245425387169312, -0.00149617283699337, -0.002284329958694502, -0.0016379733837976187, -0.0010624795569086627, -0.0010021750993243082, -9.568255667719391E-4, -1.6768194976933058E-4, -3.032360177702785E-4, -2.14676331164188E-4, -4.8522951241746436E-4 ], [ 6.817566673712386E-4, 0.0013078888425477554, 6.77981802255693E-4, 0.0036972420305177093, 0.0020908158341030655, 0.006371680780564121, 0.00386493844142359, 0.008119811564594768, 0.005351585274460665, 0.00725389589847942, 0.0031940276769180887, 0.0033549885573768254, 0.0020625286657724286, 7.720602729938367E-4, 1.4223098462792155E-5, -5.809142007755492E-4, -9.866981790136347E-4, -0.0012522126359791443, -0.0015255696562282964, -9.546254404416371E-4, -1.556576076134786E-4, -1.1988901425718346E-4, -5.786668065337427E-4, 0.0011965912208387426, 1.0065511641456506E-4, 0.0020816353373323314, 0.0021819661065761633, 0.003403107795606008, 0.0028669518643960313, 0.004808561732148784, 0.003908941444328322, 0.005086519863809454, 0.004443368242497921, 0.004749320974087342, 0.0051400498301920295, 0.004106471312123745, 0.004972531242919609, 0.004339637653184317, 0.004815996744973938, 0.004572912306065605, -0.0015586412610918505, -0.0016356947616069013, -0.002130288228878755, -0.004239311900118745, -0.004165173943536316, -0.006982539879549351, -0.006374490621942062, -0.009082304498728941, -0.008385930612744872, -0.008997771478880865, -0.006509802834368472, -0.00536812145390823, -0.00449642623475746, -0.0023603378101309485, -0.0018173762568364355, -7.1843792036876E-4, -7.178484711032029E-5, -5.12543937711743E-4, 1.6201950798076803E-4, -0.001078759455775294, -5.300136229944261E-4, -9.583209771100444E-4, -2.726504866179201E-4, -0.002253823664030894, -6.208283213410515E-5, -0.0035376392522993108, 1.4149898899117232E-4, -0.0033620275310838384, 6.644166572667039E-4, -0.0020970982586052556, 0.00115720245588035, -4.1785008584426013E-4, 0.0017189318359138494, 4.893858859244861E-4, 0.00274572114132774, 0.0011863685218469176, 0.002630804726002953, 0.002429660364061344, 0.0028773455884721377, 0.0025657879567233454 ], [ 0.0016656430691374658, 4.2598111483247396E-4, 0.0027710381818887883, 0.0019280797893661444, 0.005094336738405326, 0.00386493844142359, 0.008864413148831235, 0.006763806867200913, 0.012173338569217502, 0.00815452397673512, 0.009462090893004496, 0.005531029632208245, 0.0071973091378708465, 0.0037408742876420295, 0.003944296277207798, 0.002414306953649645, 0.0015442364556320488, 0.0016168811071804467, 6.844983400729667E-4, 0.0013304327189962485, -4.279431809784011E-5, 4.95056687320591E-4, -0.0011194318853879304, -4.888397150327312E-4, -0.003068259044927894, 4.368925188588815E-4, -0.004922567779096677, -5.235825307156974E-4, -0.006174481798671908, -0.0016273137191369774, -0.004907926942536582, -0.0017229404034997263, -0.0025344878554716694, -0.0014295677676505517, -0.0010875556401572564, -0.00132234228466801, 3.6367538499291015E-4, -0.0011063851261718315, 8.490886951470857E-4, 7.647404811857695E-7, -0.0021677816574873043, -6.185617052855348E-4, -0.0037290758652715056, -0.0028885395570641425, -0.005820069932070511, -0.005313205843049328, -0.008502251700963522, -0.007924295839477877, -0.010724970517464238, -0.007536638700590941, -0.007523480482174703, -0.004010586247148152, -0.004938331639049266, -0.0013626730191930757, -6.138989867653379E-4, 6.250396221758498E-4, 0.001378669438948082, 0.0019798641175266477, 0.002249699270840375, 0.0016595402654966257, -0.0014899591026151723, -9.027562794629623E-4, -0.0020934296548237264, -1.8048677270506594E-4, -0.002499793035316891, 4.676065364121139E-4, -0.0032372683069737855, 2.4176615866815296E-5, -0.0037132524749228946, -0.0011592530755918887, -0.0043377262410800085, -0.0014729681938002452, -0.004681981746457861, -0.002233349305016257, -0.0035278448275617626, -0.0034277333969043493, -0.0024621506516873818, -0.0036283016546986564, -0.002955515746048676, -0.0036355506016562907 ], [ 0.0011478409489590045, 0.0013428520790046868, 0.001685960163928586, 0.004071053827317138, 0.00424625312057943, 0.008119811564594768, 0.006763806867200913, 0.012812771130998029, 0.00989177997742008, 0.013033719294025546, 0.006616222729157134, 0.007155386768388844, 0.0049372380912553575, 0.0032492215701434473, 0.0012444455301794367, 0.0011897300169485762, -8.873732524789612E-4, -4.660654486550414E-5, -0.0016630695799452785, -2.3595887181340208E-4, -0.0016303372097927929, -6.21695238475037E-4, -0.003242795437967324, -8.763280076174138E-4, -0.003754099396894814, -0.002057830402537436, -0.002880075064564056, -0.0031156566404369527, -0.0031663750930482296, -0.0018260571934822626, -0.002073630646150812, -6.190338207426561E-4, -7.860777296882058E-4, -8.828782019448925E-5, 8.981640543216027E-4, -2.764604184400607E-4, 0.0018821175335584446, 2.8108918167590326E-4, 0.0022230459975249657, 0.0013017614929900837, -0.0029338538272584936, -0.0025218794173264675, -0.004195134024424988, -0.006176642246840381, -0.007442306475147217, -0.010379489834934422, -0.010502736123771802, -0.014339657645579049, -0.013308598380017217, -0.013933891025508547, -0.01017423393308496, -0.007707587845420248, -0.007190669447926978, -0.0025237289203764246, -0.0014629530450975758, 3.910704726947646E-4, 0.0026655381974270346, 0.0015216764413409803, 0.0034514003323953247, 0.0011877199420369509, -1.9503721827295934E-4, -0.0010997870373124535, 1.116448458437571E-4, -0.0014510975532282555, 3.835981251613416E-4, -0.0020120453531075823, 8.490159445800199E-4, -0.002468788979287832, 0.001097848255537086, -0.002796046921376386, 7.840802628878029E-4, -0.0017732503988817081, 1.6069362157656095E-4, -0.0014639595381995957, 7.434833277167205E-4, -0.0014820487913373645, 3.9154545699246143E-4, -3.8266029792296E-4, 1.485273680756837E-4, -4.149270598633663E-4 ], [ 0.0018894816870497716, 4.085489843358207E-4, 0.003043295075989891, 0.0023734951408265546, 0.006233083574253736, 0.005351585274460665, 0.012173338569217502, 0.00989177997742008, 0.019167615090444665, 0.012645198950840143, 0.01644697739612814, 0.009887553114399308, 0.012828467702733473, 0.007185393036897322, 0.007747298084308232, 0.005038603701850505, 0.003821719035905861, 0.003714692249011254, 0.002588121038016568, 0.003091259607465427, -0.0015827883934317834, -0.0015492362690309079, -0.0030855142481722355, -0.005168959753294399, -0.007877974100755832, -0.00539008932729322, -0.013528840160523855, -0.007386520607625343, -0.01754274078270484, -0.009681925520482908, -0.016141239078245502, -0.010030527885837677, -0.012081257423246707, -0.00891644081223673, -0.009220700649047203, -0.008065449973543238, -0.006272853037287713, -0.00734380661955878, -0.0050687256003398035, -0.00540201202346636, -0.0031234332328743844, -0.0010674793111043602, -0.004814819337493347, -0.004298276755266178, -0.007663886530886247, -0.0076852376802210905, -0.011515635012054255, -0.011276727152425866, -0.01563246403866575, -0.010359879102753084, -0.011222468077694031, -0.005759916849817486, -0.006869353876068259, -0.0017353625313798597, 6.483975070785522E-5, 0.0020144000030019944, 0.00380080522120896, 0.004687482587056728, 0.005303187657763012, 0.0044262021855416426, -0.001141591150012498, -6.84048184951682E-4, -0.0014775422694841094, 0.001262095036243841, -0.001077788916155893, 0.002556152769876156, -0.0018096910988333694, 0.00201061236215206, -0.0041552065604223325, -4.025557373926733E-4, -0.006645152214319662, -0.0022407055241767245, -0.008255797487335273, -0.004433653165852553, -0.00734564629583206, -0.007450225758766111, -0.006170472871200118, -0.008623234667634923, -0.007366044821349296, -0.00858237724893306 ], [ 7.722576079229814E-4, 8.04132913386811E-4, 0.0012781830065703586, 0.0033601353480827924, 0.004194001836224688, 0.00725389589847942, 0.00815452397673512, 0.013033719294025546, 0.012645198950840143, 0.016503778881285354, 0.010158403874718436, 0.010977512938967619, 0.007914244734209064, 0.006731996378610379, 0.0036129012889808917, 0.0037384053447851234, 7.505824274789863E-4, 0.001980096828524826, -4.2444240131118304E-4, 0.0013328319656518153, -0.006168940698511796, -0.004313266214591648, -0.009039031522096617, -0.0063816508666058955, -0.011709061691246846, -0.009176333327372464, -0.013152073019694871, -0.012907688674761312, -0.014318771508230438, -0.013876956204986994, -0.014022585757915136, -0.012361698010592144, -0.011974217971862437, -0.011061912696101909, -0.009470482853208393, -0.010429801797705224, -0.006953880082149514, -0.009322299166188413, -0.0056110620560618045, -0.0070988337993525275, -0.0038705854127999615, -0.0035878878642803796, -0.004698380222367871, -0.007403291772632205, -0.0075745927667378345, -0.011472805077656852, -0.01137272579280431, -0.015499204283783529, -0.014320167530700211, -0.016014769349917555, -0.011325754894991522, -0.00955103932436061, -0.00783669758266593, -0.0039430136463151945, -9.335678809084713E-4, 4.954655413608457E-4, 0.00349801525604632, 0.002914629078936279, 0.005153504554030171, 0.0028693546645696543, 0.0014659146952023265, 5.813436723346928E-4, 0.0016737400277407632, 0.002197075702488313, 0.002321890060004058, 0.003023854223276722, 0.003649309208019218, 0.003125330669063685, 0.00336469489263002, 6.362399893183404E-4, 0.0015347559195551664, -2.245690826377476E-4, -5.170069445426356E-4, -0.0012119649400712128, -0.0010371568244824012, -0.0027081693039150913, -0.0013496668138412422, -0.002576205635114483, -0.002065775155735734, -0.002988291143081763 ], [ 0.0013700825557329333, -5.641584292966737E-5, 0.002029614842368059, 0.0011764169918721417, 0.004034868872591159, 0.0031940276769180887, 0.009462090893004496, 0.006616222729157134, 0.01644697739612814, 0.010158403874718436, 0.016865139833978523, 0.00989696355869574, 0.013324752657592708, 0.008371719790965196, 0.009298805651711857, 0.006457057681964617, 0.00586947457802802, 0.005273624899947081, 0.0046449791535239805, 0.004448488430889811, -0.002085085012310914, -0.0018557982038895022, -0.0039358988611164535, -0.006742574393475932, -0.01000225976050943, -0.008752924453265944, -0.01718502344383618, -0.011771063045130786, -0.022338419000561695, -0.014981503758395938, -0.021737096676545442, -0.015463719405866003, -0.01766630491429088, -0.014005901718467875, -0.01450815718043731, -0.012625638960022502, -0.011215273942669786, -0.011651111664539028, -0.009361704517323103, -0.009375650890028502, -0.002406582843872569, -5.612074908674842E-4, -0.00308125495385625, -0.0024915052002988515, -0.0041041236041168125, -0.0043017328156587506, -0.00698980010067801, -0.005971327643097887, -0.010573197264441123, -0.0050381785602181305, -0.008798634299435039, -0.003045211037741323, -0.004769464731616752, -7.059858701747358E-4, 4.195912359320365E-4, 0.00273089599616013, 0.003306184946408076, 0.005390987145170195, 0.005169818266548535, 0.005366221505578181, -5.825778060602315E-4, -3.2109008115366257E-4, -6.435456643135798E-4, 0.0022644770789802095, 3.572746813052738E-4, 0.0039051214252670994, -9.52697276688393E-5, 0.003593619531078662, -0.0030609394926969383, 2.0786354452577346E-4, -0.006434299703101396, -0.003028781701622654, -0.009038849779191874, -0.006276980769153445, -0.009550016335353259, -0.010057178590138625, -0.00909667324230087, -0.011899780897846183, -0.01082748919235141, -0.012031782785345311 ], [ 2.2335239747018666E-4, 2.181239406386637E-4, 2.919374968714197E-4, 0.0011718263288856229, 0.0017058539712287936, 0.0033549885573768254, 0.005531029632208245, 0.007155386768388844, 0.009887553114399308, 0.010977512938967619, 0.00989696355869574, 0.010042664698631012, 0.00797580061097858, 0.0076026936259764154, 0.00575718615974136, 0.005291942962456286, 0.0036485637212721658, 0.004004502567097744, 0.0026281445801241833, 0.003347251739878201, -0.005622555943583712, -0.0043544689942141696, -0.007616358234663035, -0.008538178235029394, -0.012006350926376256, -0.012636125265959556, -0.017415643821768342, -0.017186975521852513, -0.020521722735791136, -0.019577443684421804, -0.020559583261518324, -0.0189415190609568, -0.01831782155846324, -0.01702426764796884, -0.016154199756265607, -0.015287433940714816, -0.01342921580872661, -0.01395655322777958, -0.011495019140189048, -0.012022119828027488, -0.0023499317767570927, -0.0023806300523368227, -0.0022302360454045703, -0.004292124160083433, -0.0029665948347718154, -0.006685899804559536, -0.0054846061635181525, -0.00841856969818172, -0.007387020491105349, -0.008189034295750058, -0.006196953949450513, -0.005457530094031512, -0.0035634783663292266, -0.0017533319374196102, 5.897794114286317E-4, 0.0017963981626747927, 0.003845593069880631, 0.004432235048896068, 0.0056126493437445215, 0.004507665800336939, 0.0012507547509957896, 0.0010952674636680116, 0.0013003317800734627, 0.004047503581595949, 0.002324307023765748, 0.0057354777158980024, 0.0034278087841098236, 0.005579309175997181, 0.0016469278638678833, 0.0018699375924020284, -0.0011794721565821591, -0.0013381036748036843, -0.0037594152218716963, -0.0041498605475359185, -0.0053320228417321576, -0.006640156428100407, -0.006315447566526273, -0.007752916747997133, -0.007651424603888781, -0.008136196428116983 ], [ 9.730325048305142E-4, -4.419007325876033E-5, 0.0015083006471708583, 7.058643917056928E-4, 0.0030081496790472415, 0.0020625286657724286, 0.0071973091378708465, 0.0049372380912553575, 0.012828467702733473, 0.007914244734209064, 0.013324752657592708, 0.00797580061097858, 0.01109469294163586, 0.006915401943536793, 0.008148136873159885, 0.005634151997449285, 0.005465486528049077, 0.004655142940272367, 0.004349042197389066, 0.003936308015360232, -0.0021749110799148337, -0.0020228223347652655, -0.0037961599037656443, -0.00644078674601019, -0.008910416299733864, -0.008475338051397026, -0.01522802247378231, -0.01124540598083004, -0.019550467716913957, -0.014091354231367521, -0.019281652981645563, -0.014393403027717825, -0.01637006949601672, -0.013021570017373198, -0.01382610731688973, -0.011602521231961972, -0.010947451999198452, -0.010647944138809066, -0.009374314348294107, -0.008835925941346868, -0.0018421085405021709, -5.978020304917181E-4, -0.002374028896815501, -0.0017114088130534037, -0.0029281683169636286, -0.002693429679551614, -0.004945413155699061, -0.003845814684805472, -0.0075120759284345575, -0.0028779029493216017, -0.006066630349015455, -0.0015725498839597872, -0.0036384915791848483, -1.6319077798615556E-5, 5.2838662752402036E-5, 0.0023686446105955403, 0.002150432584910331, 0.0045376845542157975, 0.003937025364003695, 0.004551300502732099, -7.2095093098854E-5, -1.4633377798634257E-4, 6.582220977972334E-6, 0.002130324511794378, 9.453149548950429E-4, 0.0036092134725744544, 6.813382572521153E-4, 0.0033701179963838562, -0.0019194505730215912, 5.607159079652308E-4, -0.004940678283531078, -0.0021900445386424197, -0.007371071360846816, -0.005076682797796679, -0.00799282827633832, -0.008446975703579563, -0.0076357603017608725, -0.010014879777316474, -0.009231368171014682, -0.010176642159496856 ], [ 2.0903084989402551E-4, -2.1830800930356688E-4, 3.4110342795932796E-4, -2.1549433634677792E-4, 8.781626748724986E-4, 7.720602729938367E-4, 0.0037408742876420295, 0.0032492215701434473, 0.007185393036897322, 0.006731996378610379, 0.008371719790965196, 0.0076026936259764154, 0.006915401943536793, 0.006828865213230619, 0.005723132027025835, 0.005433126574526057, 0.00426938941335912, 0.004513187435023476, 0.003629632791885083, 0.003736794007616597, -0.004333191343760721, -0.0032206391374751974, -0.006123568854571064, -0.0076990152173629835, -0.010775991134888214, -0.011836164297332906, -0.016619673433244834, -0.01619966227120358, -0.02014540754419916, -0.018843072937787652, -0.020386262145844016, -0.018646247502295647, -0.01826084645738285, -0.016934280035416964, -0.016358584893526904, -0.015181840295192666, -0.013903851918581515, -0.014038756976626914, -0.01215306906773169, -0.012246409575406224, -0.0015344573638842553, -0.00131803156001703, -0.0013080460105911761, -0.0019236576203113163, -9.498654597188272E-4, -0.0028401115208103243, -0.0022379427427853785, -0.003298103206913814, -0.003056722413423427, -0.002855119031737902, -0.0028328114173716136, -0.002178992451041509, -0.0010848964618066176, -4.941145983190878E-4, 0.0012210762357841918, 0.0020166027105384394, 0.0030708150165951495, 0.0042977650326299025, 0.004578202618802716, 0.004581219970529198, 8.748921231713066E-4, 8.923168190478572E-4, 9.144896429683924E-4, 0.0037850785948816855, 0.00205916904862413, 0.005576621137044788, 0.0025273366847120035, 0.0055084377911016206, 4.536193024462886E-4, 0.0017404056455847107, -0.0021566424125841212, -0.0017627471913223395, -0.004652790564673474, -0.004803715582070511, -0.00642896423800301, -0.00746563714261732, -0.007294188269179902, -0.008782610031689196, -0.0088130213856517, -0.00915868646730483 ], [ 4.6872783208457924E-4, -1.1815475580478941E-4, 6.47952268296454E-4, -2.542989447456278E-4, 8.673499086225613E-4, 1.4223098462792155E-5, 0.003944296277207798, 0.0012444455301794367, 0.007747298084308232, 0.0036129012889808917, 0.009298805651711857, 0.00575718615974136, 0.008148136873159885, 0.005723132027025835, 0.007423515024293457, 0.005035664516993878, 0.005969725307568858, 0.00453517440984978, 0.0049870408084957095, 0.004126643157703121, -0.0017132566898273446, -0.0018464843734628182, -0.0026788502478927523, -0.006243356658639564, -0.007468341748165603, -0.008755318496591889, -0.014099691630039705, -0.011437522644412418, -0.018218910985260375, -0.014242541876272429, -0.018064996296864567, -0.014856859030682835, -0.016052266718428052, -0.013443757994255309, -0.014398398855084602, -0.011657693093729214, -0.01210523389156936, -0.010628708713995861, -0.010558346889120327, -0.00944844595166279, -6.732728700152944E-4, -1.6364901261612988E-4, -6.398937847677127E-4, -1.1683579325169433E-4, 2.314132654580046E-4, -3.0319837882344343E-5, -7.144699751095543E-4, 4.10098655786428E-4, -0.0017703772341695176, 0.001672413307253209, -0.0015128013389414138, 9.746376007805957E-4, -5.259128089378016E-4, 0.001448820766557099, 3.1995560813648184E-4, 0.0028094463656072, 0.0012043427945592153, 0.004412301631751827, 0.003065159565863046, 0.004208229387899067, -1.1615930989821535E-5, 1.0042503631626933E-4, 1.649688387146586E-5, 0.0024730087940300605, 0.0010329908551117521, 0.003935315992782344, 8.798936795663201E-4, 0.0036829936764890057, -0.0018384199117002396, 9.52378386411109E-4, -0.004513162455887189, -0.002287148163539819, -0.006597183619925633, -0.005546538860387911, -0.00790110303286969, -0.008455099650195402, -0.008266216748708364, -0.01001454777408431, -0.009913799052136456, -0.01020212599863901 ], [ 3.715537579746605E-4, -1.5573671503244936E-4, 5.507909355078079E-4, -8.056955401222267E-4, 6.592990318499863E-4, -5.809142007755492E-4, 0.002414306953649645, 0.0011897300169485762, 0.005038603701850505, 0.0037384053447851234, 0.006457057681964617, 0.005291942962456286, 0.005634151997449285, 0.005433126574526057, 0.005035664516993878, 0.005092867179454232, 0.003945751372003519, 0.004481187597744098, 0.0037610295040293442, 0.003589812154979529, -0.002376593503785059, -0.0012537610821701814, -0.003914435909534714, -0.005554296136900795, -0.008291912950679218, -0.00929208259957377, -0.013703574498676251, -0.01323542658249222, -0.017352954416900282, -0.015650618501300863, -0.01754013638187349, -0.015733044827465556, -0.015511898408668805, -0.014383818162848934, -0.014021866459848388, -0.012769557745105294, -0.011984621627750481, -0.011892656376990562, -0.010821965368239586, -0.010425132907085289, -9.295839510265317E-4, -8.553951972762454E-4, -6.617843009549121E-4, -5.793288800585487E-4, -8.551488029851328E-5, -5.682716966238931E-4, -4.270396759033517E-4, -5.553230574654966E-4, -4.1646723068312767E-4, 3.4503546382329904E-4, -2.973622206440586E-4, 2.0171285722718753E-4, 5.382789013023223E-4, 7.319359006182298E-4, 0.0019148554200160662, 0.0019697838528779468, 0.003147276571076126, 0.00390279772700709, 0.004188468009650824, 0.00452592353824499, 2.8227662703780545E-4, 1.790649741458114E-4, 4.7175890788072705E-4, 0.0025086864454665226, 0.001626417150566767, 0.004363571571079538, 0.001381247159919853, 0.004322536807037223, -8.546634662798385E-4, 0.001009097949729849, -0.0031943010740349232, -0.0023271682606718015, -0.005535826724399882, -0.00507364601505821, -0.007236033798472596, -0.007695181245482916, -0.00794005331528274, -0.00899898635160672, -0.009391065573341805, -0.009429468796465827 ], [ 1.6073266469453812E-4, -1.9658636688092704E-4, 1.493089631486959E-4, -7.272762475527282E-4, -4.0305968199334287E-4, -9.866981790136347E-4, 0.0015442364556320488, -8.873732524789612E-4, 0.003821719035905861, 7.505824274789863E-4, 0.00586947457802802, 0.0036485637212721658, 0.005465486528049077, 0.00426938941335912, 0.005969725307568858, 0.003945751372003519, 0.0056327995956814295, 0.0036708022410173904, 0.004814170715882315, 0.0035876931980799104, -0.0010431212380977235, -0.0013102457508403732, -0.0016081310876029725, -0.0048815818861451055, -0.005389534029125507, -0.0073931455075252695, -0.010813364782715032, -0.00951681667390954, -0.014080692523731774, -0.011811249993870601, -0.014057757781069337, -0.012478356836771407, -0.013010814723055552, -0.01122686312112444, -0.012009034692173055, -0.009598023108794786, -0.010549672231537141, -0.008684423839618326, -0.009282031025115668, -0.007965315267072687, 8.506440048477506E-5, 3.042013295899254E-4, 3.360435596242927E-4, 0.0010608839556982225, 0.001952831946899883, 0.0017272496269097727, 0.0018325707329925006, 0.0030168524791567603, 0.0017178218851704127, 0.00415387419705844, 0.0011515454594770533, 0.002284467033423278, 0.0012835350822288662, 0.0018861990216613965, 3.166519181711767E-4, 0.00266065351896262, -6.294941263909273E-5, 0.00376359864417252, 0.001611148009015365, 0.0033039507911176613, 2.7877285541166698E-5, 1.116894771478813E-4, 1.471113982136663E-4, 0.0020289381963256616, 0.0011121253825460823, 0.003124798715170634, 9.156967832583422E-4, 0.002996425365696089, -0.001409803693165809, 7.623581321911729E-4, -0.0034688591365517694, -0.002077136189811496, -0.00508045965327129, -0.005001993231533797, -0.006429218312583446, -0.007335614229307449, -0.007156836175907602, -0.008541848448371156, -0.008687414481547284, -0.008669081192050274 ], [ 2.4946495311514147E-4, -2.899327557215079E-4, 4.320253733804887E-4, -0.001124232888376465, 2.6420275966767734E-4, -0.0012522126359791443, 0.0016168811071804467, -4.660654486550414E-5, 0.003714692249011254, 0.001980096828524826, 0.005273624899947081, 0.004004502567097744, 0.004655142940272367, 0.004513187435023476, 0.00453517440984978, 0.004481187597744098, 0.0036708022410173904, 0.00423997797804756, 0.0035798360095478437, 0.0034411031804611656, -0.001799698147363816, -9.488789900731781E-4, -0.0029611071599389806, -0.004941527425750462, -0.006946759814829574, -0.008181546035903396, -0.012161455924380421, -0.011558927100669854, -0.015678844040251362, -0.013626656714807986, -0.015823599417037544, -0.01400608848478737, -0.013989858939995029, -0.012890173163486094, -0.012781411891744605, -0.011400071247433613, -0.01100317735760526, -0.010676362162541688, -0.009926318532207427, -0.00955474441684872, -4.4745157959533757E-4, -3.6819864821301384E-4, -1.965620360897112E-4, 1.311986680083141E-4, 6.35861069701975E-4, 4.5262067672430055E-4, 6.064547610200647E-4, 8.321618215070368E-4, 8.282446583383541E-4, 0.001879551639553841, 6.349251817309876E-4, 0.00125201856388241, 0.001151534600842506, 0.0013754382093725203, 0.0018751890733129325, 0.0021253356693293375, 0.002919850232678935, 0.003450310745020374, 0.0037886449965245195, 0.004031075860582086, 2.069233841385778E-4, 2.1830353057183756E-4, 2.905212402329205E-4, 0.0024075903935189148, 0.001235987966966836, 0.004230310433013761, 8.393264612617546E-4, 0.004033156873454841, -0.0012116235675791497, 9.930216806294716E-4, -0.0031554805531397783, -0.002285996702975956, -0.0051249120871969586, -0.004915919869942992, -0.006866415641093198, -0.007109235047173556, -0.007727234386226555, -0.00839058794148496, -0.008990607815809501, -0.008839179682524834 ], [ 2.5516443006019714E-4, -8.390492514595011E-5, 1.9082107433997188E-4, -9.671902868971905E-4, -6.440691749417666E-4, -0.0015255696562282964, 6.844983400729667E-4, -0.0016630695799452785, 0.002588121038016568, -4.2444240131118304E-4, 0.0046449791535239805, 0.0026281445801241833, 0.004349042197389066, 0.003629632791885083, 0.0049870408084957095, 0.0037610295040293442, 0.004814170715882315, 0.0035798360095478437, 0.004580958849701489, 0.0033599000643660805, 1.1537493721409535E-4, -2.7485250124791857E-4, -1.272629157086783E-4, -0.0040040048158668, -0.003934278112445618, -0.006455019424497221, -0.009511962360758696, -0.008545296769185685, -0.013091281959864762, -0.010629618541866505, -0.013071927283235222, -0.011361754952526946, -0.011673199699053725, -0.010256295298421474, -0.01073126615078432, -0.008801105712447233, -0.009569286972285205, -0.008060916088113781, -0.008826148778604024, -0.0074463134193542635, 3.545336311187924E-4, 3.8589085097396735E-4, 7.480147645035993E-4, 0.0012840496207738186, 0.002275192021543392, 0.002142037210015044, 0.002455754614352543, 0.00347459736201135, 0.002783107473314814, 0.004732304268760483, 0.0023904099722830115, 0.0028296013203098305, 0.0024071107057586616, 0.0022207821123657358, 0.0015096265601624145, 0.0026850582327186323, 0.0011346431650899168, 0.003895866914342621, 0.0022172762422971106, 0.003737979720936788, -4.783164297043505E-4, -3.256715053384649E-4, -3.183576544739194E-4, 0.0013427370822829217, 8.531461106851136E-4, 0.0024954119903760393, 4.007654344993088E-4, 0.0023081602279759915, -0.0021667984518898694, 2.495118027522558E-4, -0.004228926669951294, -0.002736229681909077, -0.005658839515385403, -0.005491787582547162, -0.007022733319698228, -0.007707203694967155, -0.007752491519523994, -0.00892161531692389, -0.009182501390492358, -0.009031786554568636 ], [ 2.178588297840882E-4, -1.8009586190790756E-4, 3.3409902124913095E-4, -8.23235971410087E-4, 2.089804027678406E-5, -9.546254404416371E-4, 0.0013304327189962485, -2.3595887181340208E-4, 0.003091259607465427, 0.0013328319656518153, 0.004448488430889811, 0.003347251739878201, 0.003936308015360232, 0.003736794007616597, 0.004126643157703121, 0.003589812154979529, 0.0035876931980799104, 0.0034411031804611656, 0.0033599000643660805, 0.003061815498948353, -0.0011544159558354293, -7.653868959653099E-4, -0.0018440519169247948, -0.004094870766495926, -0.005227722308584288, -0.006679809334572232, -0.00988909820655402, -0.009377440463282174, -0.012892607938483451, -0.011190658921264038, -0.012865152295216788, -0.01161330926595039, -0.011425375929428645, -0.01054161789374334, -0.01049336095582591, -0.009193174525498803, -0.009099211886374954, -0.008531785084208647, -0.00818583310205844, -0.00778605306919777, -1.2250976627667823E-4, -2.2755904926927667E-5, 6.780973098622628E-5, 2.917324670468723E-4, 9.685585821352711E-4, 4.8247174065228944E-4, 8.291843271775919E-4, 0.001035948496299423, 9.392940937313101E-4, 0.0020272426402884154, 7.977847280176513E-4, 0.001303906734762072, 0.001215137828854133, 0.0015148431372346979, 0.0014619986466379144, 0.002227519671725628, 0.0020975663381712544, 0.0032598293475029332, 0.0030324986338350632, 0.003341061684586081, -2.4212485746833918E-5, 8.803470812619882E-5, -3.440039866901382E-5, 0.0019114499724824051, 7.660302035331391E-4, 0.0033557690197768505, 4.935045895109754E-4, 0.003091317840094574, -0.001420374425515426, 6.871999784103171E-4, -0.003063737865886954, -0.002198846411453175, -0.004491475544504923, -0.004586059195810679, -0.0059646689376560685, -0.006337094767546435, -0.0068412313040834205, -0.007420917855228078, -0.007946657110777692, -0.007746866645120075 ], [ 0.002687677419101771, 0.0019587849749847426, 0.0028038903375780916, 8.975112586668241E-4, 0.0016517652226223879, -1.556576076134786E-4, -4.279431809784011E-5, -0.0016303372097927929, -0.0015827883934317834, -0.006168940698511796, -0.002085085012310914, -0.005622555943583712, -0.0021749110799148337, -0.004333191343760721, -0.0017132566898273446, -0.002376593503785059, -0.0010431212380977235, -0.001799698147363816, 1.1537493721409535E-4, -0.0011544159558354293, 0.01996149435504825, 0.017231676661962264, 0.023312661689088923, 0.015736060506194298, 0.02425906195855251, 0.017266981374765806, 0.02259690953296164, 0.019188057970240778, 0.020279303111183252, 0.021620711014643988, 0.02164059747514925, 0.02292497794304812, 0.02260982746996589, 0.022520315720801307, 0.022369005146941415, 0.021269410656128782, 0.020090874533972267, 0.020270388469243946, 0.017145753177925497, 0.018319629535053165, 0.00388784358706152, 0.0045042440376435, 0.003590542558995706, 0.004479319901799602, 0.00279180640040663, 0.004872406321530646, 0.0027580554440703614, 0.005775427791378533, 0.0035464044651861617, 0.009030451004676119, 0.005128840272978583, 0.009082392531676777, 0.004440574507956429, 0.009050629535713476, 0.003692845822885212, 0.006518710456416912, 0.0036548039557109647, 0.0056085672725671686, 0.0033630565496021, 0.004337660174033731, -0.008975959687118513, -0.007863397640064603, -0.009207068401091255, -0.010780708172705175, -0.00964901709315502, -0.013031869494401755, -0.011635268690557837, -0.016139330296922327, -0.01282021316789552, -0.01492131050139821, -0.012211527653780042, -0.01415467177843965, -0.01021992421887165, -0.013328637021602873, -0.009155026437444504, -0.012034930464522685, -0.009013610840295694, -0.011293425526416129, -0.009718630127504993, -0.0098732592807981 ], [ 0.0032211846137895437, 0.0016