{
  "weights" : [ 0.7629951358339997, 0.7692185725592815, 0.76498969230189, 0.7752811494037679, 0.7653364076187765, 0.7602808291909624, 0.728342100312334, 0.7194965406108098, 0.6874830676974082, 0.6790044399754067, 0.6586665461089946, 0.6606433410352336, 0.6482701282717338, 0.6462965551173886, 0.6360286896205265, 0.6251858064272495, 0.627224329521907, 0.5958982653264878, 0.6203063578878681, 0.5960306204456686, -0.49998527191600456, -0.5150040286463641, -0.48093445891172304, -0.467030162132669, -0.42204873189021397, -0.397069163360009, -0.37361830166144777, -0.3631412386708136, -0.36739710064243075, -0.3833837963964227, -0.40409602933241123, -0.4274551962847119, -0.43863150890913805, -0.45822272119272184, -0.44321613216111927, -0.45598942404734183, -0.4234050485287376, -0.44880250737184996, -0.41101856911169676, -0.43989241313206284, 0.39304851967969606, 0.37104219973796937, 0.413580049488648, 0.4168509977448554, 0.46238707372770543, 0.4820833963305498, 0.5269507145198152, 0.5361667701668447, 0.5634533737007084, 0.5570002561951207, 0.5603315506035812, 0.533335078315234, 0.5317130448325078, 0.5055066022917277, 0.5233868862062865, 0.5197669968221078, 0.5427056017053848, 0.5538957883695497, 0.5546974102202742, 0.5598893177791338, 0.07958872949361731, 0.07013123842045112, 0.05720339989398074, 0.04110016777560749, 0.014435258823947625, -9.885730874607819E-4, 4.3949559889856635E-4, 0.010885970423237502, 0.028452509755424415, 0.07180873457373688, 0.10092842707827555, 0.14372148654919265, 0.16783528259502523, 0.188988449118386, 0.19308079267253828, 0.20032153113763712, 0.20550694115374601, 0.18790946181060778, 0.22136089489626526, 0.20697404948365805, 0.7092656693606559, 0.7078593697577377, 0.7253146359691823, 0.73026758871288, 0.7560628102632092, 0.7600815320121609, 0.7557459346135854, 0.7213617292919158, 0.6774169276224004, 0.607381612255292, 0.5169474326500538, 0.4459842590016055, 0.3443675410669558, 0.299674358659072, 0.22669333570971406, 0.21396782816146664, 0.17721354077969323, 0.1909586966971345, 0.16713863612957516, 0.1913147215527222, -0.46551372598486174, -0.45991327128367504, -0.4762047546478931, -0.48258143795128733, -0.4986750872666185, -0.5039272474615981, -0.524318099832291, -0.5271452690862954, -0.540137159886915, -0.5291405160586813, -0.5073523427133648, -0.4638035484448448, -0.4102715716285695, -0.3543944667711004, -0.2964015129166498, -0.25550890554966205, -0.22191214424095188, -0.20714794489116128, -0.20298253541796019, -0.20972999942930715, -0.21836566196325888, -0.2299694159087919, -0.22618573590875168, -0.24492576074956915, -0.24778090919053028, -0.2538745743170634, -0.2415498253975988, -0.23769008052155144, -0.22377869857009752, -0.20835908377358278, -0.18871693859177566, -0.1739678333891538, -0.14324918372089568, -0.11937226223807133, -0.08459493652361573, -0.06352127289476504, -0.03997208107951806, -0.03632316056905734, -0.03269095755356143, -0.033566963240570055 ],
  "covariance" : [ [ 7.545318343252994E-4, 5.442627769213721E-4, 7.622861669258727E-4, 6.6368279359408E-4, 7.592739170185695E-4, 7.097345010895646E-4, 8.269257326431228E-4, 8.280157764120295E-4, 8.597890725438116E-4, 7.549818160441099E-4, 9.023703459117623E-4, 7.294909062572269E-4, 6.744586036952201E-4, 7.249736116659508E-4, 6.579085005943845E-4, 5.708273630488891E-4, 4.7607393619408903E-4, 5.53592941602484E-4, 4.000384344733781E-4, 5.19198906274928E-4, 7.597864903317997E-4, 5.90333019776921E-4, 8.951377209819621E-4, 4.656220227243355E-4, 7.847465862410204E-4, 1.6957033906005728E-4, 6.986783273992125E-5, -2.986767249274041E-4, -4.4139008254721136E-4, -5.832858464937394E-4, -3.4983455852404655E-4, -5.049454658833918E-4, -8.726348278816979E-5, -1.1096033185657988E-4, 7.590414500352242E-5, 1.4139320871320906E-4, 3.142100138405005E-4, 6.787081380834183E-5, 2.945351090578486E-4, 7.294546669840276E-5, -4.228730565207202E-4, -1.853959541902319E-4, -3.791567610429711E-4, -5.956396412922742E-4, -6.242455158285441E-4, -9.29603235130573E-4, -0.0011544333118327491, -0.0012174835068649846, -0.0012743324150246561, -0.0011358804732438598, -9.316464341992571E-4, -7.927083586125275E-4, -2.765354494616981E-4, -2.9508791139919117E-4, 1.6686642724000645E-4, 1.6060585460829345E-4, 6.214583090943122E-4, 2.5956362715827646E-4, 6.35396044453484E-4, 2.8346326141349417E-4, -4.76883255528091E-4, -3.9072621663629504E-4, -4.664833186725382E-4, -2.016995414301583E-4, -7.912173834410201E-5, -3.5683231183496867E-4, 2.1627371783021523E-4, 1.9571648150319893E-5, 4.2053166135150774E-5, -1.7541625826174908E-4, -2.3270101064211654E-4, -7.17370639375755E-4, -5.902550904052113E-4, -0.0010948965517042445, -0.001090043760394575, -0.0013471132839293714, -0.0012634530120563398, -0.001465528713124889, -0.0012024252862895008, -0.0013285766423096978, 3.696996625647607E-4, 2.1761139905186153E-4, 4.920604464124417E-4, 2.766053192756823E-4, 4.57595745851419E-4, 2.8329483043224816E-4, 7.535192175239938E-6, -1.1753693452001657E-4, -3.4099592642985197E-4, -3.034207468326376E-4, -2.281771000135005E-4, -1.0927526452754674E-4, 1.0376307242904756E-5, 3.595507612097724E-4, 4.93377625579118E-4, 6.857600552366586E-4, 6.36394299960769E-4, 7.118234799359111E-4, 6.647415927444521E-4, 7.203090768070734E-4, 3.180675723782215E-4, 2.669420504853515E-4, 3.2412512525612565E-4, 4.5616763009999497E-4, 4.333758863537842E-4, 7.578038680616059E-4, 7.115615469025888E-4, 9.647758354984828E-4, 0.0010709297959190134, 0.0012281331483452594, 0.0012177694693016028, 0.0012527446449166497, 0.0012220121946226123, 9.430990422949618E-4, 7.046543506268165E-4, 4.3529866148512935E-4, 2.7909893021403517E-4, 1.1275251850966196E-4, 1.2747763330489735E-4, 1.565394525831993E-4, 3.9902712501070924E-4, 4.010968776467282E-4, 5.347967703793623E-4, 5.474176130790308E-4, 7.255727603062444E-4, 6.248223529526243E-4, 7.110164826705596E-4, 7.412452335894042E-4, 6.172401548298876E-4, 5.62445362383922E-4, 5.099761096480381E-4, 3.0768143143756257E-4, 3.321740630985716E-4, 1.365546324090438E-4, 3.2239473977391286E-6, 3.831619281646399E-5, -1.4172805321354203E-4, 8.281198328872364E-5, -6.220034377535304E-5, -6.50278336793535E-5 ], [ 5.442627769213721E-4, 9.022581543056636E-4, 7.331168593835767E-4, 0.001175839781498419, 9.47955228147406E-4, 0.001254893940264947, 0.001039216567132005, 0.0013951522243806224, 0.001017107279730804, 0.0013474005208566615, 0.0010044771967238186, 0.0010740629960831747, 6.264844808178912E-4, 8.470418804023127E-4, 5.712802220414141E-4, 6.006329989517519E-4, 2.366744313024301E-4, 6.106308231835362E-4, 1.2059360144467317E-4, 5.316648690446462E-4, 5.496739402746228E-4, 8.760052744397741E-4, 7.363634054439098E-4, 9.107865104794355E-4, 7.468025031060181E-4, 6.551100940767587E-4, -1.1756258208969245E-5, -1.299952453500264E-4, -6.627041942009893E-4, -5.420985742196811E-4, -5.819346534973288E-4, -3.653922990876038E-4, 8.871349595946758E-5, 1.984944236414576E-4, 5.169226938685199E-4, 5.557849986173773E-4, 7.803761610850133E-4, 5.547382130495779E-4, 7.082495559795584E-4, 5.463029708727367E-4, -3.2428712462966405E-4, -5.333560323618685E-4, -5.219791850685259E-4, -0.0010561334529179073, -0.0010090048599190268, -0.0014038663314700412, -0.0016555354203895468, -0.0018767606886048813, -0.001921560210386836, -0.001921768880714133, -0.0016289186118901432, -0.0012419921843391912, -4.661481541034981E-4, -3.216331188380788E-4, 2.9930246505760765E-4, 3.7034722265668783E-4, 9.5420187989783E-4, 4.07806933573982E-4, 8.91128368873256E-4, 4.552579986546859E-4, -3.572937778276679E-4, -1.6057812715763385E-4, -3.827806242436746E-4, 1.3805218217423373E-4, 2.4182841851296227E-4, 1.7687936236535299E-4, 9.162287198175179E-4, 8.040727116497674E-4, 0.0010531578177254402, 6.22210495304863E-4, 8.077151584790771E-4, -1.7105324663307695E-4, 2.0135678431177387E-4, -6.485762365481494E-4, -5.768472025670191E-4, -9.172707725441544E-4, -8.629216614103582E-4, -9.330199687338173E-4, -8.044084012161767E-4, -8.743300042672678E-4, 2.199894465468098E-4, 3.8860934987800536E-4, 6.41495628258688E-4, 7.930859685618118E-4, 7.956395784267303E-4, 7.670425605619911E-4, -7.334240216881506E-5, -1.9458816229641225E-4, -9.809530556980025E-4, -7.095866704875201E-4, -0.001075482274101377, -2.89158362155505E-4, -5.782762648697114E-4, 3.1690648460878576E-4, 2.852193975873399E-4, 8.039518422949818E-4, 6.311910345591103E-4, 9.155347807559059E-4, 4.906447022178346E-4, 9.087944551726768E-4, 7.468150371065366E-5, 1.6464180483170542E-4, 8.872268591964181E-5, 2.740495001459969E-4, 2.341706740993274E-4, 4.8346786342606877E-4, 4.6756070291734684E-4, 7.65776003048536E-4, 9.709855572950521E-4, 0.0011835500493675146, 0.0014073474621320134, 0.0012612951579831797, 0.0014562381233272194, 9.225851581079412E-4, 8.174897937689976E-4, 4.2560708765864845E-4, 2.948165438066759E-4, 1.3253994891112493E-4, 5.8376826785916685E-5, 1.692661069520407E-4, -4.031040274866928E-5, -6.671545914885796E-5, 2.423834465730977E-4, 4.2394705884514895E-4, 7.310228543911587E-4, 9.113282941694856E-4, 0.0010998593036222796, 0.001165940233531661, 0.0011810929841434984, 0.0010272925085480478, 0.0011825474509784635, 8.299934859905946E-4, 0.0010657111765679916, 5.136829718542981E-4, 5.267417878805982E-4, 1.4031156096075385E-4, 1.9871242879523394E-4, 1.860226620890627E-4, 3.1085098064773364E-4, 1.1461478766639548E-4 ], [ 7.622861669258727E-4, 7.331168593835767E-4, 0.0016291905439957469, 0.0015639319660642494, 0.002333018918425657, 0.0021842466721604704, 0.00239283157030551, 0.002492958514474693, 0.002329019901942012, 0.0021494339118385583, 0.001848128663783588, 0.0015628678603079576, 0.0010869327940607053, 9.987505374030804E-4, 6.620679057538787E-4, 3.8310233393498293E-4, 1.8468205608572827E-4, 1.7871473767210578E-4, -1.0218847016518428E-4, 1.5371117777923166E-4, 7.482620588876942E-4, 7.002633203683575E-4, 0.001749465988477442, 0.0015222166732042166, 0.0026776733544819596, 0.002295472581832665, 0.0025539977366592906, 0.002276492658434685, 0.0017810080632872111, 0.001766885747524732, 0.0019140366195489161, 0.0020961086147886997, 0.00252454049281891, 0.0025404782553407985, 0.0027942367481978573, 0.0026475915471071694, 0.002848057195745031, 0.0026737339526282495, 0.0027341299831327415, 0.0026201115473198067, -5.876172093899907E-4, -5.00264932234791E-4, -0.001000212022792797, -0.0010590869340688432, -0.0014751350006827675, -0.0015346999869582166, -0.0017710468596642995, -0.001917119053711312, -0.0020901349871851084, -0.0017407286514199882, -0.0014644883670422533, -8.969468111857497E-4, -1.0349413806908136E-4, 1.9595206695931732E-4, 5.571521429784878E-4, 6.844333557163481E-4, 0.001016605275539863, 7.115080321544881E-4, 0.0010579850389288016, 6.879909765015599E-4, 2.981742687967939E-5, 1.1210103753024126E-6, 2.7222356746858963E-4, 1.7257727067892986E-4, 0.0010432478720456954, 3.531157075143338E-5, 0.0018888824097606943, 0.0013011551608074737, 0.0026832800943983963, 0.0021975240005128152, 0.002936995749609221, 0.002032858752679146, 0.0025524059324791974, 0.0019411564471300117, 0.002386277578896054, 0.0021076718117566387, 0.0022354781845251677, 0.0022415238872941037, 0.00230987818018939, 0.0021083782696981516, 1.7607748784856332E-4, 3.400520588949192E-4, 0.0011566567744218839, 0.0014912754217481926, 0.0021723263139107668, 0.0023726529523386782, 0.0017462340601412502, 0.0014617014145734371, -1.5042205123889582E-5, -4.2478956619125354E-5, -0.0010059257316321485, -5.102605317245239E-4, -6.9803791770323E-4, -1.6247100703851284E-4, 1.0744105585930477E-4, 3.141386428352814E-4, 5.351356853220504E-4, 3.437892511399052E-4, 5.041162117464496E-4, 4.821376081989009E-4, 2.9942644072908657E-4, 3.1439307008783793E-4, 2.2757704214575826E-4, 2.472197724679222E-4, 6.552904650239E-5, 3.957943491246502E-4, 9.732933235722651E-5, 2.195208253470826E-4, 2.3755066844239134E-4, -1.4397915191316598E-5, 4.4082562419368377E-4, -9.46973258374185E-5, 3.5719885200265113E-4, -2.6850417304525524E-4, 1.2547147435788559E-5, -3.78058787411485E-4, -8.419395680647023E-5, -2.5891876827487966E-4, -1.1213591013833472E-4, -3.0216121734768238E-5, 2.7418898286130317E-4, 2.7977902705586674E-4, 7.76281938880043E-4, 0.001029569071485192, 0.0018714544319331794, 0.0019367786722726157, 0.003003149030755591, 0.0030659821561001437, 0.003680890174786557, 0.003559890613566831, 0.0037617412768601462, 0.003543955833433663, 0.0031920793267288155, 0.0028978501902744763, 0.0019924965255655297, 0.0020513896552905096, 0.0013355049094682595, 0.0016492822825305814, 0.0014898624660761224, 0.0013778775621886002 ], [ 6.6368279359408E-4, 0.001175839781498419, 0.0015639319660642494, 0.0029086677475665046, 0.0030859724940933584, 0.003970074469546598, 0.003498198324797961, 0.004302524688487319, 0.0035319501821407875, 0.0033920428523636936, 0.002822857272491103, 0.0022787030906588836, 0.0013565482252223323, 0.0012849752203581946, 5.700459270008955E-4, 3.242961445128678E-4, -5.031657646254156E-4, 1.1672342028503403E-4, -0.0010093878190324495, -5.549117856240842E-5, 5.337779602875819E-4, 0.0010396486811977443, 0.0015835524185745513, 0.0027945518332058708, 0.003453236224789305, 0.0044728599412099885, 0.004187216821327007, 0.004389028227344318, 0.0035413328794614723, 0.0035615572777906697, 0.0037688883473813465, 0.004016515929554673, 0.00473966531242208, 0.0045379484698006445, 0.005001300781217333, 0.004639885954641421, 0.004787263380095239, 0.004797725740275888, 0.004599906564907379, 0.004738167182434147, -7.612721043210866E-4, -9.197937832013418E-4, -0.0012334735220328643, -0.0019819777430680006, -0.002084411025142438, -0.0023928205838278462, -0.0022997445968679538, -0.0029532174007958524, -0.0027462534243003806, -0.0026369249795547356, -0.0019759609164970047, -0.0013432468941228747, 3.228976591307563E-4, 2.521122199448597E-4, 0.0013820868600377802, 0.001138311856355895, 0.0020287971926811186, 0.0010423024092162567, 0.0019451473021237626, 0.0012221958445592178, 1.2314697512902872E-4, 1.795259264949486E-4, 3.8809502340103727E-4, 5.572680862313659E-4, 0.0013724945205672919, 7.793359644265944E-4, 0.002894436568033164, 0.0027692171154114656, 0.004666930485553035, 0.0046320552203913444, 0.005420003238059324, 0.004671526643964056, 0.005075171798971602, 0.0048943515903976205, 0.0048688955330515515, 0.005049537677635848, 0.004784423316330324, 0.005352206005476709, 0.005070012255038145, 0.004927382623006851, -1.4613165158485033E-5, 3.0434535508865165E-4, 0.0014410142831658358, 0.0026167095292586344, 0.003453319902015098, 0.004320917927863225, 0.0031881474377493195, 0.0026663426844254195, 3.3984136803498434E-4, -3.9145167421022873E-4, -0.001586392636672603, -0.0011930062370681105, -0.0018127892194164912, -7.457982564320955E-4, -6.287125104962215E-4, -5.0363203997041385E-5, 7.578924358259768E-5, 1.0047467207899413E-4, -1.8728601018590677E-4, 2.5182102505336796E-4, 2.5266231548549956E-4, 5.163056470343559E-4, 4.952211165610726E-5, 2.1879543176604293E-4, -3.5660974431111516E-4, -1.216857121780621E-4, -6.767764002059268E-4, -6.507657367521968E-4, -7.053058542969548E-4, -9.844486830266693E-4, -4.034437761047522E-4, -0.0012321930541298193, -1.359084723147127E-4, -0.0012375974498330716, -3.0429954615626795E-4, -8.711296349018301E-4, -3.3997451458129874E-4, -3.979550728345219E-4, -4.31513067806002E-4, -1.3123430156355016E-4, 4.3117617015983026E-4, 3.0586131814106806E-4, 0.0011423221459473676, 0.001646500542382996, 0.0028464001194323787, 0.0036458190447337343, 0.0050298881397557536, 0.0055700839134635435, 0.006507932818871719, 0.00657590676763557, 0.007027925588054064, 0.006519357143787596, 0.006639124156078441, 0.005275244260984252, 0.004581981414255023, 0.003439443572870225, 0.003053297369423212, 0.0027642718903734074, 0.0031213380096383877, 0.0026803801984109725 ], [ 7.592739170185695E-4, 9.47955228147406E-4, 0.002333018918425657, 0.0030859724940933584, 0.005371657286626827, 0.005068308838142407, 0.00605732515705284, 0.005764252133537666, 0.0060095362050023695, 0.004681680072305707, 0.004559854851315044, 0.0032099466741988885, 0.002497469978745862, 0.0015987202785317466, 9.505149069694698E-4, 3.4399656630430895E-4, -6.479690171570308E-4, 5.5945751942688556E-5, -0.0013285734409708538, -6.454709395219152E-5, 4.2402678474792504E-4, 8.021719820421642E-4, 0.0020039920850387655, 0.002805389509641612, 0.005066108962210693, 0.0058762538031382995, 0.006716390947293588, 0.006950522678988361, 0.005961732059065332, 0.006155077712827427, 0.006369893744132585, 0.007201594646485648, 0.00768280104483963, 0.007725566947421507, 0.008160781253244896, 0.007498322282433266, 0.007927542438852528, 0.007483577975574087, 0.0075710105006774765, 0.007521962839124842, -0.001149800316524004, -0.001065379400866659, -0.002077943404109976, -0.002539926905271461, -0.003853925908421301, -0.003099183593447426, -0.003785618829145989, -0.0035228816782305766, -0.004177040951945049, -0.0030292718419721414, -0.002829012811311121, -0.001262229421582657, 2.0903696300745536E-4, 8.066818372010197E-4, 0.001626754747564202, 0.0015507670037802723, 0.0024491342843630036, 0.0011260561500217206, 0.0024574231235368676, 0.0013480860552647048, 6.110790526153135E-4, 4.7363120105074676E-4, 0.0013006242785662248, 9.793360316848667E-4, 0.002721376361548064, 9.83550729839869E-4, 0.004354365634637872, 0.0037491954064668835, 0.006804325480870531, 0.00723221837617292, 0.007941233840274732, 0.007670931230975524, 0.007923951391712938, 0.008232235125023139, 0.008671447203649183, 0.008874347071912236, 0.008517332979962768, 0.009540184514075404, 0.008713891065505908, 0.008680054794589376, -2.798565512020768E-4, 1.2832852375776774E-5, 0.0017303908891819718, 0.003005994394980806, 0.0050474316691598775, 0.006025081775444715, 0.005744841225555209, 0.004303944455092229, 0.0018440278685053473, -5.192028010492302E-4, -0.001155918991347067, -0.0023475534090176063, -0.0017466312850694826, -0.0018825697925749754, -8.183296828245857E-4, -8.924531369683263E-4, 8.482401536973313E-5, -4.3149659635336195E-4, -2.565722061293449E-4, 2.0463243103151955E-5, 9.27956376467042E-4, 0.0011321594057647126, 7.548415351885172E-4, 6.432520818522337E-4, -4.60371354336177E-5, 1.8309204859275817E-4, -6.80280188745972E-4, -7.241195067588795E-4, -0.001302161547710424, -0.0016468304167867379, -0.0013447439376333232, -0.002189393845925487, -0.001377775452427349, -0.002159776105615233, -0.001180356470760511, -0.001442790741127446, -6.499640960448886E-4, -5.443610712581145E-4, -6.176450657103076E-4, -8.646255478594686E-5, -1.453987943954524E-4, -2.1679115571636914E-4, 8.667743878101319E-4, 0.0015212858133999347, 0.0033864859686599793, 0.004217053118261635, 0.006637401395836015, 0.007513566405411791, 0.009020367931577646, 0.009616973776623981, 0.009748441592643629, 0.010099336171423083, 0.00915216792182195, 0.008594116230651616, 0.006523981623251268, 0.005947298171276601, 0.004680194806588803, 0.004294896366928772, 0.0049220901639784286, 0.004063402442944188 ], [ 7.097345010895646E-4, 0.001254893940264947, 0.0021842466721604704, 0.003970074469546598, 0.005068308838142407, 0.006740687367804134, 0.005975860372996087, 0.007326870363457354, 0.006079444062936141, 0.006039685398495621, 0.004730748858170395, 0.004284002221247288, 0.002681862342535103, 0.002400998926075209, 0.0012098420293299506, 7.719285313622836E-4, -4.879844600916049E-4, 3.228913626387282E-4, -0.0013562606498644086, 1.524923488171416E-4, 1.9318349776793097E-4, 8.837793471616175E-4, 0.0016749800384040683, 0.0033820536038076283, 0.004700591417049151, 0.006430083289584254, 0.006743291987284452, 0.007430652652682036, 0.006480607775746772, 0.00665919868451106, 0.006759501842676233, 0.007724314820109839, 0.008145004088635199, 0.008219176929873595, 0.00858705652371164, 0.008111998709599225, 0.008134007144613487, 0.008133881455436545, 0.007867321654089399, 0.008059257099122308, -0.0014249582396125878, -0.0014482049777452294, -0.0024330240813191933, -0.0031746211966964233, -0.004093267019112107, -0.004575480409241569, -0.003805730558766935, -0.00486140245288883, -0.004277799232356716, -0.004242771967638069, -0.0029992500016087164, -0.002172062830104323, 3.881635257276737E-4, 2.965419714982488E-4, 0.0019687761463198197, 0.0015048121030076884, 0.00267845116711729, 0.0012736967664409263, 0.002689495633059925, 0.0015926353073059958, 7.058331097554123E-4, 6.737800054854024E-4, 0.0012438071302884911, 0.0013842662484489035, 0.002468981013410135, 0.0014654773980925287, 0.004561339851385847, 0.003909739205606645, 0.007456953207151826, 0.0072025455006656915, 0.00901166845834148, 0.007837120136597035, 0.00839104643207723, 0.008720283522698238, 0.008673741325288593, 0.009257907410054772, 0.008670531376309885, 0.00984889587552131, 0.009132127564327162, 0.00880194594864341, -5.090985059307724E-4, -6.23809541173282E-5, 0.0016351260690624502, 0.0035860095761884635, 0.005164814399333346, 0.0070427104188138315, 0.005953484901166815, 0.005684294418002925, 0.0017159237835013181, 8.869104317484796E-4, -0.0021402576821692256, -0.0011399273139387923, -0.0028351020273332432, -0.0011469735742077483, -0.0013707330129371941, -3.833136384890136E-4, -1.378203333962885E-4, -3.0922163006428E-4, -3.554987380390004E-4, 2.4648075666009003E-5, 0.0013823441551792887, 0.0016916483204613524, 0.0012538103202119817, 0.0011475684502030602, 4.496706730160443E-4, 6.42608938747417E-4, -3.715944995146549E-4, -4.719590083082961E-4, -8.507761402952793E-4, -0.0016362236933549882, -8.707811614640694E-4, -0.0025428081013499516, -7.42684064797006E-4, -0.0025596754270152877, -7.385345531175549E-4, -0.001704255491719727, -4.1923620544045953E-4, -6.20045762944836E-4, -3.628932376746333E-4, -2.8480814872284194E-5, -3.202632163125652E-4, -5.517423200047798E-4, 7.194381274101142E-4, 0.001481977787180571, 0.003443466938593901, 0.0042594728205855754, 0.007080510356125028, 0.007764758702901763, 0.009883851760077389, 0.009976534864147712, 0.011067293381315738, 0.010396021984895443, 0.010531985994030525, 0.008712035503525563, 0.0074527402858022215, 0.005852952351164773, 0.004996792777099621, 0.004564199891362787, 0.0050870281011846045, 0.004373277382183729 ], [ 8.269257326431228E-4, 0.001039216567132005, 0.00239283157030551, 0.003498198324797961, 0.00605732515705284, 0.005975860372996087, 0.007773202707500103, 0.006741751403698741, 0.007894115959720033, 0.0054408340050224775, 0.006070890736460509, 0.003829644670954675, 0.003564309532090303, 0.0021720323497386286, 0.0015375403965482066, 6.856742197796585E-4, -3.734634968403559E-4, 2.697548228479167E-4, -0.0011226953813699824, 2.0278393614854266E-4, 2.461695125158982E-4, 6.822775062292324E-4, 0.0015999509778739708, 0.002527790471641263, 0.0046693984989730165, 0.005726405433792271, 0.006827034364285331, 0.006963155243992797, 0.006199848012485397, 0.006413624917883961, 0.006807103606584086, 0.007960620779062141, 0.008488188414749957, 0.008738284695228327, 0.009089586639136824, 0.00853467276190861, 0.008701133782963591, 0.008610977973595755, 0.00834011010810881, 0.008542471177824968, -0.0014677340890969597, -0.0014467316110288084, -0.0026830869651031193, -0.0036100373954996157, -0.00511916733736237, -0.004527339147153491, -0.00580079585173063, -0.0048435568834419, -0.006146854790226487, -0.004048411658948967, -0.004152805424791689, -0.001717183670062513, -1.80163680754437E-4, 8.067124209410395E-4, 0.0018944340441298963, 0.0018582747222643848, 0.0028486310141642487, 0.001472388783631315, 0.0028999967153538575, 0.001680882652852101, 5.151092110793026E-4, 4.5871574440321296E-4, 0.0013913161376132557, 0.0012801656851141345, 0.003205582406442708, 0.0014853188492186698, 0.004739627037246351, 0.0043641304967167085, 0.006957787152252463, 0.008126949753738708, 0.007996478498089644, 0.008353191471330621, 0.007860857310280935, 0.008661881775758192, 0.008815009298400662, 0.009200554583290565, 0.008669986577082896, 0.010132756312039335, 0.008802938356365116, 0.008972162746953102, -4.578748024787742E-4, -3.524388223516743E-4, 0.0016698348870455453, 0.0028084398133654304, 0.005434501110037772, 0.006156261245915837, 0.00707984978042016, 0.004573204973314306, 0.003308226106798779, -9.4700216669583E-4, -1.403846337018402E-4, -0.0027923503605193135, -0.0012329059415831355, -0.0020828452087445154, -5.511480892082789E-4, -7.95279895129505E-4, 3.459564296901123E-4, -2.405559368127696E-4, 1.540966865273116E-5, 2.0013043551902432E-4, 0.0018057101865405518, 0.002087769009377606, 0.0017412640892849837, 0.0016869190590172295, 8.022611581336043E-4, 0.0011392823799309647, 2.2101076259709599E-4, 3.5003598740297195E-4, -5.928960560981232E-4, -5.903880452911175E-4, -0.0011524556338087086, -0.0014815615648402136, -0.001463550636644466, -0.0017617587318549221, -0.001246629539826554, -0.0010781338991785823, -5.627454186845607E-4, -1.685490932225765E-4, -3.976754085309298E-4, 3.0165807682033775E-4, -1.4467529425825086E-4, -3.2420686090915777E-4, 0.0010708559006888684, 0.0017257790753098415, 0.0039470111756169015, 0.0050105043203546385, 0.007324148476058588, 0.008834043688276663, 0.010014893521632904, 0.011249022236859568, 0.011041562151923555, 0.011716329666918612, 0.010464010223193678, 0.009827623072595975, 0.007482798607088762, 0.0066968234777003395, 0.005184297902775655, 0.004738231809473178, 0.005374516764737902, 0.0045505813645801505 ], [ 8.280157764120295E-4, 0.0013951522243806224, 0.002492958514474693, 0.004302524688487319, 0.005764252133537666, 0.007326870363457354, 0.006741751403698741, 0.008648888741582128, 0.006720629195841902, 0.007456963290824484, 0.0052209163893279275, 0.005379973783077815, 0.0030075211332145834, 0.0031261893219844935, 0.0015639827456915482, 0.0010836783853594503, -3.023308888719872E-4, 5.877795220737075E-4, -0.001283016375566912, 4.905985302589473E-4, 2.2475499090061205E-4, 0.0010391678753314613, 0.0018631118001507928, 0.003714530365603562, 0.005197260498035238, 0.006931136290114824, 0.007440168693038214, 0.008169589908132813, 0.00672372674998715, 0.007358496121007254, 0.007037182664976568, 0.008659163809026671, 0.00877024773254665, 0.009263866538378723, 0.009508392366053206, 0.009139243336964505, 0.00903412975378863, 0.00903050633546878, 0.00875255709031793, 0.00898502274539813, -0.0016476986735577573, -0.0015959680834065834, -0.0028014396529702024, -0.0034851649606651644, -0.004771337351264135, -0.0050539542112612275, -0.004640593263224184, -0.005966053679008097, -0.005111201781496253, -0.005397393419936865, -0.003778271690727298, -0.0028024493969070192, 2.0643189591119915E-5, 1.7549340332540206E-4, 0.001989633645177699, 0.0017038843140304248, 0.0028694819305014494, 0.0014094001254026925, 0.0029620749066570926, 0.0017669789770454435, 8.46080457387811E-4, 7.846464082023662E-4, 0.0014862135617366551, 0.0015348527081105964, 0.003086983479650612, 0.001605412524323676, 0.00545095644727084, 0.004318999623684951, 0.00842653091818866, 0.008104623148332154, 0.010020148321168834, 0.008542563951386407, 0.009322171510402329, 0.009317185857049385, 0.009531788198153012, 0.009999555296673924, 0.009222966239221007, 0.010904136419911403, 0.00954407813441684, 0.00944063617318059, -7.20805626154543E-4, -1.5277781383595185E-4, 0.0015626838311863793, 0.003868157746745015, 0.005354933408867504, 0.007632373725427355, 0.006142132635391028, 0.006360522210181805, 0.0014795111245089457, 9.766433513774514E-4, -0.002702044201064172, -0.0011739594616044621, -0.003335674715954533, -0.001219177770750884, -0.0014467955279425628, -5.401271861644894E-4, 1.1640548548043697E-4, -2.809464995322879E-4, -2.090581841819705E-4, 1.8096541821154352E-4, 0.0022316485851777293, 0.0025055169137580395, 0.002144994478928733, 0.0018489025929725104, 0.0012582840929165379, 0.001294225378092069, 3.8761026125460815E-4, 1.7789727622564186E-4, -8.716196490120999E-5, -0.001202907291875836, 8.75079329689414E-5, -0.002351300697333443, 7.42516182345027E-5, -0.0024255751375065414, -4.156707861993684E-4, -0.0014568787584907637, -2.5415564242056525E-4, -5.231997625715112E-4, -2.9411743192386114E-4, 1.284306054563012E-4, -1.9139728009308598E-4, -4.1468433961284936E-4, 9.096891938200605E-4, 0.00186694185643351, 0.004064124847158372, 0.005035635913341595, 0.008202097708322613, 0.008846049599021754, 0.011274905460541999, 0.011340999290982848, 0.012422180930146614, 0.011760186856857192, 0.011704688391483925, 0.0098360757330429, 0.00812324803813087, 0.006750059184858198, 0.005294957323601449, 0.005151933019217311, 0.005546138992508103, 0.004831302087408043 ], [ 8.597890725438116E-4, 0.001017107279730804, 0.002329019901942012, 0.0035319501821407875, 0.0060095362050023695, 0.006079444062936141, 0.007894115959720033, 0.006720629195841902, 0.008881468849529117, 0.005114863617777754, 0.007236373796932085, 0.003515176340822586, 0.004482864630705108, 0.001957919167008255, 0.002283381154134016, 4.856392943096823E-4, 3.527244555509572E-4, 8.525146077886388E-5, -3.506718667750803E-4, 2.3179536970334864E-4, 2.5533963225377694E-4, 6.654885510865962E-4, 0.001529167868773589, 0.0027758257468820263, 0.004590122597592316, 0.006434521362980054, 0.0072216319503953606, 0.007619658787307426, 0.006995361396234438, 0.006524380608583078, 0.007750758750436418, 0.007844598641162992, 0.009398951204747045, 0.00896156571034205, 0.009891830375717463, 0.008918271728869939, 0.00950312310992549, 0.008943659520190153, 0.009324994634056864, 0.009150547151850447, -0.0014718222113282529, -0.0014267845263201196, -0.002558192341873559, -0.0034737360998289097, -0.004946968218724144, -0.004311126699536827, -0.0055435996425167, -0.004715795846221098, -0.006437031188350678, -0.004000993147604608, -0.00447338802559878, -0.0019338294063790504, -4.489979929606184E-4, 6.17159597049703E-4, 0.0015934456589147, 0.0017336265310442674, 0.002499588825342094, 0.0013317283188717278, 0.0025384811600857623, 0.0016038822561967633, 4.7640602679531696E-4, 3.640026550541385E-4, 0.0012147305523972053, 0.0012642112229885561, 0.002944927248878638, 0.001653678881785681, 0.0042252991991223975, 0.0048129319555814945, 0.0067976307998187544, 0.008895669262955572, 0.008067388611883232, 0.009115162291126636, 0.008094263877829558, 0.00937283490787981, 0.009206715230829983, 0.009843520266441355, 0.009266345786411747, 0.010601888524751387, 0.009493854794864486, 0.009426023650341715, -4.006961839152557E-4, -4.7935906510434694E-4, 0.0016989632435238946, 0.0029001489570774845, 0.005552090056881389, 0.00642851369437069, 0.0076694055199508365, 0.004663774822891898, 0.004106860635894885, -0.0014380414701412147, 5.854318838583853E-4, -0.003552421756625984, -7.729815682824485E-4, -0.0025006617771481865, -9.655239381107512E-5, -9.935975590806337E-4, 9.319842405488646E-4, -6.142650091612344E-4, 9.810892982899371E-4, -8.324786802241393E-5, 0.0018197354831175408, 0.002161310584679642, 0.0017274594251438277, 0.0016531533810772326, 6.765961896802955E-4, 0.0010091370010209824, 1.385271961411162E-4, 9.886518361729435E-5, -7.943175357817776E-4, -7.2363368494907E-4, -0.0014213222356335765, -0.0013899361421689609, -0.001626241063703019, -0.0017024858098781289, -0.0012529990706588892, -0.001139812224509688, -4.1046909011905496E-4, -3.990252765127781E-4, 1.2464109237837856E-4, 1.4321927891940245E-4, -0.0010251089181334942, -0.0014088672116063464, 2.6595389138291233E-5, 7.193585049137967E-4, 0.0028957966608629997, 0.004366810198574917, 0.006410120052727912, 0.008672612012036429, 0.009286125181712686, 0.011358406349736087, 0.010644668923225135, 0.011934896041104547, 0.010519589585770603, 0.01014496215771588, 0.0075927883663924585, 0.00699207730823409, 0.0051351008550991435, 0.005011111321729823, 0.005204429342431845, 0.004826521284332703 ], [ 7.549818160441099E-4, 0.0013474005208566615, 0.0021494339118385583, 0.0033920428523636936, 0.004681680072305707, 0.006039685398495621, 0.0054408340050224775, 0.007456963290824484, 0.005114863617777754, 0.007937426529564053, 0.0037322185122667883, 0.006071341119024779, 0.002550100652968716, 0.003688425500647634, 0.001595134159854602, 0.002160575694446725, -1.0812261396140558E-5, 0.0017475147490380242, -8.309862917073904E-4, 0.0014592874280385717, 1.453811459193278E-4, 0.0011229554179810891, 0.0015148232493169575, 0.002719917196729618, 0.003688294177443003, 0.004545669174700382, 0.004695444744912696, 0.004999539944771935, 0.0033762519337601723, 0.004468438061113246, 0.00312416802121451, 0.005937792601128099, 0.005137478360953129, 0.00676979483540604, 0.00655901537371021, 0.007048659873293478, 0.006587944657290558, 0.006915084262211968, 0.006307513173110428, 0.006668887825721684, -0.001517627461977624, -0.001332652978084665, -0.0025173842574641577, -0.003005329562335634, -0.004591591164699331, -0.005009954197957464, -0.005038748334362518, -0.006192974322688088, -0.005488776514511047, -0.006767531841572379, -0.004314198373499094, -0.003759183586385755, -9.111126044826142E-4, -2.50962324864086E-4, 0.0015273249607057164, 0.0014645802434193381, 0.0028208120700053655, 0.0012016080729543494, 0.0029421112567677684, 0.0015285465810507815, 5.042245359914096E-4, 6.282711431717981E-4, 7.176833993074812E-4, 0.0014030541898370395, 0.0022623688010372732, 0.001386079193580833, 0.004500196681760177, 0.003325385087867924, 0.006704394021806276, 0.005937031405673493, 0.007319667655054185, 0.005440244481978986, 0.0055963777958666855, 0.005303074295153625, 0.005258549639976239, 0.005413138261091147, 0.0046003364142708295, 0.006185999105357081, 0.004994934537074166, 0.0048808533904476205, -7.928876192758907E-4, -8.115899596386426E-5, 0.0010539532820993095, 0.002930771165565097, 0.003932088686191421, 0.005565519098851801, 0.003963725703397065, 0.004529014308650034, -2.4004321532128682E-4, 5.535935747154968E-4, -0.003890734669463719, -5.176690899940937E-4, -0.0035201929168027614, -4.0573951028084347E-4, -0.001149623855722716, 5.137127721666423E-4, 4.90846519333577E-4, 0.001127510049888991, 3.6410195208981384E-5, 0.0014410431172775632, 0.0021932014024082973, 0.0022571355342158876, 0.002264419095352746, 0.0019350044181402457, 0.0018335315299277412, 0.0019337113469582092, 0.0014044084597647697, 0.0014861613039268986, 0.0016288258338071353, 8.318241763449093E-4, 0.002371848979078427, -4.7715933158134314E-5, 0.002360972391473798, -4.273541921576373E-4, 0.0011707558608023035, -2.1858091646873232E-4, 4.840927026244886E-4, 2.0482067622969264E-4, -1.402711911402792E-4, 7.683986349885685E-4, -5.378506093611142E-4, -6.595557295632257E-4, 2.7431397810621667E-4, 0.0011342595136322022, 0.0029928378040692855, 0.0034522423329323856, 0.006242858276386683, 0.0063545385328867224, 0.008658926698635352, 0.007948393241491486, 0.009457217902051587, 0.008324847208738597, 0.008639661853635596, 0.007131428330414064, 0.00589502176089598, 0.004712590751044367, 0.0037573287450267, 0.0033090578041940224, 0.004156397374228208, 0.002929928773555193 ], [ 9.023703459117623E-4, 0.0010044771967238186, 0.001848128663783588, 0.002822857272491103, 0.004559854851315044, 0.004730748858170395, 0.006070890736460509, 0.0052209163893279275, 0.007236373796932085, 0.0037322185122667883, 0.007168843017452145, 0.0027633503832885237, 0.005395133709980659, 0.0019432951099950294, 0.0037516789282158896, 0.0010144708937588197, 0.0021973534914030203, 7.251402965894849E-4, 0.0016548540184093206, 0.0014595847518869354, 3.4916032211498784E-4, 5.869591274631394E-4, 0.0010969134993689931, 0.0018311082874092224, 0.0029591088209472228, 0.004092758286918774, 0.0042518279226547205, 0.004771248492991774, 0.004258630614223311, 0.0037207256584040533, 0.005455589362818463, 0.004412509765928491, 0.007142070361315665, 0.005547538719052262, 0.0076236756659615, 0.005858052520939214, 0.007343950444081556, 0.005938725159924446, 0.00734028987496412, 0.006479994256595105, -0.0013775604554026907, -0.0013828417119968526, -0.0021641683766764576, -0.0031526924830710705, -0.004147876661171826, -0.004086292306319431, -0.00496073470655921, -0.004401028425863451, -0.005718109751887629, -0.003615970519697766, -0.004636798690251927, -0.002189957926087792, -0.0014034974847387193, -3.914959123502584E-4, 2.831004684942694E-4, 6.654946229196771E-4, 0.0013688996178768263, 5.291723044474111E-4, 0.0014773651662189579, 7.177202785333492E-4, 1.0613523038953778E-4, 2.866016005657972E-5, 5.137552660686537E-4, 8.556058206331593E-4, 0.0018745714259887406, 0.0011038728978184044, 0.002828213506296233, 0.003044234592801229, 0.004206145403490067, 0.005488462221451247, 0.0048077984779134626, 0.004833066072778911, 0.004886543339022531, 0.004802833573117294, 0.005295989771928114, 0.004936065270915841, 0.005051827884828028, 0.005698857494107043, 0.004864125831994114, 0.004731360262363038, -2.4165015763803928E-4, -4.514458268681169E-4, 0.0012070988450720934, 0.0018779379802393898, 0.0037293387324971116, 0.004270280270301177, 0.005065365203298396, 0.0030217799105841216, 0.003048312177203746, -0.0013329886877195356, 0.0012792825476377625, -0.00260040227129066, 4.4049355523872346E-4, -0.0015671397811075917, 0.0011672338556108159, -2.1805949108841992E-4, 0.0020652618483820535, -1.9337098136149464E-4, 0.002562276518830296, 3.4231943880043414E-4, 0.0031069977196094742, 0.0033671917342396216, 0.0031113536506385967, 0.003169298009131597, 0.002486306616100983, 0.0030436250910999807, 0.002396174099220984, 0.0026078136438521674, 0.001875521550692922, 0.002125537761849646, 0.001339577063761763, 0.0011971728808731037, 7.622734914958171E-4, 3.0420992728444964E-4, 3.92900749613035E-4, -2.3799966717475573E-4, 6.427827806433162E-4, -3.39873542324738E-4, 0.0011787863228253867, 1.7091596255522376E-4, -0.0025361597840118278, -0.00285837202588835, -0.0018270321838565532, -0.00127982850031366, 1.0654111042244481E-4, 0.0012446259629001121, 0.002299961198739246, 0.0043191064458186195, 0.004242051920676576, 0.006327401808904526, 0.00533939578411491, 0.007022458503223641, 0.005899987397648533, 0.006093249086819295, 0.004194855942664112, 0.004247989248738835, 0.00244481812399081, 0.0033262928615913874, 0.0024152451048324564, 0.002936178889599278 ], [ 7.294909062572269E-4, 0.0010740629960831747, 0.0015628678603079576, 0.0022787030906588836, 0.0032099466741988885, 0.004284002221247288, 0.003829644670954675, 0.005379973783077815, 0.003515176340822586, 0.006071341119024779, 0.0027633503832885237, 0.005885962717989484, 0.0021281843447513043, 0.004454459118237664, 0.0019310104374179275, 0.00345170854496661, 7.294175635055017E-4, 0.0030590249549015043, 3.08062841038406E-4, 0.0027342233050864427, 1.7155532621865646E-4, 8.211368207426625E-4, 8.038354739789791E-4, 0.0010943020776123958, 0.0015300264998741697, 0.0011643015143989767, 0.00100371997336711, 8.636211096661239E-4, -5.402182664472022E-4, 7.09127021699961E-4, -8.246870515459175E-4, 0.002380436481914574, 6.847764371341579E-4, 0.0033427681680469937, 0.002373814973931311, 0.003719920498449037, 0.002936890512505427, 0.0035307796835150917, 0.0028853817562205612, 0.0032082171140814684, -0.0012059791133433272, -0.0011079345097121138, -0.00207133842182311, -0.002760535670112398, -0.0040218555250457946, -0.0049253241415047454, -0.004959222584989191, -0.005874460422483873, -0.00522528381929445, -0.006257648812069444, -0.004278734320805116, -0.004316057973630551, -0.001678881783864277, -0.0014779829681688425, 4.872298601423474E-4, 1.7851477836467732E-4, 0.002188261984672918, 2.8503953413885305E-4, 0.002251330550823494, 6.183084103321156E-4, -6.298391216861643E-5, 1.586201460307811E-4, 3.0061957566640627E-5, 8.805035428492801E-4, 0.0013080864066753527, 8.297261729545045E-4, 0.002763503470858829, 0.0013514895574128095, 0.003554723119752333, 0.002164142786450194, 0.0027748320291509513, 0.001307725506240787, 5.527914706185198E-4, 6.31473057032425E-4, -2.8379688089047765E-4, 8.565360430395387E-6, -8.704807010007866E-4, 3.087331783804981E-5, -5.808072260509666E-4, -7.495968848058789E-4, -4.8401943753396064E-4, -9.530154834111991E-5, 6.550986212455398E-4, 0.0014540046728938512, 0.0021745617950567975, 0.0028944681764755662, 0.001667823894823529, 0.0023150337865190454, -0.0010717706493572952, 3.7898512281481537E-4, -0.0029749023977609047, 4.488041363060694E-4, -0.0022203075595097314, 7.458583047439186E-4, -1.4930460717973328E-4, 0.0017707624442060469, 9.255224066954636E-4, 0.0024563662316646963, 3.6864112730253875E-4, 0.0026304766431507753, 0.002693284188