{
  "weights" : [ 0.5803309090851657, 0.581398309752812, 0.5844910828659755, 0.5943836103119384, 0.5941717119655903, 0.5983477002214264, 0.5913372056653634, 0.5816130980812592, 0.5592074757965395, 0.568479883352785, 0.5220473135691222, 0.5238947752088248, 0.5089621552225715, 0.4845263421756364, 0.4810550915702559, 0.4617143561900745, 0.46251146446534686, 0.44430276590211665, 0.449407037457046, 0.4387465290570768, 0.07086734559864372, 0.07648315040118749, 0.07911346874550694, 0.07579099979958562, 0.09177017689186598, 0.07681925073233203, 0.09311417070150722, 0.060735013882719194, 0.05614045834584426, 0.05498538711013646, 0.059319411228883505, 0.06836389131324405, 0.07537126409617317, 0.07639546152348896, 0.08509748734418442, 0.07626810526874413, 0.08997049461332611, 0.051165639323009035, 0.08645392797862199, 0.015314187967998449, -0.6297945335799476, -0.6216962862934884, -0.6195242790655993, -0.5612086825060095, -0.5632068683666631, -0.4868809206645791, -0.4998743058905874, -0.42295028472575796, -0.4530052753413093, -0.4005959420618588, -0.5068568067585226, -0.4664369190113994, -0.5272807831882099, -0.5184348924944222, -0.5447011894901076, -0.5336159141833409, -0.5632226768758664, -0.5325761305896692, -0.5620814106609223, -0.5393760332598564, 0.48993614970292226, 0.4953034877510963, 0.5010570672622116, 0.5449290958424142, 0.5433240946436816, 0.5923237696096706, 0.5842160150215742, 0.6385822408684984, 0.6280255576087899, 0.6589111024190498, 0.6229695092737756, 0.647595228202661, 0.616604626215137, 0.6327953584179351, 0.6140830170655205, 0.6304970297117871, 0.6045592288867708, 0.6346064211275435, 0.6100428304036374, 0.6391559256342868, 0.4119259307829426, 0.40974235484767085, 0.39464186280306074, 0.3540201741753299, 0.3577185280332494, 0.30183375752475006, 0.3186884654894002, 0.24805142320009846, 0.2630076967089524, 0.19056715142938613, 0.20494843491788242, 0.1219535077991387, 0.1471960573294752, 0.06624464716978484, 0.10335226975852865, 0.03156217638438908, 0.0698189598407567, 0.017476334410761206, 0.04301458155798814, 0.021300378766834077, -0.11106939710144595, -0.12057309960214238, -0.11070334431892184, -0.1347902507774949, -0.13113610658095876, -0.1522928753351919, -0.1562360520120154, -0.1696384422566174, -0.1729168290746236, -0.16783084098817055, -0.15615590146199632, -0.1303376381852115, -0.12975144849928416, -0.08289780475661605, -0.09180541928234238, -0.04421073125898901, -0.054215556507524854, -0.0013967793312862084, -0.02110262395209525, 0.013888018498421075, -0.11571741428140761, -0.11569449184891413, -0.12054231204060041, -0.14664443775459565, -0.14777111380277397, -0.18097845708137125, -0.17694338720635835, -0.2006303377132138, -0.19820788590520594, -0.18381986188535607, -0.1408246470759941, -0.10522007337832903, -0.08835961110700616, -0.029669883681545405, -0.03190654151073786, 0.02234104628705177, 0.03087493297961586, 0.046895979438841384, 0.06455544151429363, 0.05319877005877167 ],
  "covariance" : [ [ 7.933551093629648E-4, 5.425541032085624E-4, 8.008006414609811E-4, 4.999912096440114E-4, 6.125269094684956E-4, 3.235143794427948E-4, 6.151086720529963E-4, 7.512464380901126E-6, 0.001027205399009483, 1.1034157768149232E-4, 0.0012721529835329, 6.580619497375685E-4, 0.0012665827237562967, 0.0013834849012121168, 0.0014133635883152602, 0.0015799377232875722, 0.001579521013905003, 0.0015817282945122405, 0.0018289622973177281, 0.001460746816268306, -6.823759493779128E-4, -8.51645860197085E-4, -5.736782706428519E-4, -0.0010970257051441308, -6.775398070261279E-4, -0.0012379037987471355, -5.284917771371624E-4, -0.001248243085378197, -4.7670123506871184E-4, -7.307679265086064E-4, -7.551936142904556E-4, -5.588367202624815E-4, -8.09261121874012E-4, -2.819693148417245E-4, -9.509256370283712E-4, -2.594027221034572E-4, -7.90578376709321E-4, -5.049892127905882E-4, -8.105297610767518E-4, -4.3163245249337924E-4, -1.5012349511032158E-4, -7.262355854631812E-4, -1.5778019799805794E-5, -0.0013804173109947717, -1.523295958911843E-4, -0.001970860675101277, -7.033326579547351E-4, -0.002464164957195586, -8.141060712660759E-4, -0.0027230677707381855, -3.1589723634383745E-4, -0.0020060600594953245, -1.8454767743411243E-4, -0.0011859075928106868, -3.0028891623088745E-4, -4.769639917695117E-4, -1.3720210771928535E-4, -2.4574158915354534E-4, 3.8636550060533513E-4, -2.1919340160305118E-4, -0.0010014462835589242, -0.001155561038971296, -0.00100930139227248, -0.0015749688052590094, -8.662610421894142E-4, -0.0017583345517618808, -0.001119755861490639, -0.0017767785435040602, -0.0012528371116542947, -0.001971936398315169, -0.0012087237038189442, -0.0017590195897012623, -0.001046156372453915, -0.001545038017053776, -0.0011927371286941475, -9.711246646365943E-4, -0.0011170550694668583, -6.656641641207804E-4, -6.806763465313579E-4, -6.876979321193116E-4, -7.954709245618272E-4, -6.520896069800111E-4, -8.483946094263344E-4, -4.714353940921812E-4, -0.001042428738736155, -4.930263895873584E-4, -0.001020254003249995, -8.016976891959703E-4, -6.916403076566454E-4, -9.328807626681076E-4, -3.289640758283763E-4, -5.415730996762588E-4, -3.7386812338596233E-4, -2.5655246817667532E-5, -4.6881792247992964E-4, 1.4038936839523943E-4, -3.79070412030468E-4, -1.4257744854683231E-5, -4.5803549977509693E-4, -5.526823839649405E-6, -0.0024139333222364546, -0.0019518939584762425, -0.0026361091540729803, -0.0010656592767325002, -0.002327147542296002, -4.455969245918379E-4, -0.0016164351185470613, -1.683663357441125E-5, -7.303016869952026E-4, 2.3044151128053734E-4, -3.944068030233366E-4, 3.2634370256553325E-4, -2.349072847797878E-5, -1.4415983523708822E-4, 4.902556513259461E-4, -4.245149313262274E-4, 4.4461196086750403E-4, -2.984990166599288E-4, 7.433296964962145E-5, -2.423942393700726E-4, 3.930747987340921E-4, 3.909882178490214E-4, 4.671039347182071E-4, 5.247442033567239E-4, 6.858287436112618E-4, 8.575797007190064E-4, 9.773796048980724E-4, 0.0013139019474208231, 6.999097232899723E-4, 0.0017671541325407294, 2.9585884638902253E-4, 0.0012412762138362976, 3.4868108986655175E-4, 7.874345892639055E-4, 2.581802207009478E-4, 4.8765177498542324E-4, 1.5250312191166806E-4, 4.294020819473935E-4, 8.736780817152588E-5, 3.6300700846397425E-4 ], [ 5.425541032085624E-4, 0.001188098640435406, 2.4151801346740514E-4, 0.0011970548488448244, 1.9105415835862457E-4, 0.0010742048478288224, 3.2286890014007703E-4, 6.949755841937903E-4, 0.001100027302174241, 6.206081543781902E-4, 0.0015358276167022381, 0.001201890554759325, 0.0013443087895190077, 0.0014133705643655566, 0.0017254983835700267, 0.0013247607746824693, 0.001610267816146551, 0.001424822600202385, 0.0016164825255816392, 0.001462442110192588, -7.591729571296952E-4, -7.998737289041278E-4, -8.606278624875252E-4, -7.894946950318878E-4, -0.0011758196108226978, -0.0011066517878893214, -8.891439164022291E-4, -0.0012241959539460454, -5.709421472758972E-4, -0.0011256952500830952, -5.025315016003772E-4, -0.0010328936754856188, -4.820982087027479E-4, -7.618933872517489E-4, -6.357990871341295E-4, -4.589135749965427E-4, -6.115787534532616E-4, -5.833858605329917E-4, -6.106325463403554E-4, -3.976045755992413E-4, -2.9483846360032085E-4, -1.459102692272153E-4, -4.5477334068750127E-4, -8.501221254104786E-4, -6.149241023901918E-4, -0.0014782167866901578, -5.665578304020222E-4, -0.001954803369365257, -0.0010389639360826792, -0.0021048391395361984, -9.985714352031786E-4, -0.0014062268088146693, -0.0011760928255865975, -0.0010091099762986702, -0.0011287789881951693, -5.820901955738929E-4, -0.0011010001956696643, -4.888089703017347E-4, -6.707657792264083E-4, -4.7347850513692095E-4, -8.70227268302422E-4, -0.0010683611031994291, -9.103841073476482E-4, -0.0015136760370834817, -9.307961923494319E-4, -0.0016307770201751941, -8.999932321627069E-4, -0.0016182912890867832, -0.0013972105408429714, -0.0015617268466847638, -0.0016121593977381948, -0.0014693653467859364, -0.0016025768017326803, -0.0013102133208127249, -0.001835401913587027, -8.974755596401134E-4, -0.0018315024612810859, -9.930595911010612E-4, -0.0013807975672009338, -0.0010884990893633643, -9.017803786292497E-4, -0.0010961165696819675, -7.09171304589921E-4, -8.73570487959521E-4, -8.475344988644159E-4, -8.506695532860742E-4, -0.0011461115871242264, -9.791123214318033E-4, -0.0012609890425209467, -9.622987732515621E-4, -0.0011822972365176077, -3.6342902224363664E-4, -0.0010020949911706868, 8.681848942293039E-5, -8.913445199904978E-4, 1.1171881804177411E-4, -2.3596570551940877E-4, -1.3150925155413026E-5, -1.468937122015078E-4, 4.8115615109439074E-5, -0.0025991887975036648, -0.002511991007167066, -0.0025645569498836877, -0.0019231544437277065, -0.0022978419291023403, -0.0011902149952445554, -0.0020920805053377487, -9.305819656559174E-4, -0.0011685635946809359, -6.839219179803506E-4, -5.73974371847579E-4, -4.5854781896473637E-4, -1.6001629342518017E-4, -4.3527953814473933E-4, 2.4081551970155953E-4, -4.6002274351338577E-4, 3.897262349695608E-5, -1.9253358554378834E-4, -1.9232255551347027E-4, -3.590292813740551E-4, 2.961958165763573E-4, 1.9615579794014028E-4, 3.8368234707771817E-4, 3.192881584178824E-4, 5.850750805676887E-4, 2.9463907250158776E-4, 6.604837491453804E-4, 4.2695624626047787E-4, 6.657731870408144E-4, 1.963566355394323E-4, 6.500584148527211E-4, -5.365325613542803E-4, 7.185154440245831E-4, -4.804289336941742E-4, 3.4288075705694453E-4, -2.096580694053582E-4, 9.060237230208807E-5, 1.178060324618981E-5, 2.6054164840524853E-4, 5.129463972017317E-5 ], [ 8.008006414609811E-4, 2.4151801346740514E-4, 0.0013516625187818259, 3.2520359101038E-4, 0.0013680917667015626, 7.165961485048766E-4, 0.0014609689204034024, 8.443838956271799E-4, 0.0018515711713610735, 0.0013775146599651386, 0.0023514495169672093, 0.0019218068904869995, 0.002403890234301871, 0.002793997959022209, 0.0024014117088224586, 0.0031010374698935118, 0.002437976069507364, 0.0031644813456570683, 0.002781413957648253, 0.0028824234973454546, -8.356623922334765E-4, -0.0011666564868599342, -6.727485419135767E-4, -0.001983428903537937, -0.001017894680310113, -0.002160696470260693, -0.0015479228846465203, -0.002171470972744099, -0.001479993192615677, -0.001101990307996668, -0.0011332019892040068, -4.5506489745003354E-4, -8.861039658953266E-4, 4.1565633867980786E-4, -8.062518735911998E-4, 5.655937344121615E-4, -3.4081848280895856E-4, 4.8461816158476025E-4, -1.5930936916082444E-4, 4.747082228561413E-4, -5.048657947613205E-4, -0.0013061922153113897, 2.4460043881707885E-5, -0.0021912053739797667, -1.3917591523956595E-4, -0.0029694513050856765, -0.0010619196190767308, -0.0037999853629206615, -0.001343499711924793, -0.004094370217727664, -7.962938776555911E-4, -0.0031388796544306284, -6.218529672224763E-4, -0.0017298890396182539, -5.384244787400665E-4, -7.325964958859021E-4, -4.8570580749830886E-5, -2.42252962900623E-4, 6.112436611288413E-4, -2.118820587597768E-4, -0.0014519757831931007, -0.0015888807475411546, -0.0015056979940783004, -0.0021464277525879392, -0.0013181723368735636, -0.0027295242051932674, -0.001724230272429367, -0.0029794441915761607, -0.0017944498255902577, -0.003430748560226578, -0.002046284476999378, -0.003246981608302734, -0.0019219823947099356, -0.002815461619958693, -0.0019969642269096564, -0.0020132913387981215, -0.0017045401735022651, -0.0014402366621414316, -0.0011768509127061525, -0.0013527552074225197, -3.4376495931961657E-4, -4.693436380221757E-5, -8.047644244154912E-4, -3.3838341817233616E-4, -0.0015861781862001603, -8.515646662540305E-4, -0.0019118446912416258, -0.001285649515031089, -0.0015068199324308103, -0.0012313955994483336, -9.394964050055509E-4, -6.053508058341385E-4, -9.127831524081977E-4, 7.628112416707E-5, -8.062434902982162E-4, 2.0115241515143337E-4, -6.297740362984596E-4, -1.2485192582407334E-4, -6.601004605081755E-4, -8.663085545848847E-5, -0.002893904931158671, -0.0022225168568257058, -0.0032520989539352586, -7.730764565643958E-4, -0.002700969401016009, 4.701638825622068E-5, -0.0014468068948404204, 9.054780678531594E-4, -2.481046448048298E-4, 0.0013240659107943095, 3.338004720898378E-4, 0.0013569786284473315, 7.962011621504221E-4, 3.5787096301406144E-4, 0.0012226245294643112, -2.566494290690482E-4, 9.72990707074103E-4, -5.7849196818139E-4, 3.0162884366239203E-4, -6.411041420166423E-4, 6.65608842485302E-4, 7.408352299461236E-4, 6.299771827037568E-4, 5.675525868920697E-4, 6.335765945353611E-4, 6.12255629957053E-4, 5.122334389288173E-4, 9.11585003840762E-4, -3.601964697654994E-4, 0.0013130044565562561, -8.449007519869779E-4, 0.0011338444587890573, -3.860475938818488E-4, 8.188127871005949E-4, -1.2152835074723259E-4, 6.804145132820985E-4, 1.601417581662064E-4, 8.286999229335483E-4, 2.898974791261747E-4, 8.328859238941914E-4 ], [ 4.999912096440114E-4, 0.0011970548488448244, 3.2520359101038E-4, 0.0023578164862937856, 5.712032374249467E-4, 0.0031579999336070323, 0.0013473046379474042, 0.003285783601899714, 0.003248939034774416, 0.0036106116018301674, 0.004122993535644388, 0.004326394358555647, 0.003915685051608996, 0.004472320508632992, 0.004344559503612365, 0.004415910888629832, 0.004166841147814102, 0.004680936562758614, 0.004406910203300647, 0.004632197167736767, -7.741172898753974E-4, -7.85345458899637E-4, -0.0011801307010232134, -0.002162331442582611, -0.002440846521682645, -0.003282200600861118, -0.0025806951425547463, -0.0038484349129212754, -0.001987209917005745, -0.002681064378387407, -5.155287712630384E-4, -7.453820223226817E-4, 1.224563874651509E-4, 9.570454026151407E-4, 7.272291920667384E-4, 0.002165075766506599, 0.0011291831478417117, 0.002264833391359353, 0.0017923834245001842, 0.002316892289238941, -4.735611662875162E-4, -2.5691164348294664E-4, -5.450345892074121E-4, -8.3124774358227E-4, -7.266328176353975E-4, -0.001652776405028484, -5.668652924178855E-4, -0.0024283070129081387, -0.0013457111203167076, -0.0026416168668310235, -0.0023212130946286802, -0.0021764243740295948, -0.002684005853812669, -0.0016018890171305658, -0.00266531337450253, -0.0012587882966952411, -0.002278647169482675, -0.0012622072827759017, -0.001458888277706515, -0.0012469508041404642, -0.0010336301298802216, -0.001300554000349172, -0.001113373929412611, -0.002430684729261853, -0.001397223494076216, -0.0031538666168278878, -0.00173920045683752, -0.003450501217668761, -0.002902320594952071, -0.003589478902437389, -0.0039283336643819305, -0.003789364432950756, -0.004297050095148353, -0.0035541022463947583, -0.004636894012090802, -0.0032045403797499776, -0.004316351902781977, -0.0032283938508058645, -0.0036039799840165126, -0.003093577926891651, -0.0012358851284902795, -0.0013815692322718502, -0.0012030778328152626, -0.0022270968761425544, -0.001991339208394532, -0.0028923703772375233, -0.0026383720602291953, -0.003147368779921908, -0.0026207520798239886, -0.002445605842834931, -0.0023277812125711535, -0.0011232100368608596, -0.0017711726981945006, -3.864535749294015E-5, -0.0011346599873695916, 2.1019699995538123E-4, -2.6387349992212846E-4, 1.9510596368398165E-4, -1.708317870547544E-4, 1.0950590811601778E-4, -0.002925548468473596, -0.0027595842432702163, -0.0028521574919118126, -0.001281078011982522, -0.002298614247390677, 2.8178516176263004E-4, -0.0018527338620640422, 0.0012433523312809739, -2.098528417896912E-4, 0.0014721500840042345, 8.526585721132717E-4, 0.0011202395916326468, 0.001345414750912142, 1.8583533140223402E-4, 0.0014402732692158856, -5.853757636223827E-4, 7.303204772046402E-4, -6.846849932314119E-4, -3.8224764978210833E-4, -9.82255397126141E-4, 1.0993936051075794E-4, -8.020024654371713E-5, 1.0408334983778159E-4, -0.0010856838061437189, -3.558792184846266E-4, -0.0023694611963477885, -0.0013225643357827723, -0.0034304792818500404, -0.0026411908720874915, -0.003835487545287469, -0.0020369208604220125, -0.003241600486230515, -0.001714672794985071, -0.001982505551408645, -0.0013116586721471017, -5.763331662124529E-4, -4.4637054198189456E-4, 6.4758917072850865E-6, 8.035247674289209E-4, 2.531215729617411E-4 ], [ 6.125269094684956E-4, 1.9105415835862457E-4, 0.0013680917667015626, 5.712032374249467E-4, 0.0028278081438066318, 0.0013310602235787321, 0.004337162987730127, 0.0029350302947434965, 0.005905781228806413, 0.004730697222017479, 0.006822030582295301, 0.0056365186512561645, 0.006850836832536209, 0.006854782509762784, 0.006723408009125671, 0.007458541945941742, 0.006450739435087241, 0.008245167244355032, 0.006950075354952726, 0.007860556969810107, -6.339041490070026E-4, -0.0011915456970024777, -6.382761390319884E-4, -0.0034865927671437827, -0.0020376406871102978, -0.004587343570150576, -0.0036038446882618023, -0.0046092067069732675, -0.0028621532173028715, -0.0025743812355308276, -6.888270443125063E-4, 1.647568167866334E-4, 6.893102703889634E-4, 0.002588168313835217, 0.0017465306727340126, 0.0036121862202610753, 0.0027177332096971784, 0.004282457950102411, 0.003347122945907222, 0.004087871928907037, -6.469422792519575E-4, -0.001520878422012589, 1.4927100289862183E-4, -0.0029518852469490983, -7.340849800698283E-6, -0.004048956684285692, -0.002281517512287573, -0.005263205552902075, -0.0028221301898893186, -0.005375578740656091, -0.001966270529225856, -0.004132926180481579, -0.0017163794305737356, -0.001826601482135336, -0.0011665106924626087, -5.513079750286619E-4, 1.6813538546336205E-5, 3.241930632264283E-4, 0.0011203605868368794, 1.7129877173898675E-4, -0.0014501155594394042, -0.0017079413646315978, -0.0014250887745117335, -0.0027068291309269433, -0.0023624632654251306, -0.003501101174241291, -0.004385627210147519, -0.004785079248204772, -0.00502574295677082, -0.00581658003438034, -0.0053922883482016805, -0.005963925814096689, -0.005225348923162585, -0.0053589223957697905, -0.0049608074028725515, -0.004309453257338356, -0.004138381446526968, -0.003445543074277886, -0.0033968267859562844, -0.0032567903644181036, 4.4301996790325625E-4, 2.6386634056315935E-4, -1.814017651202017E-4, -0.0012103130846405354, -0.0022710623584953193, -0.0027399575981708444, -0.0032308240967734592, -0.003020120616677405, -0.002685452575730828, -0.002393762851207508, -0.0017259835440906776, -8.546692060995475E-4, -0.0011644314862030156, 2.5810092327636816E-4, -7.834723105976987E-4, 4.5943440640497043E-4, -6.22726234589072E-4, -3.744549809993825E-5, -8.07064656623589E-4, -7.116254197528618E-5, -0.002667627221298917, -0.0016197686368613156, -0.003156006636211523, 8.689931420478824E-4, -0.0018544961535855672, 0.0023327740625493257, 8.491866904824444E-4, 0.0038759691986075514, 0.002886570831272242, 0.004607368709123294, 0.003459434375956521, 0.004246112268495296, 0.0031249753880036608, 0.002317511591141163, 0.0024334532489122583, 7.680394731394565E-4, 0.0016375308652796874, -9.246132251271999E-4, 3.632342772725474E-4, -0.0014267850431100456, 6.530609126795366E-4, 7.625661636597952E-4, 4.305453011403E-4, -7.4321108734407E-5, -3.901390996343814E-4, -0.0010592505292457005, -0.0013288983918833205, -0.0019236199798768644, -0.0034226885528922573, -0.0022280222080030077, -0.003920620796357579, -0.001501429692600378, -0.002600742933096112, -7.761131865621793E-4, -0.0013487043895657586, 1.906884089211478E-4, 5.735402538610928E-5, 0.0011541245274489984, 0.0011466446547967275, 0.0016492804077657976 ], [ 3.235143794427948E-4, 0.0010742048478288224, 7.165961485048766E-4, 0.0031579999336070323, 0.0013310602235787321, 0.006159142963534598, 0.002269980465464217, 0.008017589670704563, 0.005403304998721636, 0.009148343893066558, 0.0075008913982658075, 0.00996240823318895, 0.007382721759803, 0.009666712113447757, 0.008510641045439, 0.008961024157807864, 0.008408518465060074, 0.009463904998453163, 0.008862561516350056, 0.009516348916587392, -8.011250451852317E-4, -4.6107527929861605E-4, -0.0019217315542503304, -0.0030761131070997615, -0.005212966233805637, -0.004920231441197734, -0.006371647342814015, -0.005618493532167557, -0.0052018246514081365, -0.004061976348306235, -0.001621783789682321, -3.532380244021947E-4, 2.7219538329787297E-4, 0.003219816843970395, 0.0022197582354456943, 0.005051560584194449, 0.003628336642855788, 0.00557481005007765, 0.004708916182858528, 0.005580859356991848, -0.0013582769136428485, -5.050723152781056E-4, -0.001587267412490209, -0.0010596047867501483, -0.0023919862845813494, -0.0027528442452780535, -0.0014235580358033348, -0.004808980526606979, -0.002409302639345745, -0.004094376659846725, -0.004149085819092117, -0.0029133296714613844, -0.005136939172303231, -0.002110584734073239, -0.0041623761388031935, -0.002304628780669835, -0.002923381857958297, -0.001816996031702048, -0.0018911703025499022, -0.0016335799395483313, -0.0016274778058822164, -0.0015585261118988931, -0.002233745983712428, -0.003294798239565677, -0.00306429307943119, -0.005770488366579112, -0.002937505074460653, -0.007402331787366451, -0.004796837759971931, -0.00730024314616313, -0.006892532042110311, -0.00724686015919881, -0.007883010099552161, -0.0067810397278856615, -0.007938312880672411, -0.006473647680643439, -0.006991789296994738, -0.005946419635500739, -0.00623228140482748, -0.005357055583553982, -7.027811992402431E-4, -4.1029966284054204E-4, -0.001430782709938797, -0.002346146100776127, -0.003571548742640469, -0.004004222760705867, -0.0051981421937951095, -0.004197948178843953, -0.004897396233854278, -0.0030565362502403756, -0.003990157773684297, -6.882778087185846E-4, -0.003288927839995096, 8.092639296012449E-4, -0.0017831714174704762, 5.671006631621018E-4, -3.306085625031517E-4, 1.5989266933495157E-5, -2.888826723547023E-4, -1.1217366545773752E-4, -0.003032911466506613, -0.0032888563033044885, -0.0024700160001183357, -9.250136255944043E-4, -9.987902151219002E-4, 0.002090268071421998, -5.785611415513255E-4, 0.004753515895659391, 0.0016375063341964567, 0.005046878239841128, 0.003321258974884819, 0.00352710496736995, 0.004082663835686876, 0.0014184299778075729, 0.0028450056693594006, 5.117754592168473E-4, 8.997643686107974E-4, -7.568403054717355E-4, -7.675635074812734E-4, -0.0017920037663331956, 2.719255632654378E-4, -1.1158883925785512E-4, 1.5821054035450988E-4, -0.0022676329302785394, -0.0011603707819994814, -0.004882683306532901, -0.0035553150164503327, -0.007129838376687938, -0.006578560788652515, -0.008627158463662894, -0.005726679490644281, -0.007083948618541108, -0.0043263777330065836, -0.004218185958785235, -0.00289391696985657, -0.0010491596926941774, -5.965490850862248E-4, 3.8075416599829613E-4, 0.0018576070142385635, 0.0010689828113659135 ], [ 6.151086720529963E-4, 3.2286890014007703E-4, 0.0014609689204034024, 0.0013473046379474042, 0.004337162987730127, 0.002269980465464217, 0.008730749917973523, 0.005046780907083942, 0.012890309736116497, 0.008484175639438802, 0.014387739537417244, 0.01069051532349486, 0.014034424107076181, 0.013392119670711638, 0.013871648707104695, 0.014779711214789293, 0.013362367606956261, 0.01705095367820185, 0.014064801641150045, 0.016480357259824874, -3.132294178319859E-4, -0.0016921441955717411, -5.2086095199575174E-5, -0.006332746376776568, -0.003022446051541167, -0.008727936759195287, -0.006185069773252665, -0.008746358166239976, -0.004379378015301728, -0.005419924617803985, 3.5019409867749506E-4, 2.759963611324673E-4, 0.0028826325509102285, 0.005050210068483172, 0.00486823110773454, 0.007752983902116502, 0.006325804956075793, 0.00934204216785859, 0.007601741007835282, 0.009077889434513693, -9.434258229841711E-4, -0.0024674032877525323, 3.7748531461986634E-4, -0.004709891974270552, -5.953652660165495E-4, -0.006188306993160405, -0.004728081421108784, -0.007835998051961501, -0.005424959132519591, -0.00769524545376915, -0.0037889605635382695, -0.006036893319732622, -0.003045030332901051, -0.0019313841983690655, -0.0019522105529807563, 1.0299741507205961E-4, 2.4879390704813905E-4, 0.0014121491392507894, 0.0018120561312508195, 9.344805267652743E-4, -0.0018867417621232264, -0.00272709024177802, -0.0015993599535909916, -0.004793932058424462, -0.0044697042034352735, -0.005689421229526592, -0.009418825163210071, -0.007951080800038384, -0.011439671150720244, -0.009661132377506638, -0.011607201748184992, -0.010398959161624572, -0.010869353723995594, -0.009247088698244723, -0.010054083089859576, -0.0076273930832222395, -0.008330384395380495, -0.006628812299809794, -0.006999644777288483, -0.006510528670050195, 3.2496718253944266E-4, -4.422997011876814E-4, -1.970572206847534E-6, -0.0030300620770333927, -0.003068021528579278, -0.00593016418242627, -0.00482589902241091, -0.006166420067470286, -0.0032955753114575588, -0.004671628972406696, -0.0013766698341650876, -0.002316085603760161, -2.1909736019638137E-5, -1.393886962437689E-4, -1.8237610080967578E-4, 5.714080637465289E-4, -4.7985401199013744E-4, 9.385533567547986E-5, -9.006445508009647E-4, 4.2771337762073885E-5, -0.0031593395038043166, -0.0010653032578430116, -0.0041221823082493985, 0.003248941404070796, -0.0013898233772617985, 0.005921836514750135, 0.0038254024154032147, 0.008508224009443273, 0.0075322520081077815, 0.00966216461663011, 0.007814604678397062, 0.008857167095623307, 0.006349892127758233, 0.005048953363640844, 0.004682056967782642, 0.0015765571721387027, 0.003214422288417883, -0.0019638207698065104, 6.468354775113695E-4, -0.0027834327726445098, 1.7672139323785446E-4, 3.899035305896497E-4, -1.3882109930685594E-4, -0.0012189987157052212, -0.001569677131907199, -0.0030297225870065223, -0.003964567230821715, -0.004715869224029137, -0.007920819305443784, -0.005977268511240277, -0.008160996571693939, -0.004182842465869581, -0.005840368256759995, -0.0025775906184254786, -0.0033859643812651787, -2.72434414697795E-4, -5.580435000017356E-4, 0.001615960965169764, 0.0020924741354655966, 0.002478408018222038 ], [ 7.512464380901126E-6, 6.949755841937903E-4, 8.443838956271799E-4, 0.003285783601899714, 0.0029350302947434965, 0.008017589670704563, 0.005046780907083942, 0.014090951617864798, 0.010305260336963417, 0.017578297576786885, 0.01446632204880113, 0.019264026129230373, 0.015067644503195636, 0.019189638234316967, 0.01815450773563153, 0.018492652703144298, 0.019132534346288532, 0.02041802152905364, 0.019779579089636123, 0.020983691525445557, 5.027985829094789E-4, 0.0013249288140676015, -0.00166177491805956, -0.0029836767587707786, -0.008028525872309563, -0.005750704583301119, -0.010819727784209216, -0.005775705597935537, -0.007942677307210547, -0.0033293788040387666, -9.525970981832778E-4, 0.003073998141760799, 0.003016417853497825, 0.008785913576806486, 0.006926437042287104, 0.011091163641175307, 0.009348764135040615, 0.01243616688005157, 0.01059199700571576, 0.012340898278784294, -0.0013449349811105783, 2.7764858678570517E-4, -0.002045456806433441, -4.1552199931455024E-4, -0.00462326242805504, -0.003630393308591121, -0.004483751700891271, -0.007860140059755995, -0.005524061780552051, -0.005233183603148938, -0.006516509132484366, -0.002214214828759903, -0.006452757888843909, 3.706003426560256E-4, -0.0027063727486335435, 1.1156523716560724E-4, 4.385419865454193E-4, 0.0016329554686019732, 0.002107564579009804, 0.0014952467767881767, -0.001061859937158814, -4.306298051527739E-4, -0.002418057190850217, -0.0028734109703587776, -0.006260663159766041, -0.007409256227765407, -0.007536678323487642, -0.012937152776531256, -0.010366842188492278, -0.013000259927064316, -0.013050931280439562, -0.012306348443415948, -0.013532967251474385, -0.010871643871424568, -0.011941078717525016, -0.010265989868556431, -0.009771852518050052, -0.008653948433108289, -0.008684459431477167, -0.0078041159276060965, 0.0011806427580511494, 0.0013340016286725281, -1.0734234935806262E-4, -0.002387218565963988, -0.003785589168716791, -0.00555644539930033, -0.006664988047220095, -0.004699910012025761, -0.0058513235441973455, -0.0028280799955594633, -0.003833618571108803, 8.87713246491734E-4, -0.003083027086283069, 0.0023862628470491436, -0.0013326414283288397, 0.0011357861085600554, -1.0237735298613037E-4, -5.747239065181682E-4, -6.602476929256978E-4, -5.578066237232318E-4, -6.693917158329713E-4, -0.0012239199760057692, 6.440698370862746E-4, 0.002471758571703295, 0.004544445634427702, 0.00769063506083583, 0.006544769215344222, 0.013037568450903364, 0.0094675519892132, 0.013540525969535073, 0.010829688878788856, 0.010032113700161018, 0.010248059837518543, 0.005750125288050298, 0.005292331719626202, 0.0039813678572326525, 0.0013767343657402089, -2.3699458186566017E-4, -0.0010410454318117543, -0.0027539011494809437, 6.198782526016769E-4, 1.6751223582787438E-4, 3.405873249367392E-4, -0.002877829065645487, -0.0016107834708132085, -0.006443081705637541, -0.005042970928310879, -0.009977833313917328, -0.009617692148392561, -0.012694330766972843, -0.008785988870420347, -0.009929601286409573, -0.006429783826147469, -0.005558477237469324, -0.0038960215634555656, -6.643672509630372E-4, -2.952427784196065E-4, 0.0017722748572109735, 0.003506898584979414, 0.0028665660115468707 ], [ 0.001027205399009483, 0.001100027302174241, 0.0018515711713610735, 0.003248939034774416, 0.005905781228806413, 0.005403304998721636, 0.012890309736116497, 0.010305260336963417, 0.02251686642010131, 0.015766449143826782, 0.026978305137945146, 0.020439954953464904, 0.025992994736687033, 0.025525124610343463, 0.02698002570479689, 0.0277601110209748, 0.0269240231190113, 0.03207572257413386, 0.028454076734519558, 0.03183859436235293, 0.0015169220419598512, -1.112014124916922E-4, 0.0011301833608112228, -0.007594906444037619, -0.00545467356745019, -0.011982606211876483, -0.009395646986829655, -0.012273881852562753, -0.004978460194176148, -0.007263285285269706, 0.0034631296271180716, 0.0025895660402188436, 0.007876769282074678, 0.010892372844286922, 0.01097509011266239, 0.015613309861404263, 0.013086229141346856, 0.018073108626045383, 0.014745017163435957, 0.017814902767467732, -1.4175245858886716E-4, -0.0020615545632597376, 0.001473539139109902, -0.005629416449731369, -0.0012094886298492664, -0.008841586305938788, -0.007450851372907356, -0.012121288378106033, -0.008354446372756227, -0.011387415397159244, -0.0049586941051691265, -0.0073342502688924695, -0.003503824868903266, 9.812291907227376E-5, -0.0011395179151867526, 0.0032805635465011865, 0.0029901149797703806, 0.0057254509142001244, 0.005689467504822669, 0.004596813342651057, -0.001284492314761409, -0.002676276226128181, -0.0010266984937143953, -0.007212339182984492, -0.006734754223415182, -0.010141899069653475, -0.01464620692463355, -0.014855327081271354, -0.01975909119160319, -0.01701377451637308, -0.020246181798359908, -0.017303418181936092, -0.018705163927055946, -0.014732240412003657, -0.01703268751463607, -0.012293607538265947, -0.013808871611670267, -0.010327666343044856, -0.01156138733182359, -0.010270249475865351, 0.0013771634549627917, 1.5845808544345797E-4, 9.658423174155167E-4, -0.004287567750435564, -0.0035597909937788393, -0.00939524187786397, -0.006338332092550972, -0.009988149796005475, -0.002875713791575869, -0.00858064295323047, 9.197499965378671E-4, -0.004321916798017091, 0.0020873205410707903, -3.5004760759941125E-4, 8.6792013260239E-4, 6.583974595097633E-4, 2.9682809599642783E-5, -4.342506344164163E-4, -0.001046973522838663, -3.4543814860794815E-4, -0.0026594682629564026, 3.688851324284284E-4, -0.0036017596267394047, 0.007494849815414948, 0.001913901858998175, 0.01322440517209251, 0.009867862471434754, 0.01848217086195635, 0.015721817458954436, 0.02064896690952408, 0.015314652326537202, 0.017620504866208156, 0.01268845152856526, 0.009836418215456642, 0.00919243144445876, 0.003759024770284507, 0.005810247581888798, -0.002845966516112176, 7.891128695672667E-4, -0.004498032048234154, 4.935645069347769E-4, 7.466321303463806E-4, 1.0695484071030552E-5, -0.0019128612908542561, -0.0022891411087771736, -0.004730915253884008, -0.005933499556032589, -0.00741028256689456, -0.012615344945804971, -0.00929236084451275, -0.013285779204835247, -0.006717647390351897, -0.009270703157782405, -0.003981450288897208, -0.005174778086734638, 3.2002400950974664E-4, -3.9003548981389686E-4, 0.0031333589648560732, 0.004232336499949479, 0.004512340458023832 ], [ 1.1034157768149232E-4, 6.206081543781902E-4, 0.0013775146599651386, 0.0036106116018301674, 0.004730697222017479, 0.009148343893066558, 0.008484175639438802, 0.017578297576786885, 0.015766449143826782, 0.02408916194597491, 0.02134596919128162, 0.027134552258477822, 0.02241527690389998, 0.0279347852655935, 0.02643339722825077, 0.0280792262355351, 0.02795542587700307, 0.03081749863405628, 0.029417697263080876, 0.031124205845687147, 0.0019334826827898143, 0.002095015167353907, -4.6832740715593607E-4, -0.00424306462623673, -0.008372037335120649, -0.007719561859822311, -0.012537185373627004, -0.007671738278570932, -0.008380955808944858, -0.0034260986291318437, 4.980776838964783E-4, 0.005207416001175818, 0.0061146667817036215, 0.012641138743968423, 0.01076731149647016, 0.016240174351626124, 0.013393644551303362, 0.01825614450498352, 0.014581755475573744, 0.01813232097970514, -0.0011037057356953434, -1.4496802484709946E-4, -0.001319992440649822, -0.0024242240854910274, -0.005043003903336999, -0.006528813733017413, -0.007185274997585316, -0.011922927743904039, -0.009449679611255772, -0.007588376555374054, -0.009176912251188343, -0.002736178240389871, -0.00788592088211608, 0.0018009982131655187, -0.002503658876283834, 0.0025975014544303947, 0.0025025189675274783, 0.004706220785312079, 0.005679063863334423, 0.004104069930974339, -8.16670823125949E-4, -6.443921313445161E-4, -0.0022145184289152813, -0.004816930292413024, -0.008435366557581453, -0.010196325789111083, -0.012367951273557344, -0.017659377497707227, -0.01647087765926912, -0.018270864288429188, -0.01889015978902981, -0.0172221597484655, -0.018615483464949244, -0.014902086784153322, -0.01612046760018286, -0.013357464052888093, -0.012936171515302505, -0.010841986252503908, -0.011024115002229374, -0.009914268600236137, 0.0026018724049846906, 0.002495512860426868, 8.309937343692062E-4, -0.0024795534786926127, -0.003838724986644903, -0.0070815574675941705, -0.007553007398197843, -0.006259446566279064, -0.006454083542490171, -0.0037196098342914567, -0.004122844866049664, 0.0014890764581685883, -0.0030413932610375643, 0.0033462175930796677, -0.001279998269726579, 0.0018715193101591292, -4.0112788348482223E-4, -6.569509702723419E-4, -0.0014384145414266824, -6.337782797724332E-4, -3.170966535712927E-4, 1.0317289042368424E-4, 8.329958151558472E-4, 0.006002171003555083, 0.006593830034304511, 0.012686155387866804, 0.011166087786349118, 0.019736872471815638, 0.01568672066700003, 0.020718839197076414, 0.016857489966241226, 0.015873612707333506, 0.01494625574086721, 0.009503209276609343, 0.008472650532979142, 0.0054195332000082485, 0.0032682932508609824, -7.334880076724577E-4, -6.020033478396886E-4, -0.00420075742565074, 8.679259467403535E-4, 5.585901156949166E-4, 3.57224132852035E-4, -0.0027649834828037856, -0.001867252669500696, -0.006803077145772511, -0.005703224631099796, -0.01092781605363338, -0.010962158818339842, -0.014869211082689918, -0.010631377370497583, -0.01170142670058797, -0.007304083605969771, -0.0066089787126400994, -0.004106812983545918, -5.044830300993475E-4, 3.665182708862091E-4, 0.00281956472993663, 0.004907883444995272, 0.004463498914618019 ], [ 0.0012721529835329, 0.0015358276167022381, 0.0023514495169672093, 0.004122993535644388, 0.006822030582295301, 0.0075008913982658075, 0.014387739537417244, 0.01446632204880113, 0.026978305137945146, 0.02134596919128162, 0.035482328410244346, 0.027403697257795012, 0.034568027722504606, 0.03358691621427922, 0.036842868692362404, 0.036371527971517284, 0.03725036488370748, 0.04195756951763006, 0.03907960085788055, 0.042323244930034136, 0.002483626695501658, 0.0013175344573314507, 0.0011152267646524095, -0.007422372445619911, -0.008048128727369517, -0.012753976213092068, -0.012186265410882288, -0.013172484482300873, -0.005388437606245133, -0.006770590189335758, 0.005094802083175488, 0.004930983027076068, 0.010638755110974245, 0.014922901287863069, 0.014268263156837598, 0.02008242646937806, 0.01662982147340221, 0.02294540321808706, 0.018109509374905006, 0.022486111212366752, -3.235297483978424E-4, -0.0023806687562032696, 0.001360550554723928, -0.006818800944313141, -0.0031504294404378526, -0.011641208439834986, -0.010938002398813183, -0.01664968963146099, -0.012799339973188334, -0.015844274301681695, -0.007215966779868569, -0.00918681749789957, -0.0050954732948169466, 0.0011000989504124105, -4.953597501715877E-4, 0.005035152045779086, 0.005675139737574944, 0.00857978685000383, 0.009003412288348523, 0.007272001502041827, -0.0015928667831195127, -0.0032208505558226105, -0.001652256830682194, -0.008952915585058799, -0.00949910893252261, -0.013629608420972945, -0.018312803553645996, -0.02053288376339954, -0.025047756649974908, -0.02307323443675942, -0.026686042913712266, -0.022411711054364254, -0.024685472721051357, -0.01868543304333606, -0.021691275522946835, -0.01580527558634859, -0.017171463155946195, -0.012894832121507887, -0.014406737600103312, -0.012722539049244825, 0.0024194285440393604, 0.0010956013134922008, 0.0015760332046964847, -0.004712966449410652, -0.0035899248106562695, -0.011489042639931585, -0.007046766463923594, -0.0125031496555906, -0.0030882259141470714, -0.011889529805939424, 0.001924493278085936, -0.005900578283685162, 0.0025058497862892747, -6.923503409227922E-4, 4.288803333831937E-4, 5.511032485947113E-4, -4.5018838277600216E-4, -0.0012009312310831217, -0.0015389652340702972, -8.50838003926713E-4, -0.00444194203267229, -0.0013149287611092532, -0.004772358525879805, 0.0076387711155438244, 0.0031164952667710037, 0.016015850359980727, 0.01262896202383526, 0.023860243543939525, 0.019871246552171023, 0.027330143533385427, 0.019372027713605525, 0.02308213994275923, 0.016460825112484728, 0.013360971813699602, 0.011520473225744558, 0.006197860048022201, 0.006587758699894878, -0.002771525410303783, 6.039052088291511E-4, -0.00568417740020765, 0.001339910537330871, 0.0019096446498918218, 5.126573887960251E-4, -0.0010662688655185175, -0.0018919194762703683, -0.004054815386393982, -0.005513273929705782, -0.006830260207405163, -0.013267818787310912, -0.008258263414341976, -0.015303944463088796, -0.005771819951990758, -0.010036344165595882, -0.0027802113222788957, -0.004928956047926908, 0.0018550162828013968, 6.653529373591993E-4, 0.0048854459654471116, 0.005821229983482821, 0.006285981115330167 ], [ 6.580619497375685E-4, 0.001201890554759325, 0.0019218068904869995, 0.004326394358555647, 0.0056365186512561645, 0.00996240823318895, 0.01069051532349486, 0.019264026129230373, 0.020439954953464904, 0.027134552258477822, 0.027403697257795012, 0.03342515013660669, 0.028612982253881265, 0.03611715941984629, 0.03435803841404729, 0.03698360078753947, 0.03713508802066633, 0.040591801878647006, 0.03914440362470171, 0.04086197129265875, 0.0026139959728168523, 0.0024137512426381843, 3.1499026248341176E-4, -0.004931590684266778, -0.0089720626713499, -0.008479079935698892, -0.013489130620965623, -0.007673067224761637, -0.0072988609455358865, -0.0023160469700821344, 0.002852834814225327, 0.007248988179235242, 0.009388856329603486, 0.015718166316361602, 0.01395397553083686, 0.020015693086433254, 0.01654622875445557, 0.022408558592935272, 0.017493465115569, 0.02246623318496885, -0.0011411670153422607, -7.876927256453324E-4, -0.0010929735428270096, -0.0052699951960936625, -0.005941229595043669, -0.011300519177001844, -0.010195941133145585, -0.018315564099461498, -0.014088083654830046, -0.012703381619746237, -0.011636028513901416, -0.003616970280187425, -0.009255818515873971, 0.004342829043873621, -0.001847409018758589, 0.006535992042541323, 0.00558344702580812, 0.009135020305159001, 0.010190370837560202, 0.007875906513966904, -0.0016361868599475227, -0.0017559391193627755, -0.0031506511277794164, -0.008007496797146083, -0.010666125257585892, -0.01445690741704307, -0.016762690742034514, -0.0230330582071337, -0.022919952726833802, -0.02329643220833365, -0.02487487181117775, -0.021627814281293855, -0.023586430184709527, -0.01779931894330418, -0.02015012456211963, -0.015135532595133222, -0.01571938536862882, -0.01202230143309047, -0.012690649899377066, -0.011325954714195549, 0.003593297030253086, 0.0030294315381