{
  "weights" : [ 0.5801506880881273, 0.5838300592173634, 0.5797062104943131, 0.5968419499649071, 0.5875416961158363, 0.6007661223046087, 0.573631705415454, 0.5898349038291866, 0.5333076044016012, 0.5614569086752267, 0.4946516513887377, 0.5115511354839137, 0.47388300686358, 0.4723949648683879, 0.44813040111411684, 0.44019091441188674, 0.43018440315966955, 0.42332046711485094, 0.4157614446417419, 0.4142922899535122, 0.06342584199354181, 0.07200893859091896, 0.06946108311542772, 0.08681317577849582, 0.07626471957134363, 0.09756862775332173, 0.07344387734880882, 0.08187141983294116, 0.03234686009741738, 0.05720750661191652, 0.0380598060054723, 0.06195479754912857, 0.046850553680897467, 0.058859039474545086, 0.060561476093875015, 0.05174232682261755, 0.061027629866375444, 0.02931407778500233, 0.05621055176552049, -0.0023107937585708596, -0.6216718634479993, -0.6302570123271724, -0.6068715416852777, -0.5680294352843419, -0.548821302053454, -0.4925522497727729, -0.4745730683816326, -0.41856239378787025, -0.4347470946443149, -0.394833227408184, -0.5065116768550846, -0.4550085931751074, -0.5423747207495662, -0.5111240522247849, -0.5585064164631681, -0.5423324830765828, -0.5726348991016623, -0.5502618252998603, -0.57931535302081, -0.5502538994590533, 0.4946419299697724, 0.48398425288121927, 0.5109773674588886, 0.5394123360180642, 0.5523662505168565, 0.5906264891002712, 0.6040357125805824, 0.6374167675635556, 0.6482199605633583, 0.6644857151864827, 0.6371321626821222, 0.6574177410503075, 0.6258142047788503, 0.6380885915027691, 0.6228933754999296, 0.6287728758134242, 0.6141753888888436, 0.6254804110813187, 0.6136407361323596, 0.6351349687186242, 0.3668961184464068, 0.38286196115998206, 0.34998666294531317, 0.3506410379490403, 0.3152435002110081, 0.3119251995130669, 0.28135767438848613, 0.25938708481438894, 0.22886538976010692, 0.2014481570793151, 0.1698323506297332, 0.13741070009718126, 0.1099478254425415, 0.0914205704726123, 0.06817514408924291, 0.05238939402602157, 0.04996985081046655, 0.03251423823907267, 0.039306823858213887, 0.025891021345842667, -0.11357983445281178, -0.12427729222960575, -0.11055730721894247, -0.15174150691472607, -0.12978459336814463, -0.17196999766736573, -0.17048793187294006, -0.1916509640498683, -0.1879932356812467, -0.1962222519692294, -0.16587159635790386, -0.1646116267237602, -0.13017930344493647, -0.11193416557658596, -0.09414051516473662, -0.05786922845150238, -0.05320368134480044, -0.009973476236408606, -0.012538657086259297, 0.011292876272399287, -0.1313842645149748, -0.13167767629859817, -0.13474598434967436, -0.15726132292699424, -0.16098033404368245, -0.1849829371215948, -0.18786978027501874, -0.20917669256894664, -0.19519477451829562, -0.19286725884921974, -0.12709489185644895, -0.12089473869525562, -0.07371385190456682, -0.05894204693580359, -0.015688482200173826, -0.006009047540313023, 0.02903415700300433, 0.025878865672986723, 0.051589479442515206, 0.03245655736468551 ],
  "covariance" : [ [ 0.0013137250104432304, 3.454039558225948E-4, 0.0018460929814726296, -6.000349022813808E-5, 0.0020012262980422697, -3.42558036555615E-4, 0.0016473712090469615, -2.5842975121347187E-4, 0.0017799498700632392, 4.227085464347952E-4, 0.001992758763883166, 0.0012638066471240862, 0.0022843217120499565, 0.001835642169826242, 0.002817781367619306, 0.0022150327376976252, 0.0029395976447956582, 0.0023384497369797427, 0.0030457393220969884, 0.002425234380693817, -9.452696172316904E-4, -4.953808948282022E-4, -0.0012270991380143518, -5.245316611647902E-4, -0.0015351553136788351, -0.0011157405403134488, -7.968514999834453E-4, -0.0016229609857373282, -6.361868445184887E-4, -5.225693305965084E-4, -8.528038992538999E-4, -4.230860538744482E-4, -3.5933413873012916E-4, -4.871476949190231E-4, -1.9370879287688625E-4, -5.639177521331285E-4, -3.453073034636959E-5, -6.239398036631749E-4, -1.8239148274980414E-4, -2.4900067553425514E-4, -4.8727956567243963E-4, -1.0629487039320746E-4, -9.63732871296914E-4, -3.673808869963213E-4, -0.001510115741770736, -0.0013287284221979042, -0.0017561235572836934, -0.002889130884057629, -0.00142651155119462, -0.0036328999397738236, -7.664575737457394E-4, -0.0026433990296732966, -3.159870785611066E-4, -0.0017313379260454312, 1.1314716009455284E-5, -0.001018605177652101, 5.779974941952699E-4, -7.675842771656394E-4, 9.949496137899169E-4, -3.7804186562690004E-4, -0.001680192707071046, -7.818550362937445E-4, -0.0024478481714342235, -7.223791503435493E-4, -0.002876811287039526, -0.0010223408363303232, -0.00266967746080596, -0.0019208887322041356, -0.0022105178252222126, -0.0027220732732569242, -0.002029425675098597, -0.0025783187488347477, -0.001689330128121952, -0.002306799400211949, -0.0016018389587762955, -0.0019334163845130406, -0.0011074748320961507, -0.0015680400368491667, -7.138444270586604E-4, -0.0013136035367761344, -0.0010455671501910994, -8.111237098673986E-4, -0.0010552760318449264, -8.677960434496547E-4, -0.001010852995437029, -0.0014844274456309152, -5.189675693929127E-4, -0.002067580231507391, -6.280836755475571E-4, -0.0015206094267995831, -5.023107432593609E-4, -0.0011309427657705449, 2.3077849524619626E-5, -9.508591288138788E-4, 7.473521311955829E-5, -4.325034108741729E-4, -1.405766183390236E-4, -2.685956418653179E-4, -3.434839929771207E-4, -5.2800250932099416E-5, -0.0028995040539226066, -0.003647441738323262, -0.00229192505231804, -0.0031568999334487076, -0.0014891584881418195, -0.0018786398830761182, -0.0013112872194299802, -1.974479038999956E-4, -6.980221235345766E-4, 6.247498247370837E-4, -4.2761884259155376E-4, 0.001082920174856347, -5.132723983432754E-4, 0.0011248972970616482, -3.654624434349697E-4, 7.781282988136078E-4, -4.0463820422128796E-4, 4.937671738244069E-4, -5.46891099777402E-4, -1.0900050221452686E-4, 5.314630276681005E-4, 9.017933338728272E-4, 3.5250326767931474E-4, 0.001241842521645275, 3.071767969965789E-4, 0.0017140942360028093, 7.497006546693376E-4, 0.0021881187759865907, 4.629562754865802E-4, 0.0024707806282596653, 2.1700497367895484E-4, 0.001806252736640421, 2.1820273483587652E-4, 0.0014041173305129422, 2.1045351230341585E-4, 5.464971520423791E-4, 4.176123089685487E-4, 4.462706714886064E-4, 3.4883731745772656E-4, 4.8752042226085467E-4 ], [ 3.454039558225948E-4, 0.0010037001409376987, 1.0265797485561881E-4, 7.619724512546841E-4, 3.2213380063142834E-4, 5.587236399775008E-4, 5.745838674801166E-4, 1.551249702312937E-4, 0.0013596401168936639, -4.808813175614993E-5, 0.0016749509107955177, 1.3860638996281139E-4, 0.0014802044214709423, 2.5587116451525907E-4, 0.001235119955929216, 7.092606728268588E-4, 6.464957536836469E-4, 9.039293579129133E-4, 6.200701046768666E-4, 8.319575550769907E-4, -9.097770861896308E-4, -0.0010524078339888233, -9.685610032223658E-4, -9.57585000966911E-4, -0.0015918655766494784, -0.001152043817679416, -0.0013763690773442754, -0.0013040994596412838, -8.486465479513258E-4, -0.0016000352374558274, -7.428749494997143E-4, -0.0015428530594077969, -6.839866318206192E-4, -0.001188181501684086, -6.65166761504547E-4, -0.001108082778873384, -5.609534650890573E-4, -0.001045237635203755, -5.977634815607852E-4, -9.543117251668114E-4, -4.8066008857778383E-4, -1.688650523254161E-4, -7.453549109153294E-4, -4.0380150784499107E-4, -0.0011267955258439527, -5.091697225563135E-4, -0.001502141323677785, -7.547094560652939E-4, -0.0012665659197670415, -0.0013935881753410612, -8.76436210402629E-4, -0.001404679481280289, -0.001113446260767369, -0.0010907719655237002, -0.001327673328320001, -6.218107376460309E-4, -0.0015443403930392315, -5.489023792683178E-4, -0.001144231253935077, -7.478753669400464E-4, -6.800596082768215E-4, -9.85780038791589E-4, -6.591005788259664E-4, -8.831809183386968E-4, -0.001068885421411411, -4.803516999691858E-4, -0.0014286607947623443, -3.6265905442821295E-4, -0.0016318353767632357, -6.220287136639031E-4, -0.0015497793661216482, -8.624724724964542E-4, -0.001466660510353174, -8.238657202949819E-4, -0.0015639666667536317, -6.727746336078259E-4, -0.0015459148514129428, -7.646516865472007E-4, -0.0012137297259321343, -9.320265180799708E-4, -5.055084347568721E-4, -8.322579462976211E-4, -3.2955171883722214E-4, -7.599497661219891E-4, -4.033383271750656E-4, -9.797090178397224E-4, -1.918109605054637E-4, -9.846153119941877E-4, -3.978558647292153E-4, -6.990535326144018E-4, -4.1269719531113934E-4, -4.597438580434246E-4, -1.492713944090309E-4, -3.2937416485296023E-4, -1.4040742331749117E-4, -2.659604880236405E-4, 2.291874108397487E-4, -2.8890907712761084E-4, 6.536246416342696E-5, -4.625513983230391E-5, -0.002239579198776113, -0.0021373940631170584, -0.0022462952900575393, -0.0017879864974164011, -0.002015861226341906, -0.0013445793673304408, -0.0017023610275181547, -0.0013646775624087874, -0.0013862400383087429, -8.43252095691195E-4, -0.0013412605806405584, -1.3444763941247142E-4, -0.0011521712009927969, -4.735676345177184E-5, -5.522606336595842E-4, -2.997083802354954E-4, -1.1468003905628856E-4, -4.1891549578990854E-4, -3.6599067647897666E-5, -3.5327879770749387E-4, 2.3946253297678686E-4, 2.848441073871661E-4, 2.4848549561439843E-4, 3.5018672548278176E-4, 1.8981877895943948E-4, 2.0803849501156154E-4, 2.8080222134329403E-4, 7.165973900046842E-5, 1.2826303844581743E-4, -1.0312022358904335E-4, 1.9054456448388287E-5, -3.114588750915353E-4, -1.1358215937690075E-4, -3.697096322440229E-5, -1.885042732540764E-5, -2.199750773463459E-4, 1.1095149062468189E-4, 4.3751061608754877E-5, 3.2464171501659213E-4, 1.0643734079499235E-4 ], [ 0.0018460929814726296, 1.0265797485561881E-4, 0.0031741118637626476, -2.9573822855127354E-4, 0.003637213668909195, -2.3778270207082871E-4, 0.0029555192314584832, 4.279616806795686E-4, 0.0027913550649245633, 0.0019355146292801687, 0.003114372578631656, 0.0031522430100030074, 0.003782462992751993, 0.003740361899446429, 0.004693922188681791, 0.004284686825294002, 0.00476680963196728, 0.004418102644675818, 0.005050409641765213, 0.0043547246331133585, -0.0014516954296837571, -7.18637558149039E-4, -0.0020148150738630347, -0.0010567077173337142, -0.0024388815379393428, -0.0018959643994957893, -0.0016233921025342974, -0.002980358519947171, -0.0012713083844604978, -7.381415353514636E-4, -0.0010884833311798135, -2.5656703669210955E-4, -3.6821012759005495E-4, -1.251305260857027E-4, 8.876953611461413E-5, -1.1626376192095104E-4, 2.9518220857252227E-4, -1.048597054708233E-4, 2.0124285325447052E-4, 6.048985418462191E-4, -0.0010956561837715717, -1.3946506538327632E-4, -0.0018145069149952836, -5.900858314093088E-4, -0.0026153111255349812, -0.0020561832667371125, -0.003125520206049327, -0.004642870489322839, -0.0031805160093011037, -0.005952139147122679, -0.0024183852910725358, -0.004477783923477657, -0.0010295340053280866, -0.003311720926208032, -3.802612437066107E-5, -0.0020428908250570013, 0.001042885652457917, -0.0015152712013301738, 0.0017564711987838272, -6.811662133055049E-4, -0.002924223934544584, -0.0010196193293322082, -0.00447966263128401, -0.0010473088665035575, -0.004990470093252077, -0.0019120136247944045, -0.004415278682697673, -0.003556025303133872, -0.003615067888714689, -0.005047295749055444, -0.003601753283879555, -0.004926673414695154, -0.002998716716078105, -0.004583965014021738, -0.0027569323978634476, -0.00393326753435265, -0.0019495663264978776, -0.003298040254188326, -0.001331889703034468, -0.002616552604504193, -0.0014609251133513063, -0.0010885929876964411, -0.0017725144677479484, -0.0014078947359623712, -0.0022092738280715123, -0.0024817928520666577, -0.0019136664189622953, -0.003601572474374177, -0.00221411342466733, -0.0027617477566128233, -0.0019975851437917355, -0.0019454525038048198, -9.173871926054112E-4, -0.0015161148754901756, -2.197994439787723E-4, -7.497974288511609E-4, -3.4205365161168327E-4, -3.823285970270963E-4, -5.768975087349343E-4, -3.242987833862506E-5, -0.004406063425646169, -0.005779562716271013, -0.0032525279571606618, -0.004946569118295876, -0.0018131520741578656, -0.00310967215187048, -0.0014848318755053397, -1.0356930339789944E-4, -3.4666482770313335E-4, 0.0013893373109802574, 3.7995428258128867E-4, 0.002070664710551487, -5.854212972171569E-6, 0.002218435955485644, -2.80560944156934E-4, 0.0016254998517691104, -5.957326509906355E-4, 0.0010023353848294806, -0.001001028562781882, -3.636608280393651E-4, 8.211786317670876E-4, 0.0012100921778557126, 5.502592027620801E-4, 0.0015028570210914455, 3.191725910317123E-4, 0.0019412478112768078, 9.228691853414539E-4, 0.002176053068879983, 5.634040015602837E-4, 0.0026770641424139494, 3.957107359229648E-4, 0.0020169750157692508, 2.608245992828742E-4, 0.001702573167469815, 1.3645175603002182E-4, 7.918755038287384E-4, 4.19345785706761E-4, 7.550878789918879E-4, 3.9714283268977094E-4, 8.03324972515147E-4 ], [ -6.000349022813808E-5, 7.619724512546841E-4, -2.9573822855127354E-4, 0.0015384351653960255, 3.790484205759868E-4, 0.0022275980930440264, 0.0019938772044156726, 0.002525070742030465, 0.003999973310092123, 0.003056099566404395, 0.004632058097838758, 0.003345078917519318, 0.004461318195695979, 0.003528374712895598, 0.004136936394118397, 0.003936881477895817, 0.003850542897320147, 0.00446851625855889, 0.003942568503249041, 0.004545625585855758, -6.588835722772385E-4, -8.908059859577302E-4, -8.689747539662598E-4, -0.00227521044004468, -0.002500916189739705, -0.003010300291926794, -0.0032320986011863955, -0.003338022714418203, -0.0022393745457546877, -0.002963517171639555, -6.11226713066396E-4, -0.0012999331533573824, 3.7153439115319325E-4, 5.603962284099373E-4, 0.0010320754399283317, 0.0017279161477726096, 0.00123955566365087, 0.0023819853003942877, 0.0016367549974470447, 0.002126662298695854, -7.213366002109348E-4, -5.506893320300516E-4, -8.441250668395233E-4, -8.72843765444253E-4, -0.0014005167303851077, -0.0011460491529028134, -0.002299835714016224, -0.0012739803421502793, -0.0022930532814528994, -0.0012945358194678472, -0.0020478832744248877, -0.0017999641522744485, -0.00195371577185445, -0.0013671716285830193, -0.002061764954155357, -7.854483985862507E-4, -0.0019882067074460876, -4.103513580563306E-4, -0.001307782791229646, -6.284048593988939E-4, -6.501038269498127E-4, -0.0011413610802576207, -5.851958083725972E-4, -0.001806559825908108, -0.001365176071412041, -0.002196691216669679, -0.002804628062955989, -0.0023291063960342705, -0.0038057355332565754, -0.0024874188131198383, -0.004138599658284232, -0.003057317266695193, -0.004133210375788879, -0.0029894127316661134, -0.004186347368599181, -0.002632685214154427, -0.003899903605456021, -0.002475136410948539, -0.0033295228528439774, -0.0025649171434370976, -2.004805499573338E-4, -4.865374285054913E-4, -2.141259955805994E-4, -0.0014669620680067715, -0.001097490020126417, -0.002242284525507205, -0.0014605520093157799, -0.0022789795585944897, -0.0011627380697221677, -0.001565794162064735, -6.004226012166871E-4, -8.259546488316511E-4, -1.550744112698832E-5, -1.5026635136123948E-4, 1.672957065329488E-4, -2.1163788385152846E-5, 4.1880994475181597E-4, -1.6965994640083773E-4, 6.976168943158407E-5, -1.2227769993554944E-4, -0.0014470757087229219, -0.0013533035326927872, -0.0013773930901756725, -1.6699500336059077E-4, -6.661573585087215E-4, 8.760759435319782E-4, 4.6149281832008794E-4, 0.0012166256402104123, 0.0012187178355982152, 0.0017389994156370952, 0.0010786463827466653, 0.001852017676619311, 7.843777913985351E-4, 8.627101792081751E-4, 6.851338825025656E-4, -2.5204088910556395E-4, 4.874480183011451E-4, -9.681980136509934E-4, -1.062646502148027E-4, -0.0010126242663407255, -6.799103239044207E-5, -1.140732637285269E-4, -1.2332778390505792E-4, -8.33208386443126E-4, -8.417884145012566E-4, -0.001856588897428225, -0.0020430123349798697, -0.0030714252658570677, -0.003324988454787847, -0.0041080203759877535, -0.003052090853377533, -0.0033021373157236405, -0.0025352430321746856, -0.0021209091750049136, -0.0014742812062125544, -7.995510918699454E-4, -5.651747029495331E-4, 1.9780359377778842E-4, 6.614937126579879E-4, 4.4268986633217897E-4 ], [ 0.0020012262980422697, 3.2213380063142834E-4, 0.003637213668909195, 3.790484205759868E-4, 0.005610436267535341, 8.094761810608342E-4, 0.006859235009201796, 0.0025084138320664545, 0.008448906483230705, 0.005631548185726183, 0.00912862449049042, 0.007643426555739144, 0.009814432570535069, 0.008705813007776876, 0.010658012739059586, 0.009772058360151088, 0.01035881887824557, 0.010731518094919571, 0.010907470165671777, 0.010622222547393322, -0.0017143625809865491, -0.0012716325966967068, -0.0023111412295206044, -0.003653408782740429, -0.003871269664867726, -0.005995774318668938, -0.00350659769474441, -0.007681302599118438, -0.002190638217711747, -0.003954373498233775, 2.0091569129742792E-5, -5.383885127516798E-4, 0.0015296326363633944, 0.0016994885587703215, 0.0030531420793578528, 0.0029179767810460296, 0.0036937714772914848, 0.0036748863447307995, 0.004074933296998846, 0.004550377628275147, -0.001921786181663008, -3.7430181212669365E-4, -0.0027161448588100654, -0.0017323763869476552, -0.003666323162153339, -0.0038526454840690345, -0.005549541135641424, -0.006931714427031775, -0.006031830401586959, -0.00856295345044467, -0.0049534476842164965, -0.007273297403571118, -0.0024948748955939916, -0.005246370252616635, -0.0011531974795696812, -0.002898793296711664, 5.423651904315652E-4, -0.0017287579332744686, 0.0018410192041845024, -8.703565477183213E-4, -0.0038437475454351144, -0.001631233804976157, -0.005634529198744965, -0.002567574002649409, -0.007123639731825348, -0.0038836794064046535, -0.008209165503586045, -0.006149154449715737, -0.008528872977866163, -0.00840522167819233, -0.008599885110731457, -0.009058526728905647, -0.0075442060169371265, -0.00861270881443091, -0.00719826915025309, -0.00739384939887555, -0.005915173194427337, -0.006547820255786051, -0.00476685134831728, -0.0056727438449720715, -0.001454013100720956, -0.001467515941426197, -0.0019257534829275965, -0.002771389043769001, -0.003798590305617836, -0.005176433235792312, -0.00415425410259145, -0.007065936857492026, -0.003982469796440079, -0.00570447940987121, -0.0031499461129559534, -0.0039034601420096836, -0.0010349557804641535, -0.0025554424383323, 1.4265007544203313E-4, -0.0012427098798584281, 1.63797346126962E-4, -6.403837606753717E-4, -4.0595064905045637E-4, -2.757717881723043E-5, -0.0053269905687683815, -0.0068873705146106825, -0.004011720772137363, -0.004650601419419549, -0.0017805503705944328, -0.0016143696838279843, -1.978071923849466E-5, 0.0026163840718262466, 0.002406344479062572, 0.004928173429286415, 0.00328088054781799, 0.0055464781218045045, 0.002065855999844789, 0.0045027499745939874, 0.0011439934283591076, 0.002500198496378714, 7.002693645387443E-5, 6.388991701464515E-4, -0.0014528117706313626, -0.0013345897574125601, 6.562768738537322E-4, 9.685034605201683E-4, 2.4769053347791604E-4, 6.985453011814471E-4, -0.001026800546979771, 1.861681007809197E-4, -0.0013009521048472409, -0.0010019747987876743, -0.002972681903195394, -0.001266861165100773, -0.0027398923052044505, -9.187056222592543E-4, -0.0024047766773420067, -1.1577354276725934E-4, -0.0013441241620644508, 2.3511572866201927E-4, -3.916284492927425E-5, 0.0012609243818737066, 0.0011727395653479762, 0.0016058145243015227 ], [ -3.42558036555615E-4, 5.587236399775008E-4, -2.3778270207082871E-4, 0.0022275980930440264, 8.094761810608342E-4, 0.004598679742172079, 0.0028120403495017886, 0.006392148058199296, 0.005482555575132121, 0.007900252522024144, 0.006358018450058917, 0.007992148892777827, 0.006658421251369628, 0.007778180568129735, 0.00652431477325966, 0.008078749631584352, 0.006665931803578428, 0.008450206125851924, 0.007219667835407968, 0.008334613105628495, -7.171197301692548E-4, -5.158593208577466E-4, -0.0015630490907793736, -0.0029834272345967226, -0.004311667173626963, -0.0043348435743692645, -0.00620133805820393, -0.005108435703689399, -0.0051322548183166195, -0.0037946729384214003, -0.0019115424478830675, -9.043792838181405E-4, 4.307578188942132E-5, 0.0021909949342474744, 0.0018733486041433473, 0.003981991095782295, 0.0025710856098939572, 0.004984020839439344, 0.0032584863722116744, 0.004827946580134098, -0.0013279337999832505, -3.800289411360772E-4, -0.001805693933580386, -7.068062857714199E-4, -0.002543953831733383, -0.0015664521566338121, -0.0033681138611561055, -0.0021619435143365087, -0.00368796324339434, -0.0016440842475643322, -0.004052882597095641, -0.0022982151593768647, -0.003597825754562106, -0.0019517930868335625, -0.0033073813673622403, -0.0012332577712350773, -0.0028763967025701677, -6.950277005078961E-4, -0.0015076717683187688, -9.42229046045068E-4, -0.0010430088133250345, -0.001048172341237098, -0.0014418744292848766, -0.002466626749528294, -0.0024252511773401966, -0.004513199313358035, -0.004131756896483678, -0.005513450230617913, -0.0055373100659565164, -0.0056506660313674064, -0.00646954145409507, -0.006059534812373909, -0.006855525640272289, -0.005690468014338345, -0.006863264502448516, -0.005016808775597509, -0.006234375347728089, -0.004539830170700121, -0.005332690647007836, -0.004436941590535913, -5.163875747839583E-6, -3.875864903959374E-4, -2.898417212665586E-4, -0.002270273406389454, -0.002287401091887303, -0.003019597837483584, -0.0037195008555571123, -0.0024727614699165184, -0.0035631124514519485, -5.279299371157173E-4, -0.0027602445123934465, 5.841121928452857E-4, -0.0011069460168451023, 6.951610736159697E-4, 4.108295504493857E-4, 5.5549816144592487E-5, 9.481621342440419E-4, -4.4421513636974354E-4, 7.090166771432753E-5, -2.478501127005829E-4, -0.0010300684254462512, -0.0013905463480692352, -5.527617162387216E-4, 7.041971962761384E-4, 7.873919900763002E-4, 0.0026455585224414466, 0.002472124131553542, 0.0038026006067207988, 0.0037678945578560443, 0.0042933265343931045, 0.0038243113121812955, 0.0035495804339892895, 0.0031818043242808017, 0.0017116479327344435, 0.001976810905898179, -1.0764127282866929E-4, 9.218206506905902E-4, -0.0011243251560609567, -3.248510917088216E-4, -0.0017668451821619643, -2.665766234153337E-4, -4.474546178921517E-4, -4.19111932931691E-4, -0.0019276717339644445, -0.001861739065464574, -0.004145562276505622, -0.004086934778968951, -0.007011395283376719, -0.006087684980503805, -0.009051509675463514, -0.005082653516744556, -0.006933007440870501, -0.004505980787569195, -0.004333480066435851, -0.0027571424803227254, -0.0014819190503974342, -0.0011870737404718764, 4.590477173815472E-4, 8.684159424538957E-4, 8.46983037625407E-4 ], [ 0.0016473712090469615, 5.745838674801166E-4, 0.0029555192314584832, 0.0019938772044156726, 0.006859235009201796, 0.0028120403495017886, 0.013631924082039466, 0.005485010834284128, 0.020301437887551392, 0.01113348674649656, 0.02254480415710319, 0.015112422384748967, 0.022757090487735606, 0.018605395451902075, 0.023214681910580934, 0.021151061707957615, 0.022839596069081727, 0.02452737333848061, 0.023721603492069903, 0.024786609229461336, -9.77385580003454E-4, -0.0018219988771944365, -9.403866964279345E-4, -0.008442874621354512, -0.005450582508175989, -0.012860725073171072, -0.006218747123523218, -0.014369378659548702, -0.002279898679855987, -0.008841752053196464, 0.003522274676634579, -6.265751052587383E-4, 0.006788983232399999, 0.006027194048504529, 0.008800717800075677, 0.01000375556721688, 0.009671289904586192, 0.012249282434075118, 0.01095660071969056, 0.012596415742836108, -0.002296220574982127, -0.0020256750126644036, -0.002029185934866921, -0.005640227501569363, -0.004138760393162684, -0.009006480004846936, -0.009714785302932242, -0.012150877569717576, -0.010685505443730385, -0.013061841652532795, -0.007263623358755176, -0.011411844530496667, -0.0029162230321991304, -0.006388207006520347, -0.0010438764462887798, -0.0017927171001728614, 0.001881226510393956, 9.580639848837525E-4, 0.003753056249423276, 0.0014315537828776042, -0.004040061666358851, -0.0030361255711156268, -0.005042735682450348, -0.006779785498488445, -0.008814614901559222, -0.009069503394475119, -0.015054719570614003, -0.011839073124284673, -0.018760329441713842, -0.014621825959527969, -0.018498453754921675, -0.01618033779544644, -0.016053301868848964, -0.015071592990447061, -0.014753169741901263, -0.0127225252824687, -0.012108041043307836, -0.011205574330964778, -0.010216201966255008, -0.010240253907550161, -0.0012527083250898515, -0.0016560460547393563, -0.0017083320375666975, -0.004661667011657515, -0.005442816084342169, -0.009578166411790233, -0.006277643238286277, -0.012494052423836718, -0.0037275380867627544, -0.010950307705651332, -8.79622532291876E-4, -0.007546449904722161, 0.0016074742863143169, -0.0036184829042041036, 0.0011047072414540437, -0.001153527538255335, 3.2073526229734405E-4, -6.998515012489845E-4, -4.7603542052673527E-4, -2.712504994749099E-4, -0.005157119451346283, -0.0058017320773732246, -0.004242416911858397, -4.88765619821528E-4, 1.242563449572395E-4, 0.004774159944552046, 0.00585302119357469, 0.010405268699649623, 0.010358459191249492, 0.014072249837943758, 0.010046321119383318, 0.013907475727580765, 0.007075889761078733, 0.008870183176929756, 0.0055216687642931995, 0.0033050833357983925, 0.0033719847803270805, -0.0016055439500854212, -9.576050083249868E-4, -0.0032842875584459244, 2.766202304617775E-4, 3.9177869869007234E-4, -1.729601856916876E-4, -8.761704680687471E-4, -0.0025975339372523564, -0.0022033370203929123, -0.004968914002292419, -0.004351431864755885, -0.009342426903388502, -0.005950368969862614, -0.009195815710737113, -0.004411109766199192, -0.0071366104148215355, -0.002498642996091263, -0.003794278009271808, 2.0457134688931327E-4, -6.996092150895905E-4, 0.002521553014871302, 0.002721384593996907, 0.0032214841787881776 ], [ -2.5842975121347187E-4, 1.551249702312937E-4, 4.279616806795686E-4, 0.002525070742030465, 0.0025084138320664545, 0.006392148058199296, 0.005485010834284128, 0.01160105320867765, 0.00960978739110455, 0.015803832868140008, 0.01129973670361866, 0.016873564446039893, 0.012170294325248339, 0.01718378730723423, 0.013239411985096466, 0.01765370540115284, 0.014832415806539267, 0.018265822853263638, 0.01630842654189059, 0.01800186628841667, 6.201018867746412E-4, 7.97850672107333E-4, -3.092636682533693E-4, -0.004161891402853033, -0.003871896027342635, -0.007159060136780264, -0.00755094964384621, -0.007801795192417586, -0.006485644388734926, -0.0039770357373023705, -0.0011448136996956117, 0.001674813518341834, 0.002008927953709014, 0.006688666801736142, 0.005360780384341919, 0.009353545249972646, 0.006695687207548399, 0.010759209694351176, 0.007850185054706863, 0.011001399093024212, -0.0012125415819168892, 7.385187619114477E-4, -0.001851494977125975, -4.2793747529736E-4, -0.002724546611853497, -0.0026211433911580494, -0.0049220799715045315, -0.004262901750020587, -0.006037265586079119, -0.0027463358778911677, -0.006212867206689298, -0.002134733029008848, -0.00425271806141891, -4.125395319290999E-4, -0.0022343329184230515, 8.3753956633346E-4, -9.523574333650335E-5, 0.001553282812740953, 0.002085747260685965, 0.0012092894742277152, -9.228108802324567E-4, 7.632114625611531E-5, -0.0017226981658846658, -0.003168448740790202, -0.0037542425980599645, -0.007496475388457902, -0.007365551897946702, -0.010970307440879389, -0.009984713526795972, -0.011562404267258629, -0.0113982327081148, -0.011195985467130647, -0.011454655179235228, -0.009596067362751317, -0.010614838854877295, -0.00822623962702659, -0.008802618131269788, -0.00739401428264403, -0.007316584570671547, -0.007044486063199127, 4.027543391275897E-4, -9.716538161982184E-5, -1.6001263016206675E-4, -0.002780629687060868, -0.0036137512403479352, -0.004204059473700545, -0.006248813342702354, -0.003090477352272503, -0.005721364907009542, 1.715391801637023E-4, -0.004093669746038395, 0.0018188044398585955, -7.360115296853503E-4, 0.0010717868687258414, 0.0017451744074163226, -2.0439879105024387E-4, 0.0016832816603332126, -0.0010176839801818317, -2.5366971993777563E-5, -3.827594646049426E-4, 9.460580982233416E-4, 8.002205791784724E-5, 0.0017016504940475937, 0.0041506233909216475, 0.004157050627788241, 0.008176808570277957, 0.007846260354464661, 0.0111279707294697, 0.010774777331136938, 0.011541248734126257, 0.01114465504086917, 0.008636364408187512, 0.009469712628732262, 0.004520585590329621, 0.005954622393928578, 9.247483286792818E-4, 0.0028661886066335346, -9.105024103815466E-4, -3.868928080919149E-4, -0.002773207803512204, -4.3477262389993436E-4, -8.262841123227953E-4, -6.562519040904692E-4, -0.0028373980556233285, -0.002788806046231066, -0.005897619428923169, -0.005710981069684694, -0.010257875001306326, -0.00850381092701245, -0.013190049871183199, -0.007137057862443597, -0.00959347563640006, -0.006370448025051601, -0.005751438589713151, -0.0037417113073487706, -0.0016366011385754282, -0.0014801155267757824, 0.0015106391767064273, 0.001532059912247072, 0.0020726016049231414 ], [ 0.0017799498700632392, 0.0013596401168936639, 0.0027913550649245633, 0.003999973310092123, 0.008448906483230705, 0.005482555575132121, 0.020301437887551392, 0.00960978739110455, 0.033458846843183225, 0.01851224950270911, 0.03826848463694516, 0.025238557972603826, 0.03782861710198823, 0.03160626274619859, 0.03847548464728324, 0.03614729107599468, 0.03843807826136963, 0.04188628525882013, 0.04043095606464153, 0.042560051314537536, 0.0010695234111186016, -6.891247222876389E-4, 0.001199312148832721, -0.01158128474525867, -0.007308370117408617, -0.018299695631379773, -0.00920056824451425, -0.01994680872332146, -0.0025591760511354555, -0.012554345433443276, 0.007142488369751986, 3.2196805579256854E-4, 0.012709995137057914, 0.01146046828448516, 0.015564379139233937, 0.018358215292365598, 0.01668095432973869, 0.021905844595049535, 0.018491324704808763, 0.022098023292449906, -0.0012490950185564573, -0.0022547453379642467, 5.5536508708076706E-5, -0.008209357103364155, -0.003810558535000137, -0.012874588666251855, -0.013290794847436085, -0.016532941757506407, -0.014380917568015548, -0.01645279404562098, -0.008283432545814986, -0.013584817363512905, -0.0020145175178471466, -0.005283872251227035, 7.211726409919467E-4, 0.001418331986552735, 0.005241074009942898, 0.005556250185253978, 0.008010532414080238, 0.005530543637958157, -0.00289050596048168, -0.00346854574486944, -0.0029282951133205583, -0.010841436661669694, -0.009961271678197655, -0.014526092723774843, -0.022073130251937155, -0.018579720503269552, -0.029693590890903634, -0.022183447776555117, -0.02897131876273136, -0.02414366639540842, -0.02487363263576862, -0.021875916217603597, -0.022587215187370387, -0.01829293672816906, -0.018391456354519213, -0.015912558464723045, -0.01561024299083062, -0.014879319756815175, -0.0011317931911047502, -0.0012794826774603476, -0.0019516847456500998, -0.005704746440741517, -0.007186710696778604, -0.013499628087861957, -0.007825975221044498, -0.017455493299224623, -0.002699950307104089, -0.015427734845664913, 0.0021977414032549078, -0.01025412111573529, 0.005035991518289476, -0.004279627972809172, 0.002623848759696498, -0.0010065224182987285, 6.880245177231331E-4, -0.0012250918323429769, -7.547997648425402E-4, -8.262927192821798E-4, -0.003918051497075509, -0.003850681686098961, -0.0030964763949656374, 0.005052133679368974, 0.0042159290681931345, 0.01341399133346489, 0.014192948206121877, 0.02103444477415421, 0.020674846319296978, 0.026203261659064395, 0.018407879812904055, 0.02446992273179824, 0.013072343447595234, 0.014740519563098738, 0.010603867451969349, 0.004521847694612882, 0.007238847330882921, -0.0036863215726118765, -3.570035614284307E-4, -0.005428105813676165, 3.088066063195001E-5, 2.509248518687154E-4, -6.942858437305919E-4, -0.00188603035883248, -0.004370609792871407, -0.004029362412061987, -0.008581259782804973, -0.007316766152316296, -0.01597706944074184, -0.010375987200574869, -0.015848589622211216, -0.007768148795589647, -0.012013126384954427, -0.004699346765992745, -0.00597537510638211, 1.5645759481807138E-4, -8.9732994852953E-4, 0.004023076685602078, 0.004774252261090923, 0.005142807391121611 ], [ 4.227085464347952E-4, -4.808813175614993E-5, 0.0019355146292801687, 0.003056099566404395, 0.005631548185726183, 0.007900252522024144, 0.01113348674649656, 0.015803832868140008, 0.01851224950270911, 0.024146734427567762, 0.02194357950148895, 0.027427486303208844, 0.023284264407950853, 0.029313500120188237, 0.025531145814468338, 0.031159457132797337, 0.0278004558314636, 0.03300953815231944, 0.03041265049539527, 0.0326493726216284, 0.0023102075952732104, 0.0022094996665441924, 0.0010869529733374373, -0.006166546393763151, -0.0042687858758913315, -0.011345697563486665, -0.00859834874869715, -0.012507627020273695, -0.005783401985813375, -0.005198883448434163, 0.001948275833862201, 0.004285033405786049, 0.006965998194041165, 0.01206699269377698, 0.011202574357043853, 0.016614538219214887, 0.01266788505182374, 0.01883733993130785, 0.01415902159665698, 0.019476907291122794, -9.937861699018992E-4, 0.0015844433300620173, -0.0017538972929210365, -0.0014149717249827922, -0.0039256682791413595, -0.005467098346315134, -0.008716418334666371, -0.009096954405518578, -0.01117946231826475, -0.006848391120970193, -0.009447950618662432, -0.004498901640752891, -0.004847815323773995, -2.96965353359365E-4, -6.261950319101314E-4, 0.002752519751525358, 0.003903130433645661, 0.004534213159371973, 0.007190848871730783, 0.004389762223302825, -0.0011675049702146794, 8.052063458057212E-4, -0.0026555910899434404, -0.005277476875968374, -0.006950325391793686, -0.011665122391774394, -0.01369250458590365, -0.017643782796331244, -0.01851479625321076, -0.019507462582712434, -0.01981375935564986, -0.018849884550705832, -0.01871171565892115, -0.01609423054199989, -0.016663094413063233, -0.01370958631322741, -0.012980930430734922, -0.011990109826324489, -0.010676821246986727, -0.010996434855495622, 2.5309915997487727E-4, -1.4912845463676454E-4, -6.926362129211542E-4, -0.004034924192315721, -0.005607927021760019, -0.007466307381359923, -0.008912739453047514, -0.007197800031049565, -0.007338770420855718, -0.0031650882173682284, -0.004667743036432229, 5.7311046445970965E-5, 8.607238641441663E-5, 5.288992938339309E-5, 0.0026475150716122465, -7.288890965950159E-4, 0.0018344644950449007, -0.0016090471679087955, -4.5112785986099426E-4, -6.541505144501238E-4, 0.0014415021529230636, -1.577315323095868E-5, 0.002915821237503925, 0.00685370298263424, 0.007764829432756864, 0.013778400520560702, 0.0142314452734198, 0.019791068243827037, 0.019472227894660285, 0.021361345437742554, 0.01942412089739446, 0.01690073280700772, 0.015785249429915254, 0.009943542907709822, 0.010426974559830417, 0.003102508930869293, 0.005343269256031052, -0.001039075826793842, -6.376789889736276E-4, -0.004382806927326568, -3.5577918822914535E-4, -8.04128547190582E-4, -7.929062162012068E-4, -0.0033149247951004914, -0.003651040516159542, -0.006899185790687589, -0.007336662795584786, -0.01209729656232192, -0.011312798128366407, -0.016006741289578665, -0.010049848042775311, -0.011509537178445828, -0.008478120267710504, -0.006653484650931784, -0.004734671130654324, -9.719880924176412E-4, -0.0014127891709672822, 0.0030820710081950146, 0.0028660084084955444, 0.003854741999200238 ], [ 0.001992758763883166, 0.0016749509107955177, 0.003114372578631656, 0.004632058097838758, 0.00912862449049042, 0.006358018450058917, 0.02254480415710319, 0.01129973670361866, 0.03826848463694516, 0.02194357950148895, 0.04568955892252835, 0.030200066691988357, 0.04480850545221511, 0.03805269084330487, 0.04582521624037988, 0.044021350758658324, 0.04559942294054696, 0.050677604420366285, 0.048457520231961405, 0.05120941367374651, 0.0018079046847457186, -2.1858091453574055E-4, 0.001871570818020875, -0.012783926731472698, -0.007988126636161448, -0.020037070227013325, -0.010736126246785247, -0.021351983714622876, -0.0024074109971911053, -0.012987471413735328, 0.008674757934664963, 7.78801408456837E-4, 0.014947979710347902, 0.013347120378321062, 0.01717485875412072, 0.021436492231613844, 0.01776280218977965, 0.025133815697679546, 0.019735627001544336, 0.025101083777117058, -0.0011458945483203075, -0.003323380717077883, 8.887661760374904E-4, -0.010739671091264197, -0.004550241051212264, -0.015737719418275627, -0.016827632287674796, -0.020116082743318945, -0.01886707296775237, -0.02028583130803513, -0.010425336067151795, -0.015703518431626838, -0.0030048407241228185, -0.005295296630411561, 0.0015453374938758024, 0.0026691947633672515, 0.007242154183018426, 0.007613584125235858, 0.010498367862988765, 0.0075879038763465075, -0.003059184297740201, -0.004796586263524114, -0.0025429437747673997, -0.013978124303938506, -0.011278998996631408, -0.01796862452300585, -0.025958512114569086, -0.022727601554222633, -0.03516180623910285, -0.027001004557532935, -0.03475261591910111, -0.028507272648821674, -0.029812052090358587, -0.02553432027667737, -0.026253896295623504, -0.02144651597640233, -0.021122968712151906, -0.01850633632904026, -0.017945629016154437, -0.017261353388101433, -0.0019436517932689564, -0.001458472097633422, -0.0032342695054726864, -0.00611845450076709, -0.008529217609614306, -0.01498242803476595, -0.009120937757278562, -0.019438275024341888, -0.0033231339033907405, -0.018344793055738023, 0.002803852886029657, -0.012023743436231662, 0.005616127282579649, -0.004845503169936005, 0.002201044129088791, -9.678085409539747E-4, -1.950756689191058E-5, -0.0015263161782330958, -0.001306844971403925, -0.0010857707279782907, -0.006053298697140965, -0.0055544132429648585, -0.005097025408827814, 0.005354689279766201, 0.004054096622741213, 0.01518338324450194, 0.016677316963163356, 0.024036821456528586, 0.024392158600129672, 0.030850673814466323, 0.02136475409185886, 0.02864401178087235, 0.015464458836648614, 0.017247323542302538, 0.012848874781829053, 0.004696595368026447, 0.009462288910009185, -0.004957741562263854, 3.0778460198630333E-4, -0.006852539545603408, 1.3773186682165242E-4, 6.737783482966032E-4, -8.513682901593721E-4, -0.001410810648703221, -0.004219083821149434, -0.0033652045864716253, -0.008321037213644742, -0.006119188212754408, -0.016077614501802652, -0.009042780445320966, -0.016714245903326267, -0.007077893694834507, -0.01178931049902755, -0.004199669434792409, -0.005439568794814416, 8.619984535342031E-4, -1.9868558558927145E-4, 0.00471572007006603, 0.005704770547231574, 0.005847387505521039 ], [ 0.0012638066471240862, 1.3860638996281139E-4, 0.0031522430100030074, 0.003345078917519318, 0.007643426555739144, 0.007992148892777827, 0.015112422384748967, 0.016873564446039893, 0.025238557972603826, 0.027427486303208844, 0.030200066691988357, 0.03397333135199984, 0.03178341163329476, 0.03785532258517187, 0.03547431076255763, 0.04113200005453532, 0.03874317380329181, 0.044182322096927726, 0.041820995151415956, 0.044043966365406084, 0.003056005434314931, 0.002712942187178346, 0.00210172010727702, -0.007457345659375221, -0.004772987347402217, -0.013374577831848063, -0.00936138738087129, -0.014150138012928538, -0.004626627626293197, -0.005049181080528601, 0.004534088437459459, 0.005924686412038771, 0.0108597027920045, 0.015056387000107859, 0.014906538853136355, 0.02070252582986396, 0.016217760204770705, 0.02345467741556484, 0.01772077465760075, 0.024450673872022894, -8.560754844241277E-4, 0.0011951470708153572, -0.0013107563876593984, -0.0035972577315032633, -0.0048553395759220914, -0.009395508884776478, -0.012438182716309316, -0.014608415818404776, -0.016204207103983362, -0.012058268931014145, -0.011642652438147556, -0.006742396810212742, -0.004661680813991962, 4.152725583454039E-4, 0.0019061450052355712, 0.005383432681843784, 0.00865433890216938, 0.008031497441148129, 0.012406210278975252, 0.00799665362417931, -0.0020004909521448514, 1.950580508869536E-4, -0.0037473925804279323, -0.007819531174955345, -0.009831440009549573, -0.015257185329137583, -0.01936359888851843, -0.022529057715233707, -0.026222992308966537, -0.025044483263466494, -0.026817067410128795, -0.0244980308801366, -0.0239594395532076, -0.020789916512763205, -0.0204443041553472, -0.017362830357517216, -0.015249903720671086, -0.014974597442873269, -0.012390552130142691, -0.01355861182091104, -6.592661959844682E-4, -4.002019813826502E-4,