{
  "weights" : [ 0.7735403360127026, 0.7859282780463501, 0.7798969834485215, 0.7891563702807555, 0.7886283103330113, 0.7931499961829236, 0.7858680808318951, 0.7851211634879163, 0.7615217615437789, 0.7472485950340473, 0.7140151343413074, 0.6993317767458118, 0.6657449122274749, 0.6989568499797959, 0.662962355164949, 0.6592264128982348, 0.6324856219173681, 0.6125097271767701, 0.6143536765040735, 0.6157137604506736, -0.47712599367195346, -0.4723141044650509, -0.4624628766165197, -0.44636802005707577, -0.4301800366850792, -0.4049014876151357, -0.38047335010057703, -0.35171095598782426, -0.31735541005304463, -0.31297302511813324, -0.29167455426861316, -0.33015766191294477, -0.3170640083160531, -0.3748359201278875, -0.40398566633102323, -0.40689121605144657, -0.4260033118872357, -0.4305744501494028, -0.432973565614239, -0.4153776220003073, 0.4045944298116756, 0.3916442265827776, 0.41062143746991286, 0.4137092076010105, 0.4228725923074589, 0.4382307318245399, 0.45644269416173416, 0.4761560225004256, 0.5127013125583801, 0.5245044679101238, 0.5675698761248517, 0.5518780932221677, 0.5790002062794345, 0.5107304007389027, 0.502848802931815, 0.476763501819207, 0.5133530295523682, 0.4903968239487531, 0.5228030918696498, 0.5171203551749167, 0.06231286655284053, 0.0386125365746138, 0.04786698246085759, 0.018207919832916745, 0.014522472029571708, -0.009669367017796544, -0.01828255311229088, -0.03708502395691403, -0.04132564625777019, -0.04664864631308051, -0.02805924332942885, 0.011975897124238232, 0.08873625213411034, 0.14165828609815412, 0.21800797736000677, 0.24180270896123443, 0.2273476708453234, 0.236599953810928, 0.2536228308101721, 0.24115946688228643, 0.6694440362777894, 0.6864866401028801, 0.6807424540720868, 0.7039429627974731, 0.7053122104008405, 0.727316201524007, 0.7363882016676645, 0.7586481840678128, 0.7549110673503681, 0.7619111467561935, 0.7192029302839439, 0.6541741509393203, 0.5269143520867742, 0.3780562459977231, 0.20990831011304376, 0.0945844680073092, 0.08317994811382033, 0.08345594159837894, 0.08045751810544619, 0.0995829729458504, -0.3340045017150089, -0.3625127934321716, -0.33962841974023855, -0.3679835101004215, -0.3568144811912924, -0.3809771568897496, -0.3813484611285435, -0.3972126991680203, -0.40420155753792447, -0.41480937232931986, -0.4333416170482444, -0.434996754411234, -0.4384809953973024, -0.3858565500770389, -0.32192218419114754, -0.18847777063131288, -0.1267660026666212, -0.08672187178996259, -0.08651293912823126, -0.09567754322421403, -0.2820387187209608, -0.2962314382403715, -0.28858422276436324, -0.3038306031234951, -0.30419577292603955, -0.3199401745629035, -0.31450091581011685, -0.3256459380028147, -0.3149125762851491, -0.3171865457286604, -0.28666095916920753, -0.27986798155528286, -0.22775949100521198, -0.19884249390762046, -0.12246347858246076, -0.04841221821730094, -0.008431386309173772, -0.024109967264590287, -0.00948512103088098, -0.019005580595048654 ],
  "covariance" : [ [ 8.962005103731085E-4, 7.353947659439023E-4, 9.433736697369539E-4, 0.0010273331009572066, 0.0010474674501208044, 0.001135933367565609, 9.10203205218187E-4, 0.0011052868911407584, 8.846312433987334E-4, 0.0011518513531076566, 8.660696136095959E-4, 6.046476943491147E-4, 9.505888246986764E-4, 3.3345110373313733E-4, 1.648558691401606E-4, 4.404954309449408E-4, 3.2415812877922346E-4, 4.8827626361862975E-4, 4.206019761263384E-4, 4.373835892264111E-4, 9.94598532005477E-4, 9.95493856274722E-4, 0.0010049561053114711, 0.0013931932255520651, 0.001228765031230307, 0.0014545926206983389, 8.617783871694629E-4, 0.001103819857397819, 1.8633048631679926E-4, 3.5055453236526964E-4, -7.201376766294271E-4, -5.581775047773944E-4, -0.0012435864754315345, -8.668169558175967E-4, -6.325792518015208E-4, -5.7120341599065897E-5, 1.630786795098614E-4, -1.4639381887542204E-4, 2.584151196421137E-4, -1.4918381433493108E-4, -5.698001631967585E-4, -2.883825997466077E-4, -7.133687111733135E-4, -5.0917889703925E-4, -8.10356545763942E-4, -9.135569188760486E-4, -8.343599488361185E-4, -0.0011076521359958825, -0.0012935551170230083, -0.0014021396851283334, -0.0016317273753562146, -0.0013570366509001175, -0.0020115727148311375, -8.18828421586981E-4, -4.5042845536014727E-4, 1.2491069505946194E-4, 4.2290863129725123E-4, 4.607656409729706E-4, 3.576601708214852E-4, 2.465966163246153E-4, -3.5814389544613234E-4, -5.282344159075407E-4, -2.3059494278760556E-4, -4.802598551366108E-4, 2.9734726854246103E-5, -2.0928052667428286E-4, 5.805809406625171E-4, 1.1132986946716545E-4, 0.0010105495869008705, 8.233084588216388E-4, 0.0010177792990785756, 0.001217761669770516, 5.940356994195495E-4, 3.653655064003623E-4, -5.690063387015032E-4, -9.280385346457477E-4, -9.221156403296503E-4, -0.001903357410812325, -8.694817984492555E-4, -0.0014850175220456232, 3.149193821032556E-5, 2.6697452528236725E-4, 2.2403320064070671E-4, 5.772394442382346E-4, 6.229906759252281E-4, 7.02422636892365E-4, 5.887781284738626E-4, 6.103806370258345E-4, -6.559135569976993E-5, -1.4744572388741283E-4, -9.720192824160711E-4, -0.0010962263283113697, -0.0016518568365982676, -0.0012763518152623036, -7.299903717494822E-4, 2.7915163043388776E-4, 4.57806240637036E-4, 5.67016472618085E-4, 5.625059036201375E-4, 5.671494986442989E-4, 7.767011357607365E-4, 3.754981651188505E-4, 6.955313259202847E-4, 4.8313987160706554E-4, 6.419184205736542E-4, 5.782972452256064E-4, 5.501866650029549E-4, 5.630464625088792E-4, 4.6603514908094855E-4, 5.016549056539931E-4, 5.627437408585234E-4, 6.81280653642685E-4, 0.0013237393323617846, 0.0014450980087494076, 0.001670970784132967, 0.0010308299193870667, 3.184432226276134E-4, -3.866963338550192E-5, -2.0416372785924758E-4, -1.395359594272228E-4, 1.984502193114937E-4, 3.055652268183371E-4, 3.577325853053409E-4, 5.343455462059068E-4, 6.482105990313492E-4, 8.203493897649287E-4, 0.0010371254123878392, 0.0010711679654117048, 0.0012402640046097358, 0.0012806879197653058, 0.0011460034677280493, 0.0010902719406456966, 7.569708167526249E-4, 6.596711065531268E-4, 2.742805956660867E-4, -1.39543976661915E-4, -3.370621084295473E-4, -3.552245929843813E-4, -2.0100201314937087E-4, -3.313573766837664E-4 ], [ 7.353947659439023E-4, 0.0011861057344157732, 7.480001582655263E-4, 0.0012966320239370037, 8.437651843674513E-4, 0.001397716457078249, 4.3522211395921135E-4, 0.0011779774976518696, 4.3592628183263443E-4, 0.0011310688910320151, 6.196915836458738E-4, 0.0011256013410564213, 0.001117001673745179, 9.645498548922479E-4, 7.791989884539578E-4, 9.12989464231715E-4, 0.001237667920070431, 9.330199329454677E-4, 0.001272442836083595, 9.615704119216489E-4, 8.816492264868053E-4, 0.0014793598418599049, 0.0010364816818943343, 0.0018971310887585361, 0.0015678951570220671, 0.0021774062195517576, 0.0013566578535182928, 0.0021260266741853218, 0.001314777866854816, 0.0018301018832301826, 0.0011317347209686389, 0.0017849976563321498, 7.209271734089595E-4, 0.001517851843191138, 0.0011759323669052345, 0.0016085247671078543, 0.0015303453184697445, 0.0011266663499613471, 0.0015617318086305076, 0.0011304870909279667, -3.995851093942958E-4, -5.944606408105488E-4, -4.0372987804087533E-4, -5.234638846066431E-4, -3.2595950273075873E-4, -7.267301480572261E-4, 4.832010604844674E-5, -5.915135341191785E-4, -3.6520841448080656E-4, -7.613507868665708E-4, -7.386409859082666E-4, -7.751512818997228E-4, -0.0011516039853465714, -3.959725807399282E-4, -1.282641175840765E-4, -4.804382131413084E-5, -1.6390915243727982E-4, 1.9093117101527573E-4, -2.3335567939337587E-4, 1.4947688298014785E-5, -5.626587504658737E-4, -5.738852471169198E-4, -3.95249098978661E-4, -6.027172191049077E-4, -2.080291146654303E-4, -3.190707676852142E-4, 3.057223359039031E-4, -6.424470819999872E-6, 7.525541405758448E-4, 6.271197952446961E-4, 6.392373931175466E-4, 8.813131454812078E-4, 1.0937122989468781E-4, 6.81512736290576E-4, -5.621655312250326E-4, 3.6043770755228225E-4, -2.761706864179611E-4, -6.918130118311663E-4, -1.3997643835586172E-4, -4.820564271901192E-4, -6.943476733597354E-5, 4.748496568013753E-4, 7.581392760785292E-5, 7.113613175711644E-4, 5.653423400359703E-4, 8.269785184670236E-4, 7.341691995032192E-4, 8.120288424799209E-4, 1.8023391289569517E-4, 3.5876289730171475E-4, -2.7439222985461026E-4, 2.108826763377216E-4, -4.964304245157932E-4, -7.075507575817379E-5, 9.164652417515281E-5, 5.770806127372408E-4, 4.4537046716796946E-4, 4.682509742599776E-4, 5.972732242064873E-4, 4.4351429723661466E-4, 0.0035237376143575404, 0.002125846278260879, 0.003283135016686087, 0.002393187853784644, 0.003018049979276942, 0.002517808913152101, 0.0025001286454302205, 0.002414588705716863, 0.0023833585513849454, 0.0023706021150087415, 0.0024855933361372902, 0.0022030103401240227, 0.0023423567217079376, 0.0017829702136658626, 0.0014802686334513646, 8.208523779955417E-4, 4.5888357363217897E-4, 2.999972336418419E-4, 2.6755354962529685E-4, 2.454849598537608E-4, -4.1209313554199965E-4, -5.879661951011001E-4, -2.4923296239485473E-4, -3.9008773025317527E-4, -3.622418807483532E-5, -1.1922977793306748E-4, 4.942226974820441E-4, 4.01809158131451E-4, 8.062492090092028E-4, 7.855201312642784E-4, 9.431522253947752E-4, 6.808841394283666E-4, 8.317776875657246E-4, 3.940539059603996E-4, 5.52675613067173E-4, -7.913534762301744E-5, 6.030978872687151E-6, -1.6462198109249982E-4, -2.1845110622465407E-5, -1.1613577943906047E-4 ], [ 9.433736697369539E-4, 7.480001582655263E-4, 0.0012846540247977115, 0.0013132103127163639, 0.0016561707057606476, 0.0016459624631451207, 0.0017916436112686317, 0.0017958022121158934, 0.0019238701785255702, 0.001978944008887423, 0.001770903326840323, 0.0011202060936406498, 0.0014660123818489648, 4.900946305111338E-4, -4.1617816096584996E-5, 4.1582635976206134E-4, -1.950570780667607E-4, 3.017413067025267E-4, -7.095924424178264E-5, 1.4876048759014798E-4, 8.995307987085188E-4, 8.761775670684931E-4, 0.001187551530931402, 0.001538414947057498, 0.0018319097956378872, 0.002001757998233315, 0.0016619006419330215, 0.001877142382705364, 0.0010312377278158564, 0.0011326070983775608, -5.411235672686213E-5, 4.362531703485651E-5, -5.598687463593152E-4, -7.842490325972957E-5, 2.851580748933961E-4, 7.634915856742609E-4, 0.0010568069136239534, 5.58463339308825E-4, 0.001043647760886252, 5.537556802632087E-4, -7.364972870936537E-4, -4.709941216405401E-4, -0.0010977158992094387, -8.742693938474457E-4, -0.0012077099360185864, -0.0013535675718840962, -0.0014656861956672377, -0.0016585918425672645, -0.0020987237743847194, -0.0020740639894328426, -0.0023722913966382057, -0.0019007332406212707, -0.0026300171851879146, -8.507752794654738E-4, -2.5714181149196553E-5, 4.090874436902739E-4, 0.0010266619367307473, 7.67748955999065E-4, 9.65889433143015E-4, 5.16776001856017E-4, -3.311966085933477E-4, -3.489617857977659E-4, -1.8253086407574358E-4, -3.0530973558965904E-4, 1.7724119228295875E-4, -8.271754293972954E-5, 9.881943875164935E-4, 3.846415976249473E-4, 0.0015935648781777872, 0.001480760656849969, 0.0018621439961080198, 0.0024214290383750827, 0.0015668757053878702, 0.0014449185147539317, 1.5927761411564157E-4, -1.9254021473394266E-5, 1.1544752683930327E-4, -0.0011639018341348625, 1.8345300025426694E-4, -6.020676479447758E-4, -1.1902364779424865E-4, 2.1536456982447795E-4, 3.960467562756192E-4, 9.330454794250084E-4, 0.0012332030194591552, 0.0014455922367187571, 0.0014334842410286361, 0.001528179698471599, 7.475010410993785E-4, 5.278267447441151E-4, -6.504982078387143E-4, -0.0012163692719593018, -0.0018757929505312354, -0.0016591740348120437, -7.592838059791593E-4, 2.2369872111990433E-4, 3.613915101417586E-4, 4.987588001138071E-4, 4.577251712893719E-4, 4.8182562490067495E-4, 4.900783261891619E-4, 7.351080518283757E-5, 4.438838888522911E-4, 2.093825911463978E-4, 3.484443460227093E-4, 2.537181734015888E-4, 2.0736886256490802E-4, 1.5421170338540354E-4, 1.1935155242492565E-5, 2.5101711310184662E-5, -7.414038239882962E-5, 9.296851808213251E-5, 8.473465648660081E-4, 0.0010671289626833886, 0.0015136411642830377, 8.148551270028418E-4, 4.904288723089367E-4, 1.6818392699818973E-5, 1.7437001171140847E-5, -8.121699689008898E-5, 2.2879197452974875E-4, 4.053584028901017E-4, 4.3902981373628014E-4, 8.279590562273723E-4, 9.854223075717872E-4, 0.001399455408185216, 0.00172456470507344, 0.0019789100556878974, 0.00229663802647817, 0.002624341505409724, 0.0024896423063255134, 0.002736782281326651, 0.002187868515765804, 0.002334182846474663, 0.0014474345384770384, 5.243317341378647E-4, 2.4869498408346726E-4, 7.376574085251852E-5, 4.157243162471407E-4, 1.2958219163091E-4 ], [ 0.0010273331009572066, 0.0012966320239370037, 0.0013132103127163639, 0.0024549999666264107, 0.00207242260530366, 0.0032877116760203903, 0.002377415433725699, 0.0034849031092197376, 0.002859626054023843, 0.0036475982455549437, 0.0026089434530173435, 0.0026557800269864013, 0.002084544863040934, 0.0012013458315888181, 4.3336936264744676E-4, 9.01618923032404E-5, 4.353775272737779E-5, -3.2716681279738337E-4, -1.2485433344687074E-4, -3.139541977443167E-4, 7.444256307351816E-4, 0.0012281458237282034, 0.0011980681344470737, 0.002798413705673682, 0.0027206862617907518, 0.0041705019437618075, 0.0034570322133277427, 0.004677679244757625, 0.0039542302862279185, 0.004485703907463035, 0.0036899382545996172, 0.0041380349782012505, 0.0032317423909693234, 0.004685125296645401, 0.0034982383126246604, 0.004619159819660009, 0.0032184132616980025, 0.0035859207370424863, 0.0032045120740997776, 0.0032552068524670285, -0.001150889495452404, -0.0010884258745320998, -0.0013530911640799205, -0.0015473978474676313, -0.0014180686708426965, -0.002067905789216035, -0.0013653747259870063, -0.0021682689920634207, -0.0021642170440400294, -0.0025279427772320817, -0.00223994183815297, -0.0018428664435524344, -0.0021235992453689867, 4.806802159385448E-4, 8.39346387322859E-4, 0.0015656045029438966, 0.0011030965859976727, 0.0012210345757454092, 0.0011380311560309632, 8.701406101802206E-4, -3.6537607564546834E-4, -2.825246960855471E-4, -1.7820892686988047E-4, -1.0001479476059323E-4, 1.634210473977393E-4, 2.355982233332706E-4, 0.001236934965552135, 0.001004290452942177, 0.0023156328221274228, 0.002502795866757613, 0.0029806012253614624, 0.003734279127856121, 0.003079292270335425, 0.0037432863477571167, 0.0021152046029461933, 0.00410632083891049, 0.0029480164643685977, 0.0033951549261812468, 0.003071758433370617, 0.0033315464297873493, -4.967753193132393E-4, 4.753287947433533E-4, 3.1923422343037116E-4, 0.0018852443942675102, 0.0020765091066532473, 0.0030890983979704996, 0.003156580383221876, 0.0036982521353021505, 0.0026218034155901476, 0.0027371454988495713, 0.0011105180850724777, 8.467741058967909E-4, -8.31196465563957E-4, -4.672979908443316E-4, -5.087666045306566E-4, 7.103301925901445E-5, 3.206298898842558E-4, -6.430705244373683E-5, 4.062569934660929E-4, 3.2560504426345677E-7, 0.003484830843413959, 0.0010841904151463388, 0.00320400387778321, 0.0015495008975962667, 0.0026349995248849145, 0.001705232726983408, 0.001820414585314888, 0.0013987161333834084, 0.0014083943932124501, 0.0010327906602718968, 0.0010269246375039286, 4.412113872648561E-4, 6.715885947986855E-4, 1.2158547638137639E-4, 9.738262872292921E-5, 3.8411582790151083E-4, 3.918393196448917E-4, 8.610959918670279E-4, 6.996764746784958E-4, 7.192599546998187E-4, -3.8287598350487065E-5, -1.7875249743067295E-4, 3.233459051946566E-4, 5.388906864112067E-4, 0.0012005691963477704, 0.001564863522996103, 0.0026891974753404965, 0.0031154902377607116, 0.004032400304403923, 0.004661829075039134, 0.005075899270076914, 0.005332850776409542, 0.005270963893463233, 0.005252795446367248, 0.003804563359091208, 0.002622985917059132, 8.088196738291661E-4, 0.0015652921192902635, 0.001330466115815189, 0.001347409967877748 ], [ 0.0010474674501208044, 8.437651843674513E-4, 0.0016561707057606476, 0.00207242260530366, 0.0032041075436652867, 0.0031341421465322394, 0.0045583142577256775, 0.004185282010144497, 0.005085100319460544, 0.005014709278463344, 0.004463035231447286, 0.0034921065199352503, 0.003227113782363894, 0.0019596714830131196, 2.6713095056218113E-4, 1.4248988300273477E-4, -8.843071484686324E-4, -7.474070677907488E-4, -0.0010330390923947244, -9.091883508222763E-4, 5.577543195278924E-4, 5.306543645512833E-4, 9.711283110181472E-4, 0.0018254707983217718, 0.0028822047277341652, 0.003152663840094491, 0.004238308194252915, 0.004357174105911475, 0.0044790017375647044, 0.0048034857670412375, 0.0040592809243137585, 0.004194344189937088, 0.004495276777511986, 0.004710368862696038, 0.004810909861626924, 0.004612692271980174, 0.0041606341708310055, 0.004011509869041792, 0.003985738364707259, 0.0038046078049763323, -0.001294662142580724, -0.0011381460887470404, -0.0018978548329494555, -0.0018400610867108237, -0.0025219010674214478, -0.002520457242665965, -0.003324535186708627, -0.0030901262761542383, -0.0039224290535063554, -0.0035572560166657126, -0.0033998854266034106, -0.0025507256603388867, -0.002729670419922745, -2.991217892784709E-4, 0.0017238553983924866, 0.001333027971872767, 0.0021974126334703497, 0.00136073807662048, 0.0020341219932040943, 0.0010998252941149444, -1.643887888830318E-4, 5.1957588917701664E-5, -6.29454428753885E-5, 1.2529004841586644E-4, 6.998214397563347E-5, 1.994994505556005E-4, 8.56192701937395E-4, 7.084387259926443E-4, 0.0017497109001399348, 0.002267855988625282, 0.002702214554884237, 0.004185153405239941, 0.0038237921465366525, 0.00408031021246503, 0.003365061130677207, 0.004208009385434762, 0.00452472769258421, 0.00401720885694593, 0.004328993771092844, 0.0043961401979990215, -5.687337381565496E-4, -5.128302985009375E-5, 3.945942196474631E-4, 0.001512623184306314, 0.002377869311191822, 0.0032014212962003094, 0.0035968125241358294, 0.004288215593564003, 0.0038466336962695857, 0.0037528131421247202, 0.0022386392763559517, 9.495041464183885E-4, -5.305096737570553E-4, -0.0012029023015890188, -8.841002785366115E-4, -2.7145098569871705E-4, -5.4946611766985105E-5, -2.8020527654267093E-4, 4.1772889691824335E-5, -1.7454204402691004E-4, 0.001197571997104559, 2.993992304325917E-4, 0.0012507826136832797, 6.310855781026169E-4, 0.0010639858129554303, 6.213879310599212E-4, 8.575842162983457E-4, 5.189913218000189E-4, 2.3472053033856636E-4, 1.9530901698796305E-4, -6.619458376179024E-4, -7.39135770830337E-4, -0.0010221328042129018, -0.0011340258425495248, -6.140308146279297E-4, 4.52076405815211E-5, 7.790587560406661E-4, 0.0012616160254268968, 0.0012120032814913176, 0.0010986515096497002, 1.5599650021055181E-4, 3.6352553670393966E-4, 4.505594497818296E-4, 0.0010943413395261288, 0.001303075270485981, 0.0022308912320076037, 0.0026137148760736113, 0.003543109135617388, 0.00452918776595408, 0.00538559044516071, 0.006080055181140774, 0.006826704671100448, 0.007085677607669649, 0.007358583223363161, 0.005808989598850025, 0.003504050024612743, 0.001652304271844834, 0.00207324208349413, 0.0021961130265298187, 0.0019861625051590115 ], [ 0.001135933367565609, 0.001397716457078249, 0.0016459624631451207, 0.0032877116760203903, 0.0031341421465322394, 0.005132532752472917, 0.004249766834323159, 0.005948921933872524, 0.005237398621652762, 0.006444958300805153, 0.004708373172332828, 0.0046525416352801, 0.0033525421283847868, 0.0020287613082364997, 4.308105422048982E-4, -3.284578684993345E-4, -4.991394779365975E-4, -0.001297276267690399, -9.636026612835129E-4, -0.0012372112266860204, 5.32758694394839E-4, 9.549733700950711E-4, 0.0012685932333867556, 0.0034026714649991797, 0.0036949234905393072, 0.006012172869561246, 0.005687939192751524, 0.007414054284507475, 0.007190640535200964, 0.007879077607187953, 0.00716665703781356, 0.007485281901559018, 0.0072664144571440445, 0.008835225750719631, 0.007466568523833974, 0.00824294570728075, 0.006047238375007651, 0.006861189749718391, 0.0056887858174261285, 0.006220846597707755, -0.0016136255138880467, -0.0015504629933896159, -0.0019482465568219642, -0.002313303113251513, -0.0023637231002109206, -0.0033322952442826, -0.002547630610561343, -0.0037046760489632923, -0.0034528134356468813, -0.0042254546001015796, -0.003192771194391192, -0.002865670030957584, -0.0025626766828358597, 0.001120936223732125, 0.0025372805116482514, 0.00282319442199233, 0.0020742842138996064, 0.0022452649735419336, 0.001981677709358241, 0.0017092487674708226, -2.9102000775007897E-4, -2.6877185977786707E-4, -1.7531585241865966E-4, 1.0633496527388906E-4, 2.8393566538633227E-4, 5.864691308792581E-4, 0.0017174566562756148, 0.001894517994005713, 0.003498651185877008, 0.004130314497547877, 0.005151814881614703, 0.006516454936067507, 0.00646460462130914, 0.00659650343326276, 0.005194853375614203, 0.007976171583542014, 0.0071222904476427795, 0.00816349563166676, 0.006819467746999539, 0.00783334339058678, -8.412540384327115E-4, 5.416157462850667E-4, 5.089490310103687E-4, 0.0029224066054989693, 0.0034585664881538994, 0.005349572270570708, 0.005722062384443908, 0.006853277045473972, 0.005584825755868601, 0.005755466567649047, 0.0030234739595475695, 0.002050005219074273, -7.568192863114091E-4, -2.7050245416904346E-4, -6.401200816583589E-4, 1.2805476409655318E-4, 2.4858716647165816E-4, -6.135751062757502E-4, 2.7123112637196284E-4, -4.868406986406378E-4, 0.00473604311941221, 0.0010539736080841463, 0.004395105887325852, 0.001771285914116679, 0.0034681905063497476, 0.002031247656961529, 0.0023182788781714006, 0.0015450600259961666, 0.0015257628616036092, 9.003706410739579E-4, 4.691913610197461E-4, -3.734557596330685E-4, -4.659199741153843E-4, -0.00123932169148112, -0.0011844753095412183, -1.4664414528943E-4, 3.278659121131175E-4, 0.001570981133066115, 0.0014461897843890093, 0.0013944649107871172, 1.827171706910693E-4, -1.0771984712418237E-4, 6.738395751932715E-4, 0.001028250732332443, 0.002074724682116236, 0.0027765678630804628, 0.004573107251714495, 0.005469852621228071, 0.007256933754390114, 0.008337686971215837, 0.009542322367799616, 0.010025670149908473, 0.010471812744312747, 0.010342502950200115, 0.007706224955745473, 0.005045563071369102, 0.0017571329340051198, 0.0034791803354880216, 0.002683179977944556, 0.0030017891859935313 ], [ 9.10203205218187E-4, 4.3522211395921135E-4, 0.0017916436112686317, 0.002377415433725699, 0.0045583142577256775, 0.004249766834323159, 0.008113313861720687, 0.0065594905841881036, 0.009305194645078072, 0.00835046992782449, 0.0079786852510115, 0.006121683326274898, 0.0050183051407912595, 0.0030773747372449473, 5.309819753051879E-4, -6.444519053530794E-4, -0.001904130908960889, -0.002249077586458919, -0.0025782948251406044, -0.002348826501937143, -1.8994046131989552E-4, -6.54579377485709E-4, 7.843457271794889E-5, 8.585205372283047E-4, 0.00272652956824885, 0.002564430689415406, 0.006106928206806096, 0.005003728572297674, 0.007232127794542566, 0.006760705855195756, 0.0076247935934599925, 0.00677527049071019, 0.008739220321724358, 0.008400375061955682, 0.008147071130018484, 0.007321186730628316, 0.006509971941891178, 0.006448636573930694, 0.005959461591371443, 0.006179225874128217, -0.0018582833482539572, -0.0018136840746807853, -0.002834735205423748, -0.0031736826739181714, -0.004252965696937667, -0.004223811584223084, -0.006506111540662591, -0.005330547391243368, -0.006931035407706454, -0.005950977988252652, -0.005105474469967794, -0.0038581331112772033, -0.0029984999614975257, 1.587664513528203E-4, 0.0033264740027999285, 0.0019413029067477303, 0.003903160675417005, 0.0019349895343449039, 0.003348158666920277, 0.0017009527230628066, 4.617187987653791E-4, 7.41801566002165E-4, 3.274969143611059E-4, 0.0010615613741265168, -2.2405509621775687E-5, 9.065078897950256E-4, 2.048878899115481E-4, 0.0011711438482646143, 0.0013136164985767644, 0.0025839360845852084, 0.0029096042331665964, 0.0053592931810320715, 0.005710022725593465, 0.006630942734182081, 0.005696632715684423, 0.008616933803597036, 0.008088543222824292, 0.008874147439896504, 0.00835483947628371, 0.009091974853206551, -0.0011990906305968635, -5.095958591786419E-4, 1.7429184346001145E-4, 0.0016728837892931198, 0.003070685862242694, 0.004564481029593484, 0.005438807907716213, 0.006862192506612656, 0.00736472241227993, 0.00726351073367156, 0.006198826822424924, 0.0034610752920426935, 0.0017398236732972289, -5.385883028602072E-4, -4.7370133824574346E-4, -9.039483794351498E-4, -4.013818066994139E-4, -0.0011852739843209695, -5.868590197140802E-4, -9.921127802238465E-4, -2.8257046949707945E-4, -0.0017352713022132532, 5.127572467199992E-6, -9.277393795219786E-4, -1.014121073487529E-4, -7.5840194554156E-4, 2.4036475998961225E-4, -5.596284067507462E-4, -6.488128978426792E-4, -8.113429284208277E-4, -0.002460141861981434, -0.0028137580932286223, -0.004280228926587921, -0.004309926690358997, -0.0036524948266481562, -7.394627731036602E-4, 7.889427964662125E-4, 0.002410705064356197, 0.002174769342392823, 0.0020614071115904933, -2.016968235956814E-4, 1.3303279591632777E-5, 1.2607518188662118E-4, 0.0010107988139929217, 0.0011232116542001568, 0.002618052887976391, 0.0024884051577390895, 0.004230543722254732, 0.005745753680380268, 0.0068854633302898325, 0.008713276798918129, 0.009897852502754033, 0.011229361558647432, 0.011963090653753648, 0.009386167208463692, 0.006142528124845329, 0.0027188165530919596, 0.003962846814084743, 0.0036255177584229004, 0.003668272064394359 ], [ 0.0011052868911407584, 0.0011779774976518696, 0.0017958022121158934, 0.0034849031092197376, 0.004185282010144497, 0.005948921933872524, 0.0065594905841881036, 0.008238377905865579, 0.007874785655962094, 0.009848502043675673, 0.0068464854394329035, 0.007507059055721506, 0.004133711786647875, 0.004055412593766324, 5.179464904909051E-4, 1.895270546497348E-4, -9.40142419293889E-4, -0.0016452362241446993, -0.001396507911004882, -0.0017694572730206492, 1.8697062290234958E-4, 3.0246364579486544E-4, 7.265743039513942E-4, 0.0026761635950844275, 0.003492080835125144, 0.005372534552966721, 0.006426028952617864, 0.0076420305665930955, 0.007959844712204452, 0.00882185707242982, 0.00836828521941032, 0.008731717389599618, 0.00887521508188634, 0.011119973553752879, 0.009496315277862596, 0.01036916907158997, 0.007921622889199181, 0.00874512529018494, 0.007179131074124263, 0.007962258538834444, -0.0018857081238352687, -0.0019288432458271132, -0.0026393704919126302, -0.0032391703088765823, -0.0038774229935522888, -0.0046575446140392825, -0.0049743372559417675, -0.006122003892773289, -0.0058966538376381975, -0.007165484937217304, -0.004799217116125734, -0.005085446089500992, -0.002760299360185337, 2.038869642568863E-4, 0.004252347212132474, 0.003844975321031057, 0.0036395407883747415, 0.003394966146068465, 0.0031901050726518636, 0.0028659992940808987, -2.3903386747552052E-4, -1.6697833123775085E-4, 4.6186591829575725E-5, 3.6822536295302583E-4, 3.9498547689075506E-4, 7.15296523117219E-4, 0.0015939421363359504, 0.0018621990503248401, 0.003365551171961329, 0.003789467189595938, 0.005097410832952354, 0.005982453544557927, 0.007055981831885908, 0.006821319866947876, 0.0055784969289733284, 0.008539844914296532, 0.008952514086388972, 0.009287562200562887, 0.008343532814771964, 0.009241304998723372, -9.84219182689916E-4, 3.1831391062051815E-4, 5.088464301506218E-4, 0.0030275577275022396, 0.003981769350825987, 0.006219937894867555, 0.006807616215365482, 0.008605178977438692, 0.007719106171914755, 0.008306473700510261, 0.005602105851855297, 0.004408838785597786, 7.893032199838397E-4, 0.0010689925110858361, 2.6657586265827523E-4, 5.161364394779076E-4, 4.999019868254807E-4, -8.497672873968821E-4, 2.6014029552763075E-4, -6.169535940955966E-4, 0.005263685549988161, 0.0019727466159751316, 0.005146018559422828, 0.0028784216152011543, 0.004476872599657068, 0.0032134988145617214, 0.003764208844465368, 0.003141023060365817, 0.002946855272799983, 0.002621599287365494, 0.0016177481266898153, 6.011988845811185E-4, -3.890265721568508E-4, -0.00150406161451757, -0.002036388204355381, -6.696386776403165E-4, 1.3315166610131717E-4, 0.0022364511393358722, 0.0019511370791861237, 0.0021001981033909227, 4.776418710522925E-4, 3.1014069874800383E-4, 0.0010786186127302137, 0.001687864983974885, 0.0026899141318141337, 0.0036956137166567244, 0.005303547029772661, 0.006436894430532432, 0.008791507589123617, 0.009680726956396319, 0.011790689577359873, 0.01218604866020342, 0.013678816166836366, 0.01347638035744907, 0.010421886697705118, 0.006672992494965767, 0.0024717888362314005, 0.004362523517965256, 0.0036235708089276445, 0.003963593167183301 ], [ 8.846312433987334E-4, 4.3592628183263443E-4, 0.0019238701785255702, 0.002859626054023843, 0.005085100319460544, 0.005237398621652762, 0.009305194645078072, 0.007874785655962094, 0.011743093224950133, 0.009856351424666654, 0.01058590487100959, 0.0076165276357650444, 0.006509097606240071, 0.00382678363818998, 0.001099467851219701, 1.706161059129005E-5, -0.0019885191096836665, -0.002169840792495857, -0.002565635374017991, -0.002267657421411669, -6.055732414737258E-4, -9.540518492804118E-4, -1.5711303010074689E-4, 9.734159383149317E-4, 0.00290654839463451, 0.0030784841534074363, 0.006771402632111, 0.005628127352654294, 0.008152409991310049, 0.007088076615091608, 0.00888079435234012, 0.007166269173816917, 0.010143351582414946, 0.009706892543376252, 0.009506626372978218, 0.008513339576629518, 0.008080149844249334, 0.007628332092532055, 0.007135668692473203, 0.007428652991849931, -0.0023175736004443117, -0.0021618441211786496, -0.0033738146071500543, -0.0038935223653938232, -0.005035083945555259, -0.005376698094943411, -0.007798202150389475, -0.00688372038884899, -0.009384825660851174, -0.0076460496658084355, -0.007503319606014455, -0.005424697742419514, -0.004438822231092242, -2.488717950657081E-4, 0.0033400222225145513, 0.0019651888907916493, 0.004664027044561421, 0.002311155152200043, 0.0038696928442864846, 0.0020293027413804715, 4.854796221024836E-4, 0.0011537746185657824, 3.526478372374595E-4, 0.0015880976756272442, 2.6428820504243095E-4, 0.0016015701026469895, 6.417623853725609E-4, 0.002285731304845887, 0.0021747140047518746, 0.004013646201537562, 0.003798228216532254, 0.006619545541774249, 0.006891720494984352, 0.007781307872147349, 0.006150446622727182, 0.00990663898315478, 0.008937863114791143, 0.009983546926430381, 0.00913810877878722, 0.010131389731704734, -0.0014341070432234055, -9.43551943304893E-4, 3.856278805618737E-4, 0.0019149232050211355, 0.003922663473136994, 0.005373110972390904, 0.0067657780864741526, 0.007988246901076797, 0.008697376099880921, 0.008302837885610021, 0.0074357209604977385, 0.004216100443560166, 0.002695492778954227, 2.315200571517625E-4, 3.062209482767134E-4, -5.623172956906338E-4, -8.756617688489449E-5, -0.0010991603276081288, -2.757713696680599E-4, -9.426275727995191E-4, -0.001718746790463146, -8.768016502172578E-4, -0.0011682879932319317, -4.394446588068595E-4, -9.279263314772388E-4, -4.734776129835665E-4, -1.601948159067215E-4, -3.8882054306819887E-4, -6.476718261401406E-4, -7.424413925428811E-4, -0.0023639288280221864, -0.0027873744123696987, -0.004745127421066059, -0.004917846271163164, -0.004326372953266397, -0.0012578331458611882, 9.139415245490153E-4, 0.0024013502203831623, 0.0025514197488016007, 0.0021080547645356976, -0.001826956306256634, -0.0011365797382619505, -0.0014068119603513718, 1.6596910427771724E-4, 1.0917366483498819E-4, 0.0021703203218711577, 0.0020607615872597694, 0.0043469724098002815, 0.005790062188623503, 0.0072849881709269775, 0.009282241071736266, 0.0104294397739275, 0.012380714985019801, 0.013188869210148972, 0.01018206357217687, 0.006855369856649592, 0.0028815368992193766, 0.004764594556820489, 0.0037968284456730297, 0.00420876189260265 ], [ 0.0011518513531076566, 0.0011310688910320151, 0.001978944008887423, 0.0036475982455549437, 0.005014709278463344, 0.006444958300805153, 0.00835046992782449, 0.009848502043675673, 0.009856351424666654, 0.01321170931628401, 0.008261146495923345, 0.010777831801080615, 0.004662993644466395, 0.006420355429686564, 6.086456884148404E-4, 0.0011522949085893436, -0.0011598209121223284, -0.0017273370803136973, -0.001396059572870091, -0.0018907830527891654, 5.831352906108807E-7, 1.255671891157972E-4, 4.8658463953942253E-4, 0.0022388325416203394, 0.003555664074300064, 0.004593979912682642, 0.007101017471364544, 0.007229682818099413, 0.008183576157189537, 0.008821456489288058, 0.00912958687964892, 0.009090109682441483, 0.00993983233876956, 0.01259501957978334, 0.011339766497555557, 0.011672115193399554, 0.00958270870849474, 0.01038824364869352, 0.008350604958039314, 0.009514871959717678, -0.0021338883886748918, -0.0021317045841803117, -0.003129848108702264, -0.0038641511219364186, -0.00488913393084691, -0.005704101407523546, -0.006822461537724699, -0.008110442715385807, -0.008074262471610695, -0.010353697615092737, -0.005946657322221606, -0.00801562359622448, -0.0025847211477717526, -0.001620634376774814, 0.00601591600777085, 0.004093856468170813, 0.005352210395949973, 0.004495262435583113, 0.004153457435393538, 0.004108479074037461, -4.7887325870371204E-4, -1.4584479553290592E-4, 1.528152654857673E-4, 2.1244341525126017E-4, 5.395843041194666E-4, 2.4247736098823345E-4, 0.0018986450315304326, 0.0012394890762749326, 0.0035111037646301593, 0.0029771936629975912, 0.005040617550404079, 0.0044085965565302645, 0.007550785228106009, 0.005717678817873032, 0.0056434452797401655, 0.007308680343414796, 0.00972204362835369, 0.008646217149281309, 0.008878804751883148, 0.009074839371427881, -7.333355509591139E-4, 7.530761781147986E-7, 8.165223969741794E-4, 0.003032714134172097, 0.004533751445247288, 0.006879309979574333, 0.007658649434651751, 0.009968864426979461, 0.009214671396780864, 0.010371657027061307, 0.007789401080321002, 0.0069076536665357196, 0.0022917313578024972, 0.0024879247235754325, 0.001422868764686221, 0.0014492340299056539, 9.550010119924634E-4, -6.287992406984914E-4, 4.8431383863850277E-4, -2.728185097399491E-4, 0.005511188355169075, 0.005127461439988315, 0.005765620022540524, 0.005621720560880559, 0.005759399188661166, 0.0057975266516453365, 0.005748995980494526, 0.005929420368849694, 0.0051079952234525374, 0.005608685813056717, 0.003791869274793064, 0.0028037612427316504, 6.141776338195374E-4, -8.70894262588695E-4, -0.002275051011137868, -0.0010339798364041245, -1.5401080196268202E-4, 0.0028591765865626406, 0.0020599204148615867, 0.002668092951852996, 9.486701963700558E-5, 4.998958137868321E-4, 7.365195563994295E-4, 0.0019847094861578157, 0.0026080346275805613, 0.004076018640061218, 0.005457317683941956, 0.006735416886037474, 0.009663542028275154, 0.010031326541305879, 0.01331606741316625, 0.01302368931322613, 0.016047158409076608, 0.015510627844938677, 0.012933397139274277, 0.0077688222414435265, 0.002979425104642334, 0.005013440785035322, 0.004311800213747404, 0.0046390884530026835 ], [ 8.660696136095959E-4, 6.196915836458738E-4, 0.001770903326840323, 0.0026089434530173435, 0.004463035231447286, 0.004708373172332828, 0.0079786852510115, 0.0068464854394329035, 0.01058590487100959, 0.008261146495923345, 0.010830944804509524, 0.006771810589959059, 0.007760132815830821, 0.003597708981582878, 0.0029379724807205286, 7.894440649419489E-4, -1.1061257543271246E-5, -0.0011078110455895434, -5.887711115193658E-4, -8.565345580450963E-4, -2.6890761163224684E-4, -4.1237729559145996E-4, 5.4308439866187245E-5, 0.001296492209480157, 0.0024962374448540435, 0.0030450960575621492, 0.005300300271627906, 0.004795997937891627, 0.0063373658030220215, 0.0054389833472775475, 0.006895765020026849, 0.004901236541623391, 0.007772651057775847, 0.006711028217177723, 0.007457345606687627, 0.005360745124122737, 0.00733669994254008, 0.0054311197041128426, 0.00584391775417706, 0.005736058110175411, -0.0018704145730264762, -0.0018522962123893017, -0.002896385751189435, -0.003246180491877608, -0.004590642850111915, -0.004849038936958937, -0.007129818009704642, -0.006367156559596769, -0.009084576591575484, -0.006933499032191921, -0.00866841337193372, -0.00533559853521457, -0.006339506410312991, -0.0011545665179689341, 7.91724303190822E-4, 7.642199405639775E-4, 0.0033183062081772493, 0.0018034619998645353, 0.0027447849506306347, 0.0013197815379675769, 1.863810057078734E-4, 8.655175323845247E-4, -6.4653095544366145E-6, 0.0014225886710922068, 1.1282801848792286E-4, 0.0018336181044748038, 3.951900738133389E-4, 0.002729790374884723, 0.0018348086108392475, 0.004516449690957797, 0.00275460984569471, 0.006157952060790828, 0.004904855944231648, 0.0060196056572849365, 0.0036981173955440544, 0.005931319664722619, 0.005861482692137298, 0.005129195598785467, 0.00552581152561365, 0.005987708068247623, -0.0013817437107629463, -8.645782308793448E-4, 1.627469334105327E-4, 0.001519911222829589, 0.0032063233670780495, 0.004340426192789957, 0.005569159499946843, 0.006258037437301078, 0.0071738975463104026, 0.006246858611780778, 0.006278101253600188, 0.003023612725714112, 0.002663860606937911, 4.6609029629488826E-4, 6.431830573121782E-4, 1.0457899540736748E-4, 3.2670989544318635E-4, -2.820341182903096E-4, 4.190082309125085E-4, -2.6283065077455255E-4, -4.130340414397198E-4, 8.805886190263974E-5, 2.859627682203234E-5, 5.774277201145026E-4, 2.6843266664751354E-4, 7.188819177726963E-4, 0.0011521906166756658, 0.001007762137242363, 0.0010399705271699952, 8.350798932129142E-4, 5.683653092751422E-5, -7.954022475502489E-4, -0.002360015021233573, -0.0030392438443665854, -0.0026849483728022118, -8.87447274660759E-4, 0.0014020242487957561, 0.0017212677279102911, 0.002336282509730471, 0.0016694640775825858, -0.00273975144632038, -0.002089255891471355, -0.002382993529707062, -8.142541423294781E-4, -9.878331575162585E-4, 9.565067656461878E-4, 7.112368299585758E-4, 0.0028879164115190635, 0.0037149461588228453, 0.005434762174589449, 0.006095769481903407, 0.0076756353047012236, 0.008591428055556597, 0.009548892106470063, 0.0071878763696429275, 0.004521287252108174, 0.0015783193014104302, 0.0034679595366171943, 0.0020419579753219283, 0.0029407373576684896 ], [ 6.046476943491147E-4, 0.0011256013410564213, 0.0011202060936406498, 0.0026557800269864013, 0.0034921065199352503, 0.0046525416352801, 0.006121683326274898, 0.007507059055721506, 0.0076165276357650444, 0.010777831801080615, 0.006771810589959059, 0.011405648939153776, 0.004338293346791673, 0.008416350657344331, 0.0027731878381913656, 0.0045828562453617844, 0.0017516829017441686, 0.0017117325155689886, 0.0020305533292784097, 0.0015309370332711333, -1.297632619676868E-4, 6.019695884150368E-4, 8.78865504885518E-5, 0.0016268908053958516, 0.0024646373177038684, 0.002741174003345432, 0.0051081705295078425, 0.004530645166015993, 0.0060192077997997, 0.005987625269903594, 0.007653635046765526, 0.007657084535153625, 0.009135573307995111, 0.011509953292376465, 0.011284471459510444, 0.010566947808286653, 0.009950319030373052, 0.009917490546403293, 0.00833578022001921, 0.00936904626502247, -0.0013316944611993556, -0.0016732011913745196, -0.002104439420351443, -0.0027334928028890197, -0.003468459310376441, -0.0042031303502328135, -0.005093420055254397, -0.006429773991388039, -0.0064578101202354115, -0.008553140676305384, -0.004593261788873981, -0.008105759304742253, -9.9112257512743E-4, -0.0033321870465314665, 0.0046025375649469446, 0.0013848625350878136, 0.0034158686898567636, 0.0025731580740001687, 0.00199343540302657, 0.0025700351951400404, -7.418475335515647E-4, 9.77098322914638E-5, -1.3361325175759248E-4, 5.022470303457801E-5, 1.682390280994903E-4, -4.0810213852104753E-4, 7.940669452435007E-4, 4.704411937353623E-5, 0.0016451271428171807, 7.728667347616901E-4, 0.0018335007032168119, 3.6250815144722216E-4, 0.003272744028201538, 0.001390115960458836, 0.0019923352946918183, 0.0024332746583936825, 0.0060781036330709364, 0.003848741475497095, 0.0048380908495177875, 0.004396969518223608, -4.664518084041347E-4, -3.462093162254507E-4, 4.0279321634832064E-4, 0.001550852498924702, 0.002879470499453324, 0.0042441169560568795, 0.0049721462215845304, 0.006464612811888732, 0.006546366332588352, 0.00772117024859957, 0.007179989266315909, 0.007830108176989327, 0.004883100600975384, 0.005151124281046344, 0.003772769897825065, 0.0033614519568022716, 0.0015746930239496932, 6.197325441143162E-4, 0.0014002739999903928, 7.973774649388759E-4