{
  "weights" : [ 0.24356196065402377, 0.23477103105465236, 0.23320366346818502, 0.22349736516672714, 0.21586015159068922, 0.19873569870284216, 0.19631592910191076, 0.1799446534774921, 0.17701249939825273, 0.1391454894375519, 0.12760374218974657, 0.07261887023742825, 0.07556913772636999, 0.03464808939302674, 0.04316845667902268, 0.003975765890663039, 0.01621767138784032, 0.01942785356078188, 0.01040892912535093, 0.023177955813703705, -0.05509831870659559, -0.05291741873502632, -0.06165204729325632, -0.0640481220166599, -0.074198754795313, -0.07629500324080087, -0.09001925573245197, -0.08345261560087776, -0.0973703917407416, -0.08234970727832411, -0.08924879618221739, -0.050892273221122254, -0.07132169823237859, -0.006703565910959027, -0.04473365836218034, 0.011957247431033118, -0.009384672367768045, 0.0030100629015575833, 0.004754157151075143, -1.697245875340314E-4, 0.961150612337586, 0.9625160388153406, 0.962338742838534, 0.9621975863284287, 0.9622069204004935, 0.9614039538817525, 0.9620001907412455, 0.9596065347094661, 0.963493983079519, 0.956829133889572, 0.9521280384240557, 0.9188632831964283, 0.8905385218587987, 0.8456330210470407, 0.8355517407627929, 0.8142094133497917, 0.8039660465059302, 0.8179753489934186, 0.8096215695864428, 0.8285039117127848, 0.11255059850846398, 0.11728698435122656, 0.11000165408343804, 0.11515179354451119, 0.11191357205583014, 0.11426683970784647, 0.10872310331837783, 0.13270155127247893, 0.14147240576122366, 0.2095530520934687, 0.26389276972421466, 0.376713244900152, 0.44823511786111364, 0.5248145034212703, 0.5459215197207921, 0.5725184676479568, 0.590126600127591, 0.5669601125748984, 0.5826592668833288, 0.5524428206541965 ],
  "covariance" : [ [ 1.471260669778657E-4, 8.982668464195866E-5, 2.0599391680985827E-4, 1.8529477249376478E-4, 2.505921159692009E-4, 2.986796396845428E-4, 3.013779621219871E-4, 3.3615069972671864E-4, 3.801531979440283E-4, 1.0706757166224237E-4, 1.211328968391918E-4, -3.000373945016681E-4, -1.0136079467784403E-4, -5.406369877827618E-4, -8.627592644898462E-5, -1.504527560210611E-4, -3.859947846750461E-5, -1.7812026294478336E-4, -2.9496908738284834E-5, -1.497739619964999E-4, -1.0766867736333845E-5, 3.378416077903279E-5, 2.8736370292898328E-5, 1.0534144953928438E-4, 1.516359034305976E-4, 2.024135088316035E-4, 2.987689633783554E-4, 2.950762467054631E-4, 3.9077803836821013E-4, 3.190462776452549E-4, 4.970425105765155E-4, 4.405917526287529E-4, 1.5979343239213575E-4, 4.281711421125781E-4, 2.5254636448976826E-4, 1.4453298872192611E-4, 1.6141514857242003E-4, 1.4816740375589408E-4, 6.304713464063913E-5, 1.4122471534873908E-4, -1.7070792516552507E-5, 2.1005191384096365E-5, 4.4194910163113755E-6, 3.774449853860439E-5, 5.2002922776014313E-5, 7.188094413334595E-5, 9.709820627399131E-5, 1.1014958105598899E-4, 1.0667508802010672E-4, 6.262355813860008E-5, 3.10703361019401E-6, -3.216725175050277E-4, -1.7037714065647205E-4, -3.2561355830432084E-4, -1.8966151483014427E-4, -2.1151461189456146E-4, -1.2387033461388577E-4, -2.5372071747690274E-4, -1.2219048092805684E-4, -1.9262793987776636E-4, -1.8250254152890434E-4, -3.4293877702724906E-4, -4.462221912597047E-4, -6.043467959714905E-4, -6.939738259781274E-4, -8.687107732942359E-4, -7.12243946830384E-4, -7.675212367109623E-4, -3.421101450167351E-4, -2.5607530313367534E-5, 3.2339998423902105E-4, 7.067355953759866E-4, 3.3071644722142753E-4, 5.893023478092402E-4, 1.9979647073852967E-4, 3.2192095114896553E-4, 1.1465952269678196E-4, 3.6822551631022344E-4, 1.3614683110036493E-4, 2.7548634029523424E-4 ], [ 8.982668464195866E-5, 3.09187599030771E-4, 3.1742758804774023E-4, 4.6594571901384786E-4, 6.800160275726411E-4, 7.160828068873532E-4, 9.779410947650961E-4, 8.531146344121694E-4, 0.0010184118784679044, 6.935495632911965E-4, 7.9367854414603E-4, 8.269356199527993E-5, -3.5139135819247394E-4, -6.582732633794422E-4, -4.1781596859331063E-4, -3.8656088550254926E-4, -4.285809044913386E-4, -3.527272941624007E-4, -3.263146678741636E-4, -3.463061157679289E-4, 8.130163191928814E-5, 1.2603325427084405E-4, 1.9400789067628536E-4, 3.185040047221825E-4, 4.64899041582651E-4, 6.389593601688903E-4, 6.992347651609993E-4, 8.392431872020632E-4, 8.601412431874887E-4, 9.514431849235279E-4, 9.148753555578121E-4, 9.597307458627716E-4, 9.479258187724656E-4, 7.718345549497187E-4, 7.938663072390587E-4, 4.5382815467435176E-4, 6.933043919669906E-4, 5.339934310185285E-4, 6.142174601837019E-4, 5.022329872033596E-4, 2.1640136142672646E-5, 3.128277461291882E-5, 6.060909372572416E-5, 9.973559056572961E-5, 1.2719303365501546E-4, 2.1772317502712549E-4, 2.0420901618267557E-4, 3.1390156443529706E-4, 2.3662262576798696E-4, 3.7507608328817124E-4, 1.4694122074759212E-4, 2.664448790180285E-4, -3.102697417392839E-4, -1.6864122940943587E-4, -4.643629286639253E-5, -1.449594528987129E-4, -8.0044872439845E-5, -1.9284373665148297E-4, -1.1478099092185519E-4, -1.4235217557551192E-4, -3.683958439103814E-4, -7.560860260277168E-4, -9.969027489943251E-4, -0.0013017722105613525, -0.0016208614189426752, -0.0019212804099673242, -0.0019999115215229633, -0.002064168093649242, -0.0015640988551611748, -0.0013810012345593357, -5.508268730551947E-4, -4.026279680090116E-4, 8.493246810469933E-4, 2.1608568675360974E-4, 1.825348487405676E-4, 6.302020467049068E-5, 1.1878858266827607E-4, 1.905231694694284E-4, 1.3032665469630327E-4, 1.4907200168259822E-4 ], [ 2.0599391680985827E-4, 3.1742758804774023E-4, 5.862087878461558E-4, 5.946141048573288E-4, 9.216043577821163E-4, 9.322357854666054E-4, 0.0012300959233241882, 0.0012192971548249942, 0.0013240013155301335, 0.0010586266437407322, 0.0010438819243254113, 1.849453965882541E-4, -1.5419090368929772E-4, -7.790629201680761E-4, -2.5555005148544384E-4, -3.3413691540502556E-5, -2.444843707712031E-4, -1.2934526188962232E-4, -1.8747530431083805E-4, -9.4273366266711E-5, 2.2791839777713127E-5, 1.3714750134734326E-4, 1.685764910455599E-4, 3.8033774608291703E-4, 5.352291851700289E-4, 7.763128730371765E-4, 9.447014057481095E-4, 0.0010421839520554036, 0.0012220653439860385, 0.0012357047561844029, 0.0013386327617352916, 0.0013256978013370176, 9.415092201538727E-4, 0.001079678945981691, 9.062878302525379E-4, 3.7461675763269316E-4, 7.110032219777657E-4, 5.208588503112793E-4, 5.894445507480435E-4, 4.760034135710883E-4, 5.864515527921583E-6, 6.37043869528945E-5, 2.8000182578417537E-5, 1.4002022628632874E-4, 1.5895652059728577E-4, 2.9453765934369313E-4, 2.8802693743515867E-4, 4.0173739116923204E-4, 3.6560744253617746E-4, 4.0825726094573787E-4, 2.476645893442082E-4, 4.5777884465141716E-5, -2.5039456146336606E-4, -3.878506329644311E-4, -6.500265122997783E-5, -9.851640359743065E-5, -5.755171081602666E-6, -2.734709158243363E-4, 2.145675843849261E-5, -2.0390561684018813E-4, -5.022959258151739E-4, -0.00100207419193741, -0.0012852847243256186, -0.0017705755394328607, -0.0022236990581915956, -0.0026142529370737654, -0.002687802278482836, -0.002668842780794619, -0.0022454192798860625, -0.001576417185235057, -7.165674147487037E-4, -2.1050532562660906E-5, 6.730831368651819E-4, 6.430037321193032E-4, 8.002437708863873E-5, 1.9642569057204596E-5, -5.3286320705254404E-5, 2.8069418476383315E-4, -1.0596206432918442E-4, 1.9069730966622128E-4 ], [ 1.8529477249376478E-4, 4.6594571901384786E-4, 5.946141048573288E-4, 7.858954247319668E-4, 0.0011581203900439126, 0.001208171617865403, 0.0016180422786316762, 0.0014866125895002058, 0.001739211893516362, 0.001238904399928894, 0.0014884473066188813, 2.578249470762663E-4, -3.283588625319152E-4, -0.0010580890100116117, -3.7105812703590497E-4, -4.180217267246904E-4, -4.4306241584681275E-4, -4.186076342988463E-4, -3.2171225824442713E-4, -3.597634870866186E-4, 9.346835171751588E-5, 2.0463898055944512E-4, 2.9103758460746044E-4, 5.238279676440745E-4, 7.346353408050682E-4, 0.0010493215774737726, 0.0011794483084569033, 0.0013799086336577673, 0.001471604073258427, 0.0016122949224987228, 0.0015253872509703834, 0.0016334836395422278, 0.001358469347263268, 0.0013391804470301515, 0.0010827724408693981, 6.139071753571375E-4, 9.283660810193154E-4, 7.620404463558042E-4, 8.198090239091439E-4, 7.012132319745172E-4, 2.4033398187004892E-5, 5.912958146600101E-5, 8.040303264078294E-5, 1.619100015858917E-4, 2.0847426030181523E-4, 3.5939041429535937E-4, 3.5803382103694016E-4, 5.071621680085057E-4, 4.427257422957115E-4, 5.893354688455584E-4, 3.34510946342568E-4, 3.7985863104956905E-4, -3.279571246871657E-4, -3.721713352145147E-4, 2.025708218205693E-5, -1.4281942326941884E-4, 5.776620583388623E-6, -2.8536115322061424E-4, -5.194043187506232E-5, -1.9339334000061478E-4, -5.816568142112601E-4, -0.0012073512392815622, -0.0015976803357542306, -0.002146904479733532, -0.00269026181445578, -0.003176406766299852, -0.003376279144237977, -0.0034284441318234793, -0.002861096609035241, -0.0022464443576164055, -0.0011596105320733994, -5.521350392582733E-4, 0.0010156041578489245, 5.941618263041104E-4, 6.48053886875197E-5, 4.622657525105083E-5, -3.4816033458117224E-5, 2.9992059446090944E-4, 4.091904603522188E-6, 1.8924199919509034E-4 ], [ 2.505921159692009E-4, 6.800160275726411E-4, 9.216043577821163E-4, 0.0011581203900439126, 0.0019008380521727845, 0.00180207705379049, 0.002729014229677464, 0.0022561930700123016, 0.002925028149290369, 0.002116195871168095, 0.0023436254582222937, 6.47073226938624E-4, -1.750109329584635E-4, -0.0015998087347769143, -4.796797211715869E-4, -3.0293522957547354E-4, -5.292885746030694E-4, -4.0546571984673185E-4, -3.679456994926921E-4, -2.9223625358987715E-4, 1.144391455437836E-4, 3.142966224710668E-4, 4.258435290322832E-4, 8.149200643069025E-4, 0.001138110711510489, 0.0016562015386614654, 0.0018466402397954015, 0.0021657519163253824, 0.0023205897071990954, 0.002528600800161101, 0.0023825101934194888, 0.0026078796648905758, 0.0018380279966176368, 0.002063745492860092, 0.0016872482559320814, 7.590187389736268E-4, 0.0013245686917978399, 0.0010027514497911068, 0.0011287511751569813, 8.992229717245262E-4, 2.4468474879297367E-5, 7.590622925436364E-5, 1.243439960969088E-4, 2.535674160525426E-4, 3.2254791910597526E-4, 5.776710429657997E-4, 5.514582167160896E-4, 7.848365762409068E-4, 6.782447471544422E-4, 8.737278266366871E-4, 5.04562608342939E-4, 3.8849635941533864E-4, -5.141474738419228E-4, -6.057822647614762E-4, -6.809903503974095E-5, -3.5945305175235E-6, 5.627449179084043E-5, -2.4318291574118217E-4, -4.095712669906169E-6, -1.7983528787239166E-4, -7.249270355119157E-4, -0.0017012345938622188, -0.0023957180496293547, -0.0032323288178110416, -0.004185969789448666, -0.004895424751144564, -0.0053438543349429, -0.005175762780972413, -0.004625453935147727, -0.0034189761308738033, -0.0017026494960554503, -4.912342699535298E-4, 0.0014612798352197458, 0.001025363050126759, 2.017274882721493E-4, -2.5966789665832153E-4, -1.2442392884774015E-4, 1.5667595447338976E-4, -9.96718043488082E-5, 9.280429648229197E-5 ], [ 2.986796396845428E-4, 7.160828068873532E-4, 9.322357854666054E-4, 0.001208171617865403, 0.00180207705379049, 0.001890465804133283, 0.0025253670454310046, 0.002320319616435202, 0.002718456251571159, 0.0018918462039077845, 0.0022846025601214043, 3.5182363080936066E-4, -4.3454562926320756E-4, -0.0016661359732863847, -4.701021131942665E-4, -5.374741467388197E-4, -5.482573861351061E-4, -5.808611169990652E-4, -3.9095411157466856E-4, -4.7180630562450933E-4, 1.5806535134355927E-4, 3.202890788006891E-4, 4.4772235003584683E-4, 8.061597619622516E-4, 0.0011443825062075828, 0.0016304376705132467, 0.001822143731022684, 0.0021452876464186804, 0.0022619251906655685, 0.00251398168407097, 0.002339004622600368, 0.002565144121687588, 0.0019183602170023462, 0.002104140168978561, 0.0016414898687256915, 8.654023140176455E-4, 0.0014133058004846403, 0.0011201474872627514, 0.0012127242068179938, 0.001021294243204907, 3.369180161931562E-5, 9.622257669474257E-5, 1.224304473905514E-4, 2.548704514341441E-4, 3.2812800493944746E-4, 5.518132483195161E-4, 5.718894002343584E-4, 7.780358792484996E-4, 7.049560965072718E-4, 8.743216040069343E-4, 5.13663451937153E-4, 4.1102573220065533E-4, -4.907105444179986E-4, -6.518529974063829E-4, -4.988484600055456E-5, -2.0135933123232436E-4, -2.5391410455920098E-5, -4.221121808696624E-4, -8.425561085975431E-5, -2.932227636617536E-4, -8.812049215187131E-4, -0.0018810309453103852, -0.002445067610602437, -0.0033282286591188965, -0.004139602471853411, -0.0048930561861972475, -0.005199629350567186, -0.005209327483305157, -0.004366013054979429, -0.003259241263185354, -0.0016461095194498507, -5.078759676300601E-4, 0.001454727204909478, 0.0010947373218778988, 1.5070073893862988E-4, 6.947873867794248E-5, -2.841946151037709E-5, 4.4889696489355373E-4, 6.666583485592342E-6, 2.869575760041866E-4 ], [ 3.013779621219871E-4, 9.779410947650961E-4, 0.0012300959233241882, 0.0016180422786316762, 0.002729014229677464, 0.0025253670454310046, 0.0040583949603717065, 0.003162836533548847, 0.0043520758033407485, 0.003045384516564849, 0.00349095218109159, 0.001065043567468424, -3.36318340400389E-5, -0.0021255317965271233, -6.440433026711017E-4, -1.6733567020555794E-4, -6.074136456774056E-4, -3.875810980313538E-4, -3.451951452024539E-4, -1.8496291111898773E-4, 2.0366408938612485E-4, 4.476300117055735E-4, 6.398260717656919E-4, 0.0011505013685092322, 0.001636885681968188, 0.0023599980814079484, 0.002645437488205071, 0.003108756664318873, 0.0033070056518904652, 0.003636645136730106, 0.0033286635531361805, 0.0037591563045457983, 0.00248743868817023, 0.0027572659777621634, 0.002526615226264021, 8.448816862402989E-4, 0.0019195222503379642, 0.0012146531393818923, 0.0015191544129204146, 0.001083015169987937, 3.415314399186745E-5, 8.461439278721355E-5, 1.9141083290248828E-4, 3.5309310994336763E-4, 4.5658224968678755E-4, 8.240980869542484E-4, 7.594715969114758E-4, 0.0011162715932467291, 9.285548073991275E-4, 0.0012339597173434875, 6.537624843988278E-4, 4.952383409495671E-4, -9.269273511349254E-4, -7.84319564258926E-4, -2.685608578894842E-4, 1.4731344712448933E-4, 1.4382042298926006E-4, -7.328711114266585E-5, 4.8192809159503055E-5, -7.171938133283964E-5, -8.646113507625909E-4, -0.0022402838033595417, -0.0032304182104044205, -0.004427295951903062, -0.0057648128428337145, -0.006811580845944219, -0.007432803042405563, -0.007237943622378216, -0.00642130657666015, -0.004841001196154261, -0.002187747623730912, -5.043678740309641E-4, 0.002387028059564551, 0.0013091274136237136, 5.867521956481111E-4, -6.71412168209704E-4, -2.2237029895942308E-4, -1.9478709336075967E-4, -1.930353123380125E-4, -1.48562208388789E-4 ], [ 3.3615069972671864E-4, 8.531146344121694E-4, 0.0012192971548249942, 0.0014866125895002058, 0.0022561930700123016, 0.002320319616435202, 0.003162836533548847, 0.0029751293911243716, 0.0033757062765178004, 0.0026336130422539425, 0.003061166745316976, 8.454148833912318E-4, -2.9760116283255623E-4, -0.0016049447163983077, -4.4104146910647007E-4, -1.5517781306492658E-4, -5.234481320862998E-4, -3.123032776660778E-4, -3.335408812384822E-4, -1.8066312783227625E-4, 1.7710903928723796E-4, 3.7933919339825614E-4, 5.363649592179708E-4, 9.747462949568726E-4, 0.0013819422131266456, 0.00199489552578526, 0.002270358216854174, 0.0026352652596399228, 0.002847554379556468, 0.0031581447945694696, 0.0028974332780435552, 0.003174916517502166, 0.002376419549173285, 0.002452444569106544, 0.002077678757990507, 8.447454617076575E-4, 0.0017587042935922072, 0.0012353163247742643, 0.0015054468114647063, 0.0011210286825486726, 4.862765853974035E-5, 1.2741439207308313E-4, 1.2294651602179316E-4, 3.2349275466198756E-4, 3.9457170227216243E-4, 7.047263743150559E-4, 6.959620460697554E-4, 9.724999444756791E-4, 8.922072330946144E-4, 0.0011016726268115544, 7.097340662256279E-4, 6.925867449347411E-4, -5.227862844208464E-4, -6.396935832660308E-4, 5.187440574743363E-5, -4.657068676732683E-6, 1.7360541527136034E-4, -3.095904230344715E-4, 1.4725764785003114E-4, -2.0267841181053158E-4, -0.0010688528500504848, -0.002279885930372432, -0.002918473068945557, -0.004065040309276672, -0.0051107552202446895, -0.006013417770829222, -0.006476747081782135, -0.006481511803580505, -0.0057291790807455665, -0.00438923538226949, -0.0024865770207166773, -0.0010731874116871457, 0.0016090100847762022, 0.0010358753140581618, 3.330801606580647E-5, -3.276676924010859E-4, -3.020537621155339E-4, 1.9165993804339942E-4, -3.4544993202668885E-4, 6.601099415813244E-5 ], [ 3.801531979440283E-4, 0.0010184118784679044, 0.0013240013155301335, 0.001739211893516362, 0.002925028149290369, 0.002718456251571159, 0.0043520758033407485, 0.0033757062765178004, 0.004766182596256348, 0.0031535982953126616, 0.0038352922672348867, 0.0010815687529420032, 2.8330172228277755E-4, -0.002393316198568518, -3.4457240611879313E-4, 2.181610189586121E-5, -3.0886124740729816E-4, -2.712852731181255E-4, -3.278835353774637E-5, 1.3988162360956387E-5, 1.9294277675084502E-4, 4.680343233868311E-4, 6.66721751246983E-4, 0.001225576243619407, 0.0017254148644431171, 0.002504287035053795, 0.002839071249326147, 0.0033080919679822785, 0.003539256032564878, 0.003881473461300656, 0.0035258131572735254, 0.004063491537747742, 0.0022861032121670364, 0.002984197917770077, 0.002469159434223827, 6.850140236768691E-4, 0.0017886075410201156, 0.0010601636414882007, 0.001294634161132407, 9.322576188913742E-4, 1.0483739031820417E-5, 7.707535354345923E-5, 1.9984985374929773E-4, 3.5722782220174137E-4, 4.888347864249362E-4, 8.522566631585127E-4, 8.242148187207235E-4, 0.0011549063943126895, 0.0010084580023665055, 0.001244422877659024, 7.116137006147783E-4, 2.586940457660641E-4, -9.41256476938537E-4, -9.998318815151522E-4, -3.7317869227179734E-4, 2.1388413015011208E-4, 2.33960343680984E-4, -2.1166211064678864E-5, 8.997639135912444E-5, -1.8071548259025768E-5, -8.041245942187628E-4, -0.0022542519450275125, -0.003341522852715467, -0.004637373843106834, -0.006040554740360619, -0.0071575626745836556, -0.00779945771557939, -0.007603024221505765, -0.006760445240238863, -0.004818930116420773, -0.0021373274242905537, 8.332601404310985E-5, 0.002364111033554348, 0.0017891213807817684, 6.461885307925563E-4, -7.053494477620144E-4, -3.824650826505161E-4, -2.3081024612909515E-4, -2.6688590136893356E-4, -2.1370528801620644E-4 ], [ 1.0706757166224237E-4, 6.935495632911965E-4, 0.0010586266437407322, 0.001238904399928894, 0.002116195871168095, 0.0018918462039077845, 0.003045384516564849, 0.0026336130422539425, 0.0031535982953126616, 0.0030302279347323297, 0.0031571594030677984, 0.0018919738101229782, 3.102070061084596E-4, -5.452460158724802E-4, -2.400630164127279E-4, 7.079826991851565E-4, -3.834726493283805E-4, 4.540952637515513E-4, -1.6877562743496615E-4, 5.230350386650867E-4, 9.99596767640632E-5, 3.108199012391971E-4, 4.5362622026518407E-4, 8.62723059263825E-4, 0.0011782124961897634, 0.0017934128011175485, 0.0019726746524468567, 0.0023095528889571777, 0.0025076589339949507, 0.0028398203659671596, 0.002402372234942949, 0.002696328215357439, 0.0021538742411830497, 0.001846107762113807, 0.0018530931601754268, 4.1258935571434046E-4, 0.0014586247651169433, 8.325207949188056E-4, 0.0013559311555829694, 7.376218156584968E-4, 5.854686865743528E-5, 8.539606092528745E-5, 9.342092126791136E-5, 2.8243943578415507E-4, 3.222749989899859E-4, 6.662839303646832E-4, 5.60017348759163E-4, 8.571773008969909E-4, 7.59679994369814E-4, 0.0010597668127416673, 7.868783452639437E-4, 0.0012451382497612952, -2.114798800621885E-4, -5.5379785936454466E-5, 4.0856594201889665E-4, 6.699699360540729E-4, 5.900148523017659E-4, 3.0248443501069034E-4, 5.784107528233709E-4, 2.5187019063325437E-4, -6.911805883787701E-4, -0.0016740034969516834, -0.00234025916566286, -0.0032744654685352855, -0.004463533685688738, -0.005032802700709238, -0.005947065687814526, -0.005669044928925346, -0.005993923547861949, -0.004943072867743713, -0.00344187024921734, -0.002371506303677999, 9.595849463530196E-4, -1.124410088497243E-6, -3.631275204524655E-4, -0.0013994862388404016, -7.824949309364921E-4, -7.799876696666006E-4, -9.080065864580847E-4, -6.711183167998594E-4 ], [ 1.211328968391918E-4, 7.9367854414603E-4, 0.0010438819243254113, 0.0014884473066188813, 0.0023436254582222937, 0.0022846025601214043, 0.00349095218109159, 0.003061166745316976, 0.0038352922672348867, 0.0031571594030677984, 0.00442880881570204, 0.002269235531104207, 0.0010554130836411158, -5.323872380142449E-4, 8.383387789336245E-4, 0.0011392870164563678, 5.474602315842607E-4, 7.915614311680876E-4, 7.749548569614083E-4, 0.0011135921025736738, 2.0767649475645088E-4, 3.803509460367374E-4, 6.076128744990615E-4, 9.844022165199087E-4, 0.0013276574129079215, 0.00203662116756662, 0.002221871121970662, 0.0026408629030625227, 0.002716742883332419, 0.00336666057538083, 0.002257255386728877, 0.0030991434602489236, 0.0016780489840940657, 0.001977452910776793, 0.001341986289847207, -1.1010641493394382E-4, 0.0010903668864703925, 3.94772538481866E-4, 8.536442847438808E-4, 3.030153525880187E-4, 5.155443660237242E-5, 6.517369190852186E-5, 1.3302259411729006E-4, 2.6136067523764627E-4, 3.7038741834368886E-4, 6.658178376545031E-4, 6.689884461562457E-4, 8.780615459617916E-4, 9.435896107150057E-4, 0.0011271302075376102, 0.0010685446287208096, 0.0014071173527447484, 1.6396108685138807E-5, -1.7871908967646572E-4, 5.352519199038389E-4, 0.0010190196117035623, 0.001070762848892973, 7.591663809429901E-4, 8.960954830086079E-4, 6.734750697604446E-4, -4.738588987456534E-4, -0.0015277072952585697, -0.0021302573568152436, -0.003279669398940972, -0.004362139118989284, -0.005043643103282182, -0.006190741334568189, -0.006118689845457457, -0.006731639483269016, -0.005227411087530422, -0.004256623402690544, -0.0023333054147995345, 5.475324140669058E-4, 4.328143864622884E-4, -6.572495531540684E-4, -0.0017462101012492043, -0.0014575772443004048, -0.0012976559160864194, -0.0013466465250847716, -0.0012121238274804935 ], [ -3.000373945016681E-4, 8.269356199527993E-5, 1.849453965882541E-4, 2.578249470762663E-4, 6.47073226938624E-4, 3.5182363080936066E-4, 0.001065043567468424, 8.454148833912318E-4, 0.0010815687529420032, 0.0018919738101229782, 0.002269235531104207, 0.0029130672675699095, 0.0019132068257673362, 0.0020185972234514197, 0.001338020982768683, 0.0026514511611899754, 0.0010530642371193333, 0.002246791322836576, 0.0012526909782534913, 0.0022883425329908017, -5.936087319472563E-6, 9.679882071465518E-6, 1.2303177870501291E-4, 2.0230360348480743E-4, 1.8754552419593547E-4, 4.796387870469013E-4, 3.3317345103675523E-4, 4.846479200850093E-4, 3.547342886693717E-4, 8.560095597338333E-4, -2.2407105575554987E-4, 3.5916793740233037E-4, -1.8445101896890398E-4, -3.3057213866081E-4, -1.4502228094990808E-4, -0.0012649346860648819, -2.4254373597891378E-4, -9.177812181037791E-4, -1.5634113337227096E-4, -8.685387888262865E-4, 2.7927486188746962E-5, -4.780400869644722E-5, -1.403555309278412E-5, 1.2199331997164187E-5, 3.433455484968574E-5, 1.3604802736831621E-4, 8.21591595786237E-5, 8.058551985233883E-5, 2.1736564361493215E-4, 3.263372248412518E-4, 7.036426382918885E-4, 0.0014983400407927326, 8.259526646464434E-4, 0.0010137810299040235, 8.769625997521559E-4, 0.0018427095683714958, 0.0013596087293061784, 0.0015743283523489895, 0.0012968275346307387, 0.0012731193813359425, 5.26065630092489E-4, 4.6437423290856796E-4, 3.381064993190584E-4, 1.583955743065965E-4, -4.071813679503156E-4, 4.807472857800308E-5, -0.0012775869183722275, -8.43412178127215E-4, -0.003087419711331582, -0.0029244176225687057, -0.0037438992683002732, -0.0031084824369650307, -0.001607312316822972, -0.0015917235573526625, -0.0011614401029095061, -0.0028344825670538133, -0.0017217850027941917, -0.0024583765100168486, -0.0017809214114107273, -0.0020668677537909103 ], [ -1.0136079467784403E-4, -3.5139135819247394E-4, -1.5419090368929772E-4, -3.283588625319152E-4, -1.750109329584635E-4, -4.3454562926320756E-4, -3.36318340400389E-5, -2.9760116283255623E-4, 2.8330172228277755E-4, 3.102070061084596E-4, 0.0010554130836411158, 0.0019132068257673362, 0.0033397655411481833, 0.0019763302407923766, 0.0027688954333113967, 0.00391129154234136, 0.0028142997007161623, 0.003150689453896571, 0.0028838975064881672, 0.0034087852474307, -1.414416032332998E-4, -1.9650461025332537E-4, -1.8766716080900167E-4, -2.3328970483381818E-4, -4.107488971033703E-4, -3.89610197753111E-4, -4.6327164760111836E-4, -5.743480142276656E-4, -6.903798502924275E-4, -4.033071035872224E-4, -0.0012878901482253732, -5.130400514323455E-4, -0.003020782011774234, -0.0010827321272619378, -0.0015026803805601088, -0.0027067683648415645, -0.0017512598683663094, -0.002518846587523601, -0.002086753717711432, -0.0023576272343871166, -1.1639575641306074E-4, -1.3388966527337067E-4, -9.97117076611553E-5, -1.6465242860880648E-4, -9.750314749490367E-5, -2.4616636725473083E-4, -1.0543816257494053E-4, -4.3900229161600193E-4, -6.552189115259716E-5, -5.434663053800134E-4, 2.6926940029345744E-4, -7.462263215013757E-4, 8.793328031350466E-4, 3.333518558898837E-4, -9.903507787989381E-5, 0.001961601443014956, 0.0012910383789516762, 0.00186849989834511, 0.0012287689284168752, 0.0014752261688135721, 0.0014028803204059882, 0.0017634036413909106, 0.0018672782254183168, 0.0019452141619214058, 0.0019734462526749437, 0.0026971441758154744, 0.0019644395757031337, 0.0024587809864215545, 2.6555591526424374E-4, 0.0011359292042950686, -6.400573861926225E-4, 0.0015243006281253876, -0.0026736075657330335, 8.978798727652385E-5, -3.819315264030716E-4, -0.002550213047908028, -0.0017951682951678103, -0.0025837119795376145, -0.001673639296485373, -0.002185223258441128 ], [ -5.406369877827618E-4, -6.582732633794422E-4, -7.790629201680761E-4, -0.0010580890100116117, -0.0015998087347769143, -0.0016661359732863847, -0.0021255317965271233, -0.0016049447163983077, -0.002393316198568518, -5.452460158724802E-4, -5.323872380142449E-4, 0.0020185972234514197, 0.0019763302407923766, 0.0042063974934716895, 0.0016308027143267152, 0.0034354839901456448, 0.0016596982611646266, 0.0030118523998707305, 0.001725356348656309, 0.00288249445977164, -8.205852607587915E-5, -3.8196227572760585E-4, -3.577535378731261E-4, -7.915940764577062E-4, -0.001110347066490508, -0.0014959408135136098, -0.0017286076059394083, -0.0020130342846798716, -0.0022236008966189085, -0.0020338858264344587, -0.0027785452851388105, -0.0025627367801510383, -0.0021388302004800267, -0.002927689604501529, -0.00152926880532399, -0.002347387158845676, -0.0013164763291655533, -0.0021756988839818528, -0.001241938649612049, -0.001960517172736586, 8.5867108764472E-6, -1.1155243479303444E-4, -1.892553634174327E-4, -2.5302683237811484E-4, -3.3712809673885484E-4, -5.089047202958423E-4, -5.670757590606329E-4, -7.792870033469117E-4, -5.8206117066886E-4, -6.860874113693085E-4, -2.1027026798600408E-5, 8.636416602103612E-4, 0.0010176681935997333, 0.001800626844997211, 6.2083690105617E-4, 0.00177983463722459, 0.0012115412963026493, 0.0019026212499731968, 0.0013329568666095373, 0.0014820352778542776, 0.0012131287112576298, 0.0022301449544350005, 0.003092931199597129, 0.0037302307994137494, 0.004386072671287875, 0.00551684521142043, 0.005099238823102786, 0.005030612305340499, 0.0027748760733787917, 0.0011141947725916456, -0.0011612651732009816, -0.0022034820257792005, -0.002647934216662752, -0.0030731785255931087, -8.672550365760855E-4, -0.0026253538413000673, -0.0014350773151763198, -0.002818086912327507, -0.0017057104182443405, -0.0022496493590178713 ], [ -8.627592644898462E-5, -4.1781596859331063E-4, -2.5555005148544384E-4, -3.7105812703590497E-4, -4.796797211715869E-4, -4.701021131942665E-4, -6.440433026711017E-4, -4.4104146910647007E-4, -3.4457240611879313E-4, -2.400630164127279E-4, 8.383387789336245E-4, 0.001338020982768683, 0.0027688954333113967, 0.0016308027143267152, 0.0030512634354835063, 0.0028856879800532005, 0.002816125381109132, 0.002366580099035046, 0.0026669551180573186, 0.0026805183093922395, -9.602418366301093E-5, -1.517938488306276E-4, -1.9619705560490832E-4, -2.9142740741613384E-4, -5.208859609874477E-4, -5.33237680629268E-4, -7.190124395345557E-4, -7.894234990262483E-4, -0.0010380488423584735, -6.053390468586783E-4, -0.0016953952545441177, -8.268633715204111E-4, -0.0031057244847205717, -8.96110946026563E-4, -0.0022805364805010427, -0.0022295150383021406, -0.0020377912264685637, -0.002081930093688956, -0.0020858204406922517, -0.002001593387524314, -8.713538282334041E-5, -8.157233202753147E-5, -9.780939873936828E-5, -1.77449941073713E-4, -1.1435110401987995E-4, -3.316850165018241E-4, -7.782168968181127E-5, -5.200260456326164E-4, 8.845835101437506E-6, -6.075320413747429E-4, 4.1747067398665796E-4, -5.666703280946437E-4, 0.0014167650750764147, 1.0632555786022324E-4, 3.303946751494226E-4, 0.0015264200733244133, 0.0011437855257093884, 0.0013884645287686856, 0.0010784769934122653, 0.0011634807729993158, 0.0011515544492243864, 0.001559464852249473, 0.0019457244891083927, 0.002047321447592545, 0.002392843203690806, 0.0031064769310091014, 0.0023436586047728765, 0.0028462305626649437, 4.5725707982524253E-4, 0.0016957607892630333, -0.0010726600192904729, 0.0011630652997436774, -0.0035273999285423494, 5.631511792185273E-4, -0.0011505667700720912, -0.0016256647977212337, -0.001689646762084664, -0.0017016320283688377, -0.0014911415919873884, -0.0015965909512652087 ], [ -1.504527560210611E-4, -3.8656088550254926E-4, -3.3413691540502556E-5, -4.180217267246904E-4, -3.0293522957547354E-4, -5.374741467388197E-4, -1.6733567020555794E-4, -1.5517781306492658E-4, 2.181610189586121E-5, 7.079826991851565E-4, 0.0011392870164563678, 0.0026514511611899754, 0.00391129154234136, 0.0034354839901456448, 0.0028856879800532005, 0.005699699620517859, 0.003231174453929833, 0.004579320454085664, 0.003434335783058546, 0.0047242341572659, -1.276469892921317E-4, -3.0740865764523456E-4, -2.4287410449819408E-4, -3.7236868502405255E-4, -5.16914531553624E-4, -5.820948967487006E-4, -5.575517593474273E-4, -7.736599349725804E-4, -8.011515913816392E-4, -5.243443495392161E-4, -0.0014059933890232823, -6.982892175902019E-4, -0.0032255372863171927, -0.0017933756772358124, -9.593865396059223E-4, -0.003599526813190276, -0.0014077166798258354, -0.003180120043987575, -0.0020144075236915764, -0.0029085057547016957, -1.1033195925970205E-4, -1.2923211663942383E-4, -1.8438083867609276E-4, -1.575985484940648E-4, -1.3624586087001916E-4, -2.5773936969221303E-4, -1.8024001053349586E-4, -4.809631521950808E-4, -1.3368640580169476E-4, -6.080011553440897E-4, 2.1023346808118188E-4, -7.106539736756879E-4, 7.062589310161993E-4, 8.9453980004476E-4, -3.14032187497283E-4, 0.002559509697991849, 0.0015888908380214935, 0.002488308699232208, 0.001712804116123333, 0.0019132919591026867, 0.00149578574436047, 0.0019056387909089194, 0.0022858954012036424, 0.002248224558173097, 0.0023179253194737545, 0.0031935583716454076, 0.0025999883989749175, 0.0029189316817272186, 6.750733810624195E-4, 8.752766326757869E-4, -6.786894435035723E-4, 0.0012244986755305973, -0.0026928432695232834, -0.0010030044674073433, -3.419741996426944E-5, -0.00369928304589369, -0.0021200069190656324, -0.0036966145475864865, -0.0023255659508549216, -0.003001496404384421 ], [ -3.859947846750461E-5, -4.285809044913386E-4, -2.444843707712031E-4, -4.4306241584681275E-4, -5.292885746030694E-4, -5.482573861351061E-4, -6.074136456774056E-4, -5.234481320862998E-4, -3.0886124740729816E-4, -3.834726493283805E-4, 5.474602315842607E-4, 0.0010530642371193333, 0.0028142997007161623, 0.0016596982611646266, 0.002816125381109132, 0.003231174453929833, 0.0028855171657561785, 0.002563331916196304, 0.0027664320771523723, 0.0028805311598528753, -7.838848884775052E-5, -1.86739028539219E-4, -2.1877699826833942E-4, -3.604124834126958E-4, -5.420169543132898E-4, -6.370889756151911E-4, -6.963391559461434E-4, -8.42977600062767E-4, -9.881027603400542E-4, -6.959367522630657E-4, -0.0015376457474240532, -7.535600894692864E-4, -0.0032617911948670357, -0.0010959251054977433, -0.0018435756413019342, -0.002484977111740862, -0.001819795473760295, -0.002312721089319046, -0.0021371003519693055, -0.002193094570073308, -1.0408909418311389E-4, -8.803986457478195E-5, -1.1432994456256958E-4, -1.7151861949351124E-4, -1.2251545183079572E-4, -3.313179776498037E-4, -1.1749933866193733E-4, -5.14663815764584E-4, -6.621658732859566E-5, -7.032834096758245E-4, 1.7439944437533942E-4, -0.0011165891995580076, 9.243062997894188E-4, 2.389112174431822E-5, -1.9039874925106016E-4, 0.0014528459223145111, 9.8593999991096E-4, 0.0014660218543709113, 9.993573226514875E-4, 0.0011637826746710633, 0.0012051638428140353, 0.0016094854350827154, 0.002044989382768704, 0.002091504066190253, 0.002520352231623114, 0.0031002200519046176, 0.0027269398945701387, 0.0030709663946473344, 0.0012556248490791491, 0.0022769959555495978, 1.1410009835147736E-4, 0.002286392551965226, -0.002793829890596613, 6.310752945106574E-4, -3.97262145939938E-4, -0.001658665366703992, -0.0014590368838597514, -0.0018806785260630397, -0.0013704325394183704, -0.0016368827944183103 ], [ -1.7812026294478336E-4, -3.527272941624007E-4, -1.2934526188962232E-4, -4.186076342988463E-4, -4.0546571984673185E-4, -5.808611169990652E-4, -3.875810980313538E-4, -3.123032776660778E-4, -2.712852731181255E-4, 4.540952637515513E-4, 7.915614311680876E-4, 0.002246791322836576, 0.003150689453896571, 0.0030118523998707305, 0.002366580099035046, 0.004579320454085664, 0.002563331916196304, 0.003736189104786772, 0.0027476885761613654, 0.0038129289596549494, -1.140611370451688E-4, -2.7364845366599185E-4, -2.198449003846515E-4, -3.49941547530316E-4, -5.057687579029366E-4, -5.830858277621539E-4, -6.320235719898596E-4, -8.052428074017481E-4, -8.904648949864165E-4, -6.367660681720082E-4, -0.001416306886306568, -8.571084308116548E-4, -0.0026408258977907387, -0.001634833840903442, -9.754003478062429E-4, -0.002907654388708204, -0.0012579991916935593, -0.002598190229033813, -0.0016536916400036507, -0.0023676124646464284, -8.324459078582765E-5, -1.1659105214627689E-4, -1.51946761536141E-4, -1.5452057560078536E-4, -1.381666245835078E-4, -2.6098479277250885E-4, -1.9528007317383048E-4, -4.6146824695522356E-4, -1.6865416550124467E-4, -5.19746079786989E-4, 1.862781486339099E-4, -3.4567283013962576E-4, 7.295686653691219E-4, 9.013271759446883E-4, -8.470443201520709E-5, 0.0021313670337998673, 0.001338650586313583, 0.002053275186024797, 0.0014110751116458789, 0.0015968554834051621, 0.001269421674365835, 0.001695300373396352, 0.0020322104667134344, 0.002118191191742579, 0.0022121626262382554, 0.00305721521284688, 0.0024857889168604565, 0.0027496825546918825, 7.452268058844227E-4, 6.985447770602461E-4, -8.095313865356716E-4, 4.90999717533522E-4, -0.002446617317463233, -0.0011208958437444792, -2.3322914314596248E-4, -0.0030552430880835244, -0.0017626117152093612, -0.0030351932220803973, -0.0019012126456764108, -0.002484669452205161 ], [ -2.9496908738284834E-5, -3.263146678741636E-4, -1.8747530431083805E-4, -3.2171225824442713E-4, -3.679456994926921E-4, -3.9095411157466856E-4, -3.451951452024539E-4, -3.335408812384822E-4, -3.278835353774637E-5, -1.6877562743496615E-4, 7.749548569614083E-4, 0.0012526909782534913, 0.0028838975064881672, 0.001725356348656309, 0.0026669551180573186, 0.003434335783058546, 0.0027664320771523723, 0.0027476885761613654, 0.002789929009170305, 0.003024046373637564, -6.772997140651405E-5, -1.869548215066543E-4, -1.6689425462479394E-4, -2.8155226639760094E-4, -4.269317908595949E-4, -4.881153138934682E-4, -5.300479406025857E-4, -6.541965907235776E-4, -8.011861846064022E-4, -5.036978676848374E-4, -0.0013406363537598383, -5.783089579458913E-4, -0.0029935683342632133, -0.0010643256485626225, -0.0015081149288801686, -0.00253473329172058, -0.0016052964322666805, -0.0023510109191227997, -0.002006566528463581, -0.0021921077293165477, -1.0681858343386298E-4, -1.0605034071191223E-4, -9.904510937926592E-5, -1.6321590849734775E-4, -9.690005279823383E-5, -2.9042242833845187E-4, -9.724467422770387E-5, -4.554237439299743E-4, -6.26602750232262E-5, -5.974164844298586E-4, 1.7455406404090636E-4, -9.606935832853242E-4, 7.456264299727808E-4, 1.5966532408059761E-4, -2.557643258263701E-4, 0.0015584829812282184, 0.0010496910268191345, 0.0015720254007071965, 0.0010146214604262857, 0.0012532841439376208, 0.00120633283924654, 0.0015471252793237847, 0.0018578951726015943, 0.0018775324100591517, 0.0021745071946975467, 0.0027572259946565996, 0.002369732726972963, 0.0026000549204036674, 0.001006537333854571, 0.0017506765567336644, -1.2666812088279371E-5, 0.002020995350046674, -0.0024122468678484787, 3.545857661798593E-4, -1.9963556563335448E-4, -0.0019206704883791511, -0.0014943242263561305, -0.0020992890968902305, -0.001379332176706061, -0.001807482898424191 ], [ -1.497739619964999E-4, -3.463061157679289E-4, -9.4273366266711E-5, -3.597634870866186E-4, -2.9223625358987715E-4, -4.7180630562450933E-4, -1.8496291111898773E-4, -1.8066312783227625E-4, 1.3988162360956387E-5, 5.230350386650867E-4, 0.0011135921025736738, 0.0022883425329908017, 0.0034087852474307, 0.00288249445977164, 0.0026805183093922395, 0.0047242341572659, 0.0028805311598528753, 0.0038129289596549494, 0.003024046373637564, 0.003985869992131386, -1.0050082911895851E-4, -2.4872286665425893E-4, -1.9389559155793756E-4, -3.158758994382178E-4, -4.614815546243062E-4, -5.055431570328192E-4, -5.204742592179189E-4, -6.857616521375857E-4, -7.569782124110368E-4, -4.5740664161463224E-4, -0.0013547807976467987, -6.503549869936576E-4, -0.002868302250297694, -0.0015221136946688228, -0.0011001692914063073, -0.0030686169177396943, -0.0013914590093366261, -0.0027327131428878325, -0.001850414326729848, -0.0025151796626329903, -9.287510609085448E-5, -1.1660984468015531E-4, -1.4611613896351895E-4, -1.510141359890366E-4, -1.205888770211498E-4, -2.440768913218815E-4, -1.5275024961029527E-4, -4.398516961976522E-4, -1.00306841753707E-4, -5.271666418585524E-4, 2.442408767839202E-4, -5.019941585766017E-4, 7.547634796441371E-4, 7.398273597792943E-4, -1.3609862950527822E-4, 0.002204765395344095, 0.001434461071750989, 0.002153299065214008, 0.0014896523759692492, 0.0016766767506860058, 0.0013360903184635748, 0.0017217164269644379, 0.0020577489523766965, 0.0020513229239852086, 0.002155699725870844, 0.0029199202611801343, 0.0023155768233340474, 0.0025950586718709867, 4.961579760388116E-4, 7.815698775025237E-4, -8.267686196868703E-4, 8.975349188779333E-4, -0.002537905274251646, -7.611387413903706E-4, -2.4023177667293423E-4, -0.003105498297071507, -0.0019252085440861584, -0.003136754898114471, -0.0020208482694276508, -0.002583989459466828 ], [ -1.0766867736333845E-5, 8.130163191928814E-5, 2.2791839777713127E-5, 9.346835171751588E-5, 1.144391455437836E-4, 1.5806535134355927E-4, 2.0366408938612485E-4, 1.7710903928723796E-4, 1.9294277675084502E-4, 9.99596767640632E-5, 2.0767649475645088E-4, -5.936087319472563E-6, -1.414416032332998E-4, -8.205852607587915E-5, -9.602418366301093E-5, -1.276469892921317E-4, -7.838848884775052E-5, -1.140611370451688E-4, -6.772997140651405E-5, -1.0050082911895851E-4, 6.188066204497007E-5, 3.8195585969962964E-5, 6.898812380607601E-5, 6.047254146495351E-5, 1.1109309314952359E-4, 1.3343377295463156E-4, 1.3031534886519502E-4, 1.8265934752175297E-4, 1.4148839096060625E-4, 2.187844118214085E-4, 1.2004883527885413E-4, 1.926339913119183E-4, 2.133397415296974E-4, 1.0722776732368119E-4, 1.9339195403208118E-4, 8.933645139676912E-5, 2.193753278129787E-4, 1.296185314715561E-4, 1.8422098082598973E-4, 1.1843805537582356E-4, 1.600657212849854E-5, 9.441078802077615E-6, 2.1370683936658393E-5, 2.337924583046773E-5, 2.777910948823016E-5, 4.216444610851572E-5, 4.171915496084105E-5, 6.840432048232846E-5, 5.0528651005215665E-5, 8.681976974305664E-5, 2.1975764528892406E-5, 1.0442889632076511E-4, -1.022318308689591E-4, 1.3260004026569461E-6, -2.9136013021730172E-5, -4.169104170802483E-5, -3.559457515162597E-5, 3.454003034896842E-6, -3.227966953699274E-5, -1.963295428289777E-6, -8.312451387919908E-5, -1.7484747509937472E-4, -1.561908611556481E-4, -2.3831314535879085E-4, -2.402001671453582E-4, -3.3233833893171955E-4, -3.325741862042448E-4, -3.843243882869047E-4, -2.3526508880337177E-4, -2.7455687673232884E-4, -9.98611813092323E-5, -1.5764162151239627E-4, 2.54