{
  "weights" : [ 0.11176676483009211, 0.10643637365748222, 0.09866419205337465, 0.10432715772659473, 0.08522049139734064, 0.09215507807645418, 0.08282457999598475, 0.068674753834498, 0.0802152147531837, 0.05914290918352559, 0.06389915821193441, 0.04652749720979174, 0.05407352623169669, 0.025481074607746092, 0.03770965609193824, 0.009866827448584217, 0.027987729437251092, 6.735523737807595E-4, 0.02237461471596005, 0.005287476758264544, -0.08559468933559014, -0.086295530083648, -0.07912103799633659, -0.08262122787466893, -0.07268084654971556, -0.0732777388752413, -0.06460827413899314, -0.05732435012016422, -0.055191442052055534, -0.04730474847931113, -0.048462279406649794, -0.04361342631388679, -0.04927747877857506, -0.04209968893724568, -0.05111821523403813, -0.036689043495712614, -0.044507541451209054, -0.03228355788030732, -0.03835057307263459, -0.02719612414149937, 0.9789272736178225, 0.9807817362833879, 0.9811804479129305, 0.9806164715285038, 0.98203569535291, 0.9768774482344047, 0.9737390283822547, 0.9641423205222688, 0.9559570685223575, 0.938789770785627, 0.9270752583542128, 0.9088293020971664, 0.8979910010056764, 0.8810162418090053, 0.8717983106987383, 0.8534021111138279, 0.8518667243986207, 0.8402550199577699, 0.8436500387450059, 0.8441720208930845, -0.007469787958250814, 0.0216940497486479, 0.02410037671082931, 0.06088887807795995, 0.08088211807640218, 0.13011805382115268, 0.1709269710021727, 0.22027194755428184, 0.26542208616740054, 0.31870188673187866, 0.35820719768180836, 0.40218434429597355, 0.42635788976282857, 0.4658174406600469, 0.47836761110339904, 0.51852457719336, 0.5141598358371582, 0.5371686045062902, 0.5286452216140783, 0.5288563850201472 ],
  "covariance" : [ [ 0.006023865093606257, 0.004771242270644769, 0.0065291555109038635, 0.004178185236109894, 0.0058555130718681925, 0.0040983133880960285, 0.004106139115567385, 0.004671372340568306, 0.002578229595601043, 0.004086186054184723, 0.0017062146688679876, 0.002756768981742048, 0.0016256697360248961, 0.001334124639140688, 0.0017765631103125266, 2.7133606371244884E-4, 0.0015653948529208298, 0.0011353079490107301, 0.001197086115602844, 0.0015344934843211624, 0.005860868668639901, 0.006154311045961454, 0.0055345444321137005, 0.005976708648602692, 0.005311053335008858, 0.005524250629147352, 0.0048350907498923915, 0.004630973749310698, 0.004409671145514722, 0.00366528968620889, 0.003526365292012102, 0.002824384375239336, 0.0026798948319364754, 0.0018611777135414545, 0.0017760526778408045, 0.0018472783885306804, 0.0019036986162822363, 0.0013947413996205033, 0.0018861269101716352, 0.0015625379193646366, 3.0350693752438375E-4, 4.912061844180309E-4, 4.581657585265712E-4, 7.177688187606792E-4, 7.725718068731055E-4, 9.802728849207872E-4, 0.001259823326642021, 9.944298641787537E-4, 0.0014024657063471382, 0.0012041023483910953, 0.001257622270603243, 0.0013709116144813482, 0.0013458090593531722, 0.0013821555371575467, 0.0012922302857891936, 0.00108346277710434, 0.0012092389240566047, 0.0012217865829314098, 0.0014997775363068955, 0.0013731872212768763, -0.00774100229195985, -0.007232910424841988, -0.007713745193652367, -0.007028090482101839, -0.0068287410578961785, -0.006240404884127236, -0.006172785685984257, -0.0046773261070295604, -0.004392006988385753, -0.004128611705029446, -0.0030122856492221747, -0.003444178995669736, -0.0028705556062868154, -0.0026291391845417577, -0.0025901048801886184, -0.0015413626147063703, -0.002258636730989692, -0.0019177211208483314, -0.0025788888407983395, -0.002298333221846174 ], [ 0.004771242270644769, 0.004290429476709543, 0.005053526992865584, 0.003927281829693222, 0.004537045921796399, 0.004049724178015978, 0.003153249949876003, 0.004538602017868268, 0.002278531327218972, 0.00399455036135555, 0.002115215721670846, 0.0028745745544388264, 0.0022027804586504077, 0.0017784521374881275, 0.0022877979607655438, 9.531618469462741E-4, 0.00219401751922067, 0.001678764918222627, 0.001891264257590171, 0.001953143257505207, 0.003912517027508505, 0.004004776097261065, 0.0035751900420051452, 0.003837058273986961, 0.0033426393581535412, 0.003530729254021436, 0.002950000919273292, 0.0029360171839778724, 0.0026399489442141093, 0.002288152815418842, 0.0019803774090559, 0.001748236912587017, 0.0013590124056247013, 0.0010634507165393262, 9.139742381662818E-4, 0.0011808151451310975, 0.0011028312987933038, 7.963097218350021E-4, 0.00108417917540742, 8.838371790561016E-4, 1.0071770809075972E-4, 2.04738856974202E-4, 1.9179155488977973E-4, 3.8773320926547753E-4, 4.8192695062650404E-4, 6.451995939553702E-4, 9.849332203547975E-4, 8.137366478265734E-4, 0.0011661208846383438, 0.0010960529054777745, 0.001169414032444677, 0.001247802748753689, 0.001287124936141879, 0.001146000677152813, 0.001278834771837784, 8.973214186837263E-4, 0.0012853286469573667, 0.001302194279216589, 0.0015994539317609087, 0.0015971839088882512, -0.00532357963296493, -0.005596511236630768, -0.0057466145723005955, -0.005855164478047787, -0.005632846793090555, -0.005325604631111563, -0.005650537348797124, -0.0042013300995154285, -0.004247120331922597, -0.0038207143969045594, -0.003209887224795775, -0.003125690879070999, -0.0030084520279196, -0.002163167543862188, -0.0027054145448787807, -0.001232388368544696, -0.002463528517715543, -0.002015861912864802, -0.0027707406301397336, -0.002648181714889104 ], [ 0.0065291555109038635, 0.005053526992865584, 0.007141936795124432, 0.0043801254675504804, 0.00642685014310163, 0.004284864975418901, 0.004566758259317701, 0.004916288510835074, 0.0028647089893745438, 0.004275122284690452, 0.001816452067624326, 0.0028490898306941276, 0.001676871339066829, 0.0013134209280994407, 0.0018421175411174483, 1.5247254007300792E-4, 0.0016207095540854528, 0.001054819986413695, 0.0011989140843601618, 0.0015269009344570773, 0.00650634458353017, 0.006849663630391047, 0.00616213564717179, 0.00667649814545827, 0.0059144350625228, 0.006164993350404737, 0.005400114294726596, 0.005157285320066888, 0.00493087435567046, 0.004084080105780647, 0.0039732054372748305, 0.0031605112278580002, 0.0030690826337541367, 0.002120463202776693, 0.0020428956842463513, 0.0021058217276537015, 0.0021563824841403113, 0.0016296264622252658, 0.0021515638421346133, 0.0018037278408669344, 3.4915115415796885E-4, 5.537025578895015E-4, 5.314295692235034E-4, 8.002013204542338E-4, 8.66650302241542E-4, 0.001077090556687265, 0.0013671107327241575, 0.0010432889922716633, 0.001520764583276159, 0.0012337641086251024, 0.001340412285140182, 0.001403199058564, 0.0014219340445230538, 0.001418577101511738, 0.0013542987691813944, 0.0010929665096703484, 0.001249955376441308, 0.0011963316148184844, 0.0015039326274245968, 0.001332841708289726, -0.008651348461083981, -0.007977212692151636, -0.00858702208779798, -0.007521776649295325, -0.007465880370080729, -0.006680858090333815, -0.006555958927342862, -0.004914915899219029, -0.004653878797246344, -0.004267274936661954, -0.003140686002115843, -0.003551874563569468, -0.002981607309842908, -0.0027023277210489376, -0.002687665078859846, -0.001542789135483874, -0.0023272478488014186, -0.0018804846029775364, -0.0025962600232266922, -0.0022448203394384767 ], [ 0.004178185236109894, 0.003927281829693222, 0.0043801254675504804, 0.0037152896399404835, 0.003940953830020332, 0.00391044398588692, 0.002677650195822945, 0.004376651042930342, 0.0020435945540170715, 0.003834290296961538, 0.002175800556046433, 0.0027551586507406594, 0.0023816473504733207, 0.001781927252543126, 0.002517080433001223, 0.001084999595495844, 0.0024335673998067036, 0.0017638909708929803, 0.002097938060061919, 0.0020374281686064213, 0.00311556998829384, 0.0031425955898171957, 0.0027733209455778553, 0.002982732262050434, 0.002515526806354687, 0.0027288312350641592, 0.0021213458013627138, 0.002251901082493446, 0.0018058992096217654, 0.0017548093623363794, 0.001216081818462227, 0.0013452101673283208, 7.161106868259628E-4, 7.762117187763972E-4, 4.0191356940150636E-4, 9.078935267711916E-4, 6.226459276468549E-4, 5.673420729866946E-4, 6.755527318254921E-4, 5.97639619660147E-4, 2.922716400213106E-5, 1.0657197632929818E-4, 1.095370586415498E-4, 2.630480748647484E-4, 3.932753783801289E-4, 5.026216830638328E-4, 9.188536395354742E-4, 6.996674523350213E-4, 0.0011438561586323251, 0.0010136946120446002, 0.0012001418894803217, 0.001168687806508575, 0.0013011555641420087, 0.001069823412374921, 0.0013024663965913088, 7.924208361040207E-4, 0.0012949199269074597, 0.0012274676467146275, 0.0015860192600572458, 0.0015355517672817655, -0.004294923421952698, -0.004803957268214187, -0.004923916605230051, -0.005189222718910338, -0.005170763168914688, -0.004794470721664499, -0.005510653199566564, -0.003885180487246626, -0.004346037448131677, -0.0036322108802089347, -0.003420611623449199, -0.0029578370535330405, -0.003135289871017584, -0.002037160759654734, -0.0028117579852338466, -0.0010836318663407804, -0.002525804900954708, -0.0019060358857979, -0.0027834042544504925, -0.0025663057776054874 ], [ 0.0058555130718681925, 0.004537045921796399, 0.00642685014310163, 0.003940953830020332, 0.0058163679852004145, 0.0038822548547157083, 0.004188341028621771, 0.004482623826833216, 0.0026904716554274864, 0.003907986782742676, 0.0017952714897642881, 0.0026004642139980712, 0.001690001010285615, 0.0011983320482723263, 0.0018404376528093817, 1.288503735276946E-4, 0.0016497575542324147, 9.486438024048021E-4, 0.0012111488963538822, 0.00140501868318585, 0.0057823696392399, 0.006060548355601673, 0.005467078994739429, 0.005908875101988688, 0.0052297249218474316, 0.005451295730956038, 0.004763866945737851, 0.004547515120053049, 0.004348428122180832, 0.003605186634391427, 0.0034903014045472324, 0.0028102874048460667, 0.0026897580601687246, 0.0019168465533577887, 0.0017765581426749664, 0.001945488113052035, 0.0018992668187413524, 0.0014984393685005004, 0.0019247184641598468, 0.00162941293367585, 2.8822374644216757E-4, 4.752997493106995E-4, 4.48849780040132E-4, 7.012445719728534E-4, 7.46514719713771E-4, 9.643089275553053E-4, 0.0011972448223105268, 9.476884537416429E-4, 0.0013448683259468961, 0.0011340645389523662, 0.0012073201117538956, 0.0012776525641416483, 0.0013088035377662379, 0.0012687232700749238, 0.0012866661970958248, 9.590124569867622E-4, 0.001215027866980745, 0.0011041372731276132, 0.0014153761059827086, 0.00124600250147988, -0.007807720106840199, -0.007267414242478084, -0.007810933002096821, -0.0067786611896428995, -0.006826166498399854, -0.006078137367454744, -0.0059362052028044, -0.00457199660017343, -0.00416449031446581, -0.004024431952113662, -0.00283274324347982, -0.0033159056999875623, -0.0027497484750097956, -0.0024608625512645118, -0.0025584107758183645, -0.0013533928421152407, -0.0022629500095137514, -0.0017434505997155451, -0.002453425937365994, -0.002106441161229247 ], [ 0.0040983133880960285, 0.004049724178015978, 0.004284864975418901, 0.00391044398588692, 0.0038822548547157083, 0.004417974792939103, 0.0024540477535928483, 0.0050963591236896375, 0.0018869401141127784, 0.004361058421811567, 0.0023478769757209186, 0.003024401043654657, 0.0027206487920367955, 0.0019240459749204654, 0.0028183751175296814, 0.0013580106990473157, 0.0027484155359993583, 0.00202049716020542, 0.002345927955451063, 0.002241046433502038, 0.0025773409174196524, 0.0025618714403353284, 0.002176610198937124, 0.0024843911008050495, 0.001834246068908036, 0.0022286830585740215, 0.0014540145791377484, 0.0017578377481148831, 0.0011481344303807437, 0.0013471733787476497, 6.177367610846193E-4, 0.001030013799699774, 1.2467444414611287E-4, 6.045203410488841E-4, 3.7012309983442605E-5, 6.949262277071782E-4, 3.1028115052648383E-4, 3.1274431254282886E-4, 4.197523372157062E-4, 3.250581672389811E-4, -4.077995421362568E-5, -2.213458449561299E-5, 7.968640467576952E-5, 1.2365570384826005E-4, 4.319415541666173E-4, 3.0323795202293475E-4, 0.001067136455883178, 4.228490532024526E-4, 0.00139601398619971, 7.210707177493439E-4, 0.0014391553723259055, 8.926182187651202E-4, 0.0014201427398136649, 7.598856624931291E-4, 0.0013125926541342197, 5.209301640812495E-4, 0.0013766145091796463, 0.0011518077328099528, 0.0016083765608167844, 0.0015686649019533649, -0.003992498072607532, -0.004688110977239872, -0.005102365129823622, -0.004966000346864615, -0.005770173363207774, -0.00440378420675488, -0.006344840414567341, -0.003265129163610589, -0.005311752842572725, -0.002964572650271975, -0.004192425268989725, -0.002378571429217874, -0.003553741766455101, -0.0014337547050292262, -0.002959848404130818, -6.24892989901901E-4, -0.002739102331587967, -0.0017850473141965096, -0.0028697737457271666, -0.0026366810972621455 ], [ 0.004106139115567385, 0.003153249949876003, 0.004566758259317701, 0.002677650195822945, 0.004188341028621771, 0.0024540477535928483, 0.0034490915308564877, 0.0026894148314251603, 0.002515447220626906, 0.002457629423174458, 0.0017470742236073756, 0.0017686084171364266, 0.0014893928973654209, 9.012553091973948E-4, 0.0015767821606444674, -3.5658697287140655E-5, 0.001510098000509821, 5.477977837818987E-4, 0.0011106458150048658, 0.0010045019810347921, 0.004248233936174354, 0.004384208609484156, 0.00406263444887632, 0.004205287511601471, 0.003932286747030155, 0.003905813963388358, 0.0035830606724142236, 0.003317918186343391, 0.003326730648937111, 0.0026561968789752272, 0.002720017419279143, 0.0021368156525037505, 0.002196913940802696, 0.0014889822776456248, 0.001436031963943509, 0.001778821140519344, 0.0014879417841219332, 0.0014794353822491675, 0.0015426056760855153, 0.0014283701685053347, 1.653905514918815E-4, 3.5314052806792706E-4, 2.1776928769126047E-4, 5.484974413445678E-4, 3.5333731847855273E-4, 8.447964775590702E-4, 5.564308876798815E-4, 9.690232743742482E-4, 5.745226235673262E-4, 0.0011378126431890474, 5.518485003702129E-4, 0.0011810772558813055, 7.993147315900948E-4, 0.0010949905246619594, 9.470038349386781E-4, 8.009402596448016E-4, 9.467926417344836E-4, 8.787748511527285E-4, 0.0011137347917173615, 9.729076908652136E-4, -0.005762505220706076, -0.005590296649633569, -0.005449872458080727, -0.005166377351363112, -0.004344296030970147, -0.004964741864580022, -0.003363716530348634, -0.004120138114345285, -0.0019221548110306085, -0.0037198660167142624, -0.0012304138815487893, -0.0030038788580972965, -0.0015629319214389824, -0.0021685148556863203, -0.0017535453005838822, -0.0011776342885022638, -0.0016713542476655507, -0.0013848334494256415, -0.0018701724224532263, -0.0016261342501731556 ], [ 0.004671372340568306, 0.004538602017868268, 0.004916288510835074, 0.004376651042930342, 0.004482623826833216, 0.0050963591236896375, 0.0026894148314251603, 0.006072015950402612, 0.001923165203130968, 0.005159908348692794, 0.002464765446238965, 0.003488146500265541, 0.002986201241090271, 0.0021126497839806077, 0.003085624879817776, 0.001534745150570478, 0.0029954073079625928, 0.002270181460424579, 0.00252237215883583, 0.0024699066510500056, 0.0028337575864240292, 0.0028262345483389454, 0.0023705618439377784, 0.002795420099869867, 0.0019569223067362517, 0.0024870032284066527, 0.0015600089141899198, 0.0018916708452319014, 0.0012224749156492954, 0.0014400403651489418, 6.389311164448604E-4, 0.0010914850099078607, 5.817480707632399E-5, 7.003306079752916E-4, 2.0504479695445453E-5, 6.964708131798993E-4, 3.541103371542299E-4, 2.2695080347676094E-4, 4.878123985109227E-4, 2.9899282004143676E-4, -5.3618521098555555E-5, -4.841643484928766E-5, 1.1672820742738668E-4, 1.0879933659183099E-4, 5.492805606739957E-4, 2.6662484643335757E-4, 0.001312251720318562, 3.2698666419254117E-4, 0.0017335850891975037, 6.478909531172101E-4, 0.0017533542466591184, 8.725347382541706E-4, 0.0016616749311392396, 7.298188733331186E-4, 0.00149776684021638, 4.7525920540358326E-4, 0.0015970510210174774, 0.0012413238491096445, 0.0017869880537059442, 0.001719927012920609, -0.004703176035303799, -0.005323935122150148, -0.006162086530208272, -0.005482674475557515, -0.007081701002798502, -0.004706662262308565, -0.007647009491221926, -0.003442798510835495, -0.0063847995025955, -0.003139988129037305, -0.0049849840407252596, -0.00254158689526604, -0.004143866378093471, -0.0014418092044619576, -0.003422053704352917, -5.341749713989661E-4, -0.0032089042621496525, -0.001942003195249359, -0.00323130080147355, -0.0029120716832656966 ], [ 0.002578229595601043, 0.002278531327218972, 0.0028647089893745438, 0.0020435945540170715, 0.0026904716554274864, 0.0018869401141127784, 0.002515447220626906, 0.001923165203130968, 0.002299775637643389, 0.001820513064863738, 0.0021308411702893487, 0.001501696097192642, 0.00196322763997047, 0.001097640765536781, 0.0020364772387818377, 3.739744450547288E-4, 0.002084920461428908, 7.696828488872719E-4, 0.001722807963771449, 0.0011916191839021443, 0.002349135747106395, 0.002293831914060592, 0.002185201913673451, 0.0021144935754833145, 0.00206282173667988, 0.0019616826250103284, 0.0017867647940417986, 0.0016833553385951594, 0.0016259363110583181, 0.0013387355184328895, 0.0012408754529714943, 0.0011315450861890707, 0.0010211756740577224, 7.538166301198902E-4, 6.111779200554721E-4, 0.0012041564753606342, 6.999670074543365E-4, 0.0010232281623151005, 7.783282606223743E-4, 8.69837028910233E-4, -1.1783671285644583E-5, 1.046898114833784E-4, -3.0148240738821778E-5, 2.4601852243731593E-4, 3.307460712851483E-5, 5.48951867439276E-4, 1.7325619238739453E-4, 8.17077311601845E-4, 2.0104152814365444E-4, 0.0010379836130787236, 3.415518919999671E-4, 0.0010334833040745518, 6.687708075283115E-4, 8.560104359811494E-4, 9.271196490939953E-4, 5.876737073645055E-4, 9.469100487554275E-4, 8.228275084869875E-4, 0.0010642677831983751, 9.882702576573595E-4, -0.0032430440879303952, -0.0037518878317050323, -0.0032283504118180897, -0.003584834516769065, -0.0026745394885256124, -0.003845158393950076, -0.0021628098919053095, -0.0035840407397720333, -0.0012100709445171714, -0.0033944049472689583, -0.0010229987329100115, -0.002631186407654498, -0.0014632239011679105, -0.0017199198703459213, -0.0017991129500055274, -8.402495764548782E-4, -0.00172342864036267, -0.0012771097965504244, -0.0018208859420858529, -0.0016508024804348794 ], [ 0.004086186054184723, 0.00399455036135555, 0.004275122284690452, 0.003834290296961538, 0.003907986782742676, 0.004361058421811567, 0.002457629423174458, 0.005159908348692794, 0.001820513064863738, 0.004480648848809289, 0.002253438642233218, 0.0031322322634144504, 0.002681904348011406, 0.001969047945860969, 0.0027614896395196657, 0.001383052002923442, 0.0027037450021227924, 0.0020540937057476386, 0.00230206872970589, 0.0022292547626947333, 0.0024747593263754392, 0.002426789001729315, 0.0020924641809675106, 0.0023467375488043234, 0.0017726578685339361, 0.002105362624931992, 0.0014358774000318112, 0.0016185956065578031, 0.0011745759930615325, 0.0012372367422448568, 6.598389899589319E-4, 9.4434669076802E-4, 1.5153797237381543E-4, 5.991884640801213E-4, 8.6183929509973E-5, 6.742084598525741E-4, 3.856455025346166E-4, 2.5392841543242674E-4, 4.7772854920219725E-4, 3.080108169460355E-4, -7.23348786010516E-5, -3.4502796271288045E-5, 3.4303752548378045E-5, 1.1592448545305373E-4, 3.77259100747482E-4, 3.115664674867222E-4, 0.0010062813412776185, 4.7692720010436606E-4, 0.0013267247045119718, 8.170741243189036E-4, 0.0014005473366495674, 0.0010135611808041315, 0.0014265106098943455, 8.578756020075998E-4, 0.0013921241415571957, 5.998756231367565E-4, 0.0015070523918286397, 0.001278129189699921, 0.0017302082914118068, 0.001691768354362694, -0.004084658901440955, -0.0047141290294259175, -0.005212339998169381, -0.005043800765576014, -0.00597521763156657, -0.004483727879209912, -0.0064008741228694455, -0.0037001061535232777, -0.005072831799052195, -0.0035376035564283455, -0.003997819469785258, -0.002885039352821686, -0.0035219043837654254, -0.0017466798192600976, -0.00311415222175984, -7.829428762201518E-4, -0.002982230743522482, -0.002007145006108947, -0.003085038351095705, -0.0028425945054625077 ], [ 0.0017062146688679876, 0.002115215721670846, 0.001816452067624326, 0.002175800556046433, 0.0017952714897642881, 0.0023478769757209186, 0.0017470742236073756, 0.002464765446238965, 0.0021308411702893487, 0.002253438642233218, 0.0028475823758560793, 0.001844349230222098, 0.003012696280839588, 0.0015725262574690336, 0.003110781772468158, 0.0010544126025670043, 0.0032134111578090074, 0.0014126940229312636, 0.0027507449906984433, 0.0018007104657943632, 5.918877096023886E-4, 3.236818356790462E-4, 3.470137668940892E-4, 1.8030727848055664E-4, 1.218542857373317E-4, 1.2969175136714757E-4, -1.5015001272072784E-4, 8.022050019494545E-5, -2.836317170162486E-4, 4.335114360870746E-5, -5.305675302849032E-4, 1.407079326064582E-4, -5.515837022314709E-4, 4.415068124258314E-5, -5.28860855831598E-4, 5.76111282168755E-4, -2.9217532164847043E-4, 3.951755624569613E-4, -1.1335993866119998E-4, 1.5754832714345076E-4, -2.219440427296871E-4, -1.9829591510504905E-4, -2.6064242912454656E-4, -1.0004209267004877E-4, -1.6561821487025155E-4, 1.8764826206152242E-4, 1.0659501727703164E-4, 5.586660989639975E-4, 2.721902383707078E-4, 8.890054961869229E-4, 5.731116933256963E-4, 8.862791813712518E-4, 8.997393702748211E-4, 6.201593621387123E-4, 0.001196851016459064, 3.4947991421894337E-4, 0.001270384303929177, 9.534866153638761E-4, 0.0013466479509073512, 0.0013041847544167581, -0.0011864310822795121, -0.002519105194355348, -0.0019515244396228599, -0.0026515349379471914, -0.002411200320230882, -0.003148114242264793, -0.0026721710173038048, -0.003237207697339439, -0.0020714886936146018, -0.003284554904473303, -0.0020639267386490085, -0.0024160033259821973, -0.002316155143780264, -0.0013076337076560532, -0.002569774378077398, -4.3047376146777914E-4, -0.00245645945238709, -0.0014770448913023714, -0.0024001992219454824, -0.00220239960453138 ], [ 0.002756768981742048, 0.0028745745544388264, 0.0028490898306941276, 0.0027551586507406594, 0.0026004642139980712, 0.003024401043654657, 0.0017686084171364266, 0.003488146500265541, 0.001501696097192642, 0.0031322322634144504, 0.001844349230222098, 0.0024817458755923808, 0.002074145130296989, 0.0018984008095293103, 0.0021189763895662667, 0.0014562681428726164, 0.002200089521055183, 0.0018609491865546536, 0.0020598922578065728, 0.001955143055090201, 0.0014646662465514775, 0.0013774160810024294, 0.0012106709733376768, 0.0012394982072934874, 0.0010344153627587502, 0.0011145364975498732, 8.215575595219922E-4, 8.318521579325705E-4, 6.704666969827593E-4, 5.983888522354487E-4, 3.4801047161694916E-4, 4.2219401302546014E-4, 9.472960688024185E-5, 1.7786616435159916E-4, 1.1541343428100868E-4, 3.4488180339426047E-4, 2.907748838216041E-4, 1.3849123581250296E-4, 2.7101532129130405E-4, 1.8066778185602764E-4, -1.1737419019229649E-4, -8.29239599989947E-5, -9.670183088643495E-5, 2.9204223106823882E-5, 1.1626863593464376E-4, 2.527759196170699E-4, 5.312735437517628E-4, 5.581929836257192E-4, 7.263491271372165E-4, 8.891821537016983E-4, 8.71901612705512E-4, 0.0010679410648890663, 9.935438432517704E-4, 8.803240954245805E-4, 0.001066573309196846, 6.298479156569764E-4, 0.0011320814891434146, 0.0010766497735421262, 0.0013595318225768057, 0.0013634454451383203, -0.00247680970149059, -0.003157116334705612, -0.003217371431964056, -0.003753621735096233, -0.0038480230863526367, -0.0035903010510898764, -0.004241488613056786, -0.0034713990398894906, -0.0031873801388346314, -0.0034122614193401804, -0.0026466615584376948, -0.00286433486032083, -0.0024748538781956004, -0.0017846699187315529, -0.0023522768644218747, -8.846303800861051E-4, -0.0022470287426132607, -0.0016687963357557996, -0.002410020098697758, -0.0022644948674628 ], [ 0.0016256697360248961, 0.0022027804586504077, 0.001676871339066829, 0.0023816473504733207, 0.001690001010285615, 0.0027206487920367955, 0.0014893928973654209, 0.002986201241090271, 0.00196322763997047, 0.002681904348011406, 0.003012696280839588, 0.002074145130296989, 0.0033968974145057664, 0.0017068060793337572, 0.0035404971784179086, 0.0012575067929385289, 0.0036117338489052497, 0.0016659328345088244, 0.0030709830863413366, 0.0020346020241100013, 1.226023311545869E-4, -2.0908342768845322E-4, -1.711198579716993E-4, -3.2793737352074205E-4, -4.5610574933640656E-4, -3.622328602416419E-4, -7.452699939591502E-4, -3.796946274456696E-4, -8.995842577138666E-4, -3.230850790861586E-4, -0.0011432110682525185, -1.4364553674886305E-4, -0.001145398033428484, -1.4295556922644528E-4, -9.93848573069091E-4, 3.349471782665445E-4, -6.627213229352513E-4, 1.0494717974641939E-4, -4.2455682231865076E-4, -1.2142431482439417E-4, -2.8409825434734916E-4, -2.875784039308078E-4, -3.0921984998902644E-4, -2.050597259477828E-4, -1.7400761985769295E-4, 6.0411741269430727E-5, 2.02624481472727E-4, 4.3890308242298243E-4, 4.527755724047984E-4, 8.283074675919373E-4, 7.995781302316136E-4, 8.525407652765278E-4, 0.0011001222738133852, 5.878786714044143E-4, 0.0014012866978882787, 3.004825044339065E-4, 0.001486042417166409, 0.0010609679684815887, 0.0015418775380017407, 0.0014775696128922896, -7.131563863377727E-4, -0.0022381685706933186, -0.0018570447436674208, -0.0024873293433228597, -0.0028122640371147757, -0.002974201562239529, -0.0033879736138494906, -0.0032112344646990326, -0.002799887146334938, -0.003416111045338062, -0.0027459536468429214, -0.0024955433810486816, -0.002886840453601137, -0.0013082559123431625, -0.0030962127450237624, -3.486186787017878E-4, -0.0029316296592680827, -0.0016637117998297554, -0.0027940842689874717, -0.002517177470347939 ], [ 0.001334124639140688, 0.0017784521374881275, 0.0013134209280994407, 0.001781927252543126, 0.0011983320482723263, 0.0019240459749204654, 9.012553091973948E-4, 0.0021126497839806077, 0.001097640765536781, 0.001969047945860969, 0.0015725262574690336, 0.0018984008095293103, 0.0017068060793337572, 0.0018798840333279227, 0.0017487406334664025, 0.001661935720243537, 0.0019586830561718633, 0.0017941314393609916, 0.0020357237034461084, 0.0018176209467648545, 1.6267051873657503E-4, 1.9801255812181126E-5, -4.13254273063556E-6, -1.4180820813881287E-4, -9.490342003834593E-5, -1.5366766863389022E-4, -2.0786236755204965E-4, -2.1674058834886397E-4, -2.8447660119872067E-4, -2.550022198626219E-4, -4.039669809652415E-4, -2.6742442007706444E-4, -3.62978069289963E-4, -3.6748939285691175E-4, -1.6415837610613297E-4, -1.4463329608488358E-4, -7.836172337960405E-5, -1.3379807445697452E-4, -1.6132310799440503E-4, -1.162760566988049E-4, -1.882943652022215E-4, -1.946447612105295E-4, -2.2757110460757475E-4, -1.364359010106223E-4, -1.0840335878341801E-4, 8.135211181789724E-5, 1.618421127982474E-4, 4.822570161090614E-4, 3.0222834483311587E-4, 8.0255099981112E-4, 5.221245154970823E-4, 9.71071351500692E-4, 6.742071138491443E-4, 7.588669699441701E-4, 7.973353551497655E-4, 5.18884316269297E-4, 7.914912676638843E-4, 8.020674652653476E-4, 9.8139124008026E-4, 0.0010025727952573085, -5.331703290060281E-4, -0.001388693553039456, -0.0011666804569158528, -0.0022077766133703674, -0.0019289808352404383, -0.0024244756325325673, -0.002525648848107658, -0.002842413885696185, -0.0019489545980262224, -0.0028837480369295595, -0.001867072189470145, -0.002480474518240844, -0.0017851773012557302, -0.0015191561685643817, -0.0017865366255511229, -7.399772217812919E-4, -0.001631717344578683, -0.0012129179432480463, -0.001768817479363229, -0.0016542936301862806 ], [ 0.0017765631103125266, 0.0022877979607655438, 0.0018421175411174483, 0.002517080433001223, 0.0018404376528093817, 0.0028183751175296814, 0.0015767821606444674, 0.003085624879817776, 0.0020364772387818377, 0.0027614896395196657, 0.003110781772468158, 0.0021189763895662667, 0.0035404971784179086, 0.0017487406334664025, 0.003781972909290449, 0.0012783628367444323, 0.0038331323224263685, 0.0017251723242443764, 0.003243431963120429, 0.0021664869044345438, 2.757497562733514E-4, -4.60584024166063E-5, -3.80272781147741E-5, -1.939292341146179E-4, -3.513080414965365E-4, -2.4284557374552223E-4, -7.039692859155294E-4, -2.801557467046375E-4, -9.345457819101581E-4, -2.296197133916464E-4, -0.0012358909679502795, -6.599406868921544E-5, -0.0012078792864162282, -1.1222536832721064E-4, -0.001131847400268057, 3.5681110208325305E-4, -7.874588906425071E-4, 1.4910118889474482E-4, -4.905522198037063E-4, -9.762445244160123E-5, -2.805792545771874E-4, -2.7011374557292306E-4, -2.9701547508294247E-4, -1.8728079182035067E-4, -1.4826340806667711E-4, 9.804598985555101E-5, 2.7173489270353787E-4, 4.975564956488486E-4, 5.590408908959557E-4, 9.315843506656721E-4, 9.256762737046431E-4, 9.83697919643699E-4, 0.0012300009995751355, 7.515463834203136E-4, 0.0015475108304618056, 3.764354669881369E-4, 0.0015595472712983593, 0.001064586753180735, 0.001614409440232376, 0.0014466315196223938, -8.270044305879932E-4, -0.0023532262966221135, -0.0020161074087277435, -0.0026481982269832807, -0.0030517021963861377, -0.0032147092446165215, -0.0037352129208773543, -0.003532141568591999, -0.0031601671049253854, -0.003799146625190666, -0.003079554227481382, -0.002836076446939661, -0.0031826407345918813, -0.0016473162091444151, -0.003400869198539759, -4.80534812993598E-4, -0.0031028895858242664, -0.0016817592097117795, -0.0029537241255996843, -0.0024946433763964773 ], [ 2.7133606371244884E-4, 9.531618469462741E-4, 1.5247254007300792E-4, 0.001084999595495844, 1.288503735276946E-4, 0.0013580106990473157, -3.5658697287140655E-5, 0.001534745150570478, 3.739744450547288E-4, 0.001383052002923442, 0.0010544126025670043, 0.0014562681428726164, 0.0012575067929385289, 0.001661935720243537, 0.0012783628367444323, 0.001748404642231266, 0.0015247316527149358, 0.0016889671742156833, 0.0017212219880087276, 0.0015841077672470545, -9.791086318354928E-4, -0.001130987432815922, -0.0011075296137390662, -0.0012224309881401613, -0.0011865598889102703, -0.0011706915988881103, -0.001210230800037762, -0.0011041171664669504, -0.0012388144750740903, -9.694584395159436E-4, -0.001183720348597947, -8.500777873246728E-4, -9.88221994648443E-4, -7.687832800763767E-4, -5.546578111627183E-4, -6.509099911818784E-4, -5.082994174960223E-4, -5.319190951450605E-4, -5.895156144374425E-4, -5.096230047648028E-4, -2.3193941237535513E-4, -3.034862270409696E-4, -2.621326258454515E-4, -2.9907768647348187E-4, -1.5252220664420385E-4, -1.8246756357623772E-4, 9.123323137297316E-5, 1.394681522665318E-4, 2.599361540883483E-4, 3.9026698360126083E-4, 4.535062339698911E-4, 5.67377323062155E-4, 4.678740110271255E-4, 3.8266017947243664E-4, 4.7796579413521723E-4, 2.112716437813412E-4, 4.617679606134381E-4, 4.367022365875243E-4, 5.839818704475509E-4, 6.070984127759424E-4, 9.088606710682347E-4, 5.4572910924994566E-5, 1.0389223080975019E-4, -8.0072176576877E-4, -9.847884266735514E-4, -9.96573975205325E-4, -0.0018785095522889602, -0.0014802822220064747, -0.0017781385278961533, -0.0015454728314197989, -0.0017696884517217613, -0.0014323937556481627, -0.0014032276080572258, -7.491452964648788E-4, -0.0012024153271409659, -2.724251885658581E-4, -0.0010605892930542597, -6.325923225166208E-4, -0.0011133889199761208, -0.0010027633740358874 ], [ 0.0015653948529208298, 0.00219401751922067, 0.0016207095540854528, 0.0024335673998067036, 0.0016497575542324147, 0.0027484155359993583, 0.001510098000509821, 0.0029954073079625928, 0.002084920461428908, 0.0027037450021227924, 0.0032134111578090074, 0.002200089521055183, 0.0036117338489052497, 0.0019586830561718633, 0.0038331323224263685, 0.0015247316527149358, 0.003962022324365343, 0.0018977744436500365, 0.0034318178050320187, 0.002318178027593297, -4.7539223333687894E-5, -3.9882938460996254E-4, -3.5227858573740425E-4, -5.613542941533484E-4, -6.540559352678534E-4, -5.848679959368204E-4, -9.809975996219E-4, -5.829225621118148E-4, -0.0011855753288804146, -4.833532318279572E-4, -0.0014301208159063566, -2.7145545601073675E-4, -0.0013245032670290932, -2.6696041544157085E-4, -0.0011647105669542349, 2.6225330102277544E-4, -8.495977656024967E-4, 1.1263388025027464E-4, -5.723377233131147E-4, -1.564338879957082E-4, -3.2973542813989425E-4, -3.286869620342515E-4, -3.64227149694639E-4, -2.468624144285963E-4, -2.242178468711046E-4, 6.183997125303378E-5, 1.8110007945081345E-4, 5.230574802548777E-4, 4.6851884593307035E-4, 9.785327189964633E-4, 8.68710786722531E-4, 0.0010481154171010343, 0.0011860491671528217, 7.69017721289671E-4, 0.0015177408542646927, 3.67076871096325E-4, 0.0015400546208302302, 0.0010447256766817376, 0.0015975210611483296, 0.0014309136053980624, -5.114397783103145E-4, -0.002163223675885998, -0.0017411179622109482, -0.0025449683918655768, -0.0028506227347044354, -0.0032027432693886534, -0.0035716043288614163, -0.0036732268733358562, -0.0030167318534740166, -0.003930779126128339, -0.0030160366092541065, -0.002983148027485097, -0.0031074159325597765, -0.0016871954213825942, -0.0033423887485619103, -4.7060263437705607E-4, -0.003076746106231274, -0.0016389882172421872, -0.0029287021911541004, -0.0024616293453588378 ], [ 0.0011353079490107301, 0.001678764918222627, 0.001054819986413695, 0.0017638909708929803, 9.486438024048021E-4, 0.00202049716020542, 5.477977837818987E-4, 0.002270181460424579, 7.696828488872719E-4, 0.0020540937057476386, 0.0014126940229312636, 0.0018609491865546536, 0.0016659328345088244, 0.0017941314393609916, 0.0017251723242443764, 0.0016889671742156833, 0.0018977744436500365, 0.0018264962090895334, 0.001955576566746145, 0.0018040623496386316, -1.969238525221152E-4, -3.453706069737411E-4, -3.791749048334362E-4, -4.72672981876897E-4, -4.985223645490937E-4, -4.7110090256467405E-4, -6.117230981791909E-4, -4.967568597867055E-4, -6.996232275290368E-4, -4.6932084362392567E-4, -7.920918466327737E-4, -4.398736335950471E-4, -7.4777060354945E-4, -4.850947106810896E-4, -4.5978265709823243E-4, -3.3716914309331737E-4, -3.454379509861805E-4, -3.371153728998837E-4, -3.850851854873503E-4, -3.236844952658564E-4, -2.0393716515458853E-4, -2.3413907743849568E-4, -2.2539140304065703E-4, -1.930975808129614E-4, -7.939710392094177E-5, -2.7601943408398875E-5, 2.4429040259745194E-4, 3.229459988253562E-4, 4.292214155890468E-4, 6.337044452575607E-4, 6.302791651244082E-4, 8.140762024994267E-4, 7.017558569450836E-4, 6.361341440976666E-4, 7.546279854251824E-4, 4.1542984861393166E-4, 7.559506118258116E-4, 7.319193315719262E-4, 9.458374803391287E-4, 9.517026304867574E-4, -9.833852350681635E-5, -9.897961116463643E-4, -9.022715110049946E-4, -0.0018813795534575216, -0.0019295687929750357, -0.0019926992509656585, -0.002789116379337113, -0.00232896155980498, -0.0023663096219704357, -0.002405673313577288, -0.002199034265377529, -0.0020967745292655195, -0.001919024708464127, -0.0012667169751383132, -0.0017608340191889729, -5.809042843836618E-4, -0.001595313910829768, -0.0011098750135324746, -0.0017242030731132283, -0.0015794055329512277 ], [ 0.001197086115602844, 0.001891264257590171, 0.0011989140843601618, 0.002097938060061919, 0.0012111488963538822, 0.002345927955451063, 0.0011106458150048658, 0.00252237215883583, 0.001722807963771449, 0.00230206872970589, 0.0027507449906984433, 0.0020598922578065728, 0.0030709830863413366, 0.0020357237034461084, 0.003243431963120429, 0.0017212219880087276, 0.0034318178050320187, 0.001955576566746145, 0.0031554912766837643, 0.0022357112593755467, -3.1977561618804856E-4, -6.288246187395079E-4, -5.791464290691021E-4, -7.952978680706481E-4, -8.074477162283533E-4, -7.924164492137586E-4, -0.0010484898222168954, -7.649060077844294E-4, -0.0012051176975911523, -6.680904165764113E-4, -0.0013719132376869229, -4.869137615600434E-4, -0.0012035165865983532, -4.8567926898798427E-4, -9.63379736735936E-4, -5.532747170713064E-5, -7.214091336241607E-4, -1.0416472980258825E-4, -5.916952645889621E-4, -2.5846882501297534E-4, -3.0661507602348513E-4, -3.3260645763224183E-4, -3.5228152064181565E-4, -2.770379183206354E-4, -2.314148024169759E-4, 3.13934054113545E-6, 1.1970740501497606E-4, 4.748315037450069E-4, 3.6709638301627714E-4, 8.985552140263012E-4, 7.45316291013874E-4, 0.0010012475450040998, 0.0010246067863641597, 7.295639271116721E-4, 0.0013102597613518308, 3.8981156887612345E-4, 0.0012840888377857777, 9.498245316736561E-4, 0.00135985328374891, 0.0012765670958910197, 2.6467077105961172E-5, -0.0014696336230283966, -0.0010917476333359578, -0.0020534379687526774, -0.0022154665996163905, -0.0026958823726152092, -0.003008116564561908, -0.0032941206152186063, -0.0025882238280524263, -0.0035242651195437143, -0.0026833989617857544, -0.002750686992627876, -0.0027345757287522724, -0.0015520752702407317, -0.002922124690687205, -5.016252232961923E-4, -0.002618270543776481, -0.0014641901522031851, -0.0025140402719184213, -0.002177391654317268 ], [ 0.0015344934843211624, 0.001953143257505207, 0.0015269009344570773, 0.0020374281686064213, 0.00140501868318585, 0.002241046433502038, 0.0010045019810347921, 0.0024699066510500056, 0.0011916191839021443, 0.0022292547626947333, 0.0018007104657943632, 0.001955143055090201, 0.0020346020241100013, 0.0018176209467648545, 0.0021664869044345438, 0.0015841077672470545, 0.002318178027593297, 0.0018040623496386316, 0.0022357112593755467, 0.0019279391355851848, 2.716099079784613E-4, 1.2294852813485866E-4, 5.949243184338762E-5, -3.53809918547954E-5, -1.0249965500530361E-4, -6.902860874150209E-5, -3.037887896875442E-4, -1.4205077532866025E-4, -4.638872574747366E-4, -1.6504161154941375E-4, -6.466887511939967E-4, -1.626560566936368E-4, -6.161876160493483E-4, -2.8405050767687286E-4, -4.669640759479858E-4, -4.973871031136442E-5, -3.3454434794190114E-4, -7.0430250374712E-5, -2.891718845459857E-4, -1.3135844915942584E-4, -1.9508468570892437E-4, -1.9572621706871068E-4, -2.1045884542879228E-4, -1.324699373015755E-4, -5.799245068770254E-5, 8.241933978058133E-5, 2.895453080828235E-4, 4.5199559597495673E-4, 4.937768162924199E-4, 7.958174060724201E-4, 7.159300860374051E-4, 9.647471896221784E-4, 8.373993318442535E-4, 7.878066591004259E-4, 9.383071141573655E-4, 4.804499773430296E-4, 9.059365364380501E-4, 7.798912360602963E-4, 0.0010856105631956829, 9.98105022443766E-4, -6.900588075798805E-4, -0.0016412666267791303, -0.001476497648751226, -0.002392512298200518, -0.002362287137332661, -0.002605540883236261, -0.003124655842375752, -0.0028690542894673535, -0.002625653679125148, -0.0029317310860623442, -0.002421408900068932, -0.0024836318544038303, -0.0021995199675025018, -0.0015792036022396604, -0.002104809833711316, -6.817725359417712E-4, -0.0018687011149757344, -0.0011948509761842585, -0.0019773432334086074, -0.0016811510049878384 ], [ 0.005860868668639901, 0.003912517027508505, 0.00650634458353017, 0.00311556998829384, 0.0057823696392399, 0.0025773409174196524, 0.004248233936174354, 0.0028337575864240292, 0.002349135747106395, 0.0024747593263754392, 5.918877096023886E-4, 0.0014646662465514775, 1.226023311545869E-4, 1.6267051873657503E-4, 2.757497562733514E-4, -9.791086318354928E-4, -4.7539223333687894E-5, -1.969238525221152E-4, -3.1977561618804856E-4, 2.716099079784613E-4, 0.007073264418952085, 0.007586515517598787, 0.006894960400728128, 0.0074189194359157795, 0.006811952227906499, 0.006906740803674068, 0.0063715046855622685, 0.005907702242558724, 0.005940667339167938, 0.004718059349521025, 0.005003294554881174, 0.003653961743422209, 0.004081259325750106, 0.0024716450554827813, 0.002714612070627415, 0.002331781996739755, 0.002674221457468473, 0.0019452704387085261, 0.0025794040446246564, 0.0021818108471810317, 5.612488921462761E-4, 8.147579477688794E-4, 7.296643024614664E-4, 0.0010327865675129047, 9.276711835535473E-4, 0.0012365841647083132, 0.0011407548315882441, 0.0010389042333350973, 0.0010904752079228964, 0.00103095888375582, 7.684562574778179E-4, 0.0010996422415151931, 8.557150180721935E-4, 0.0012735821016484075, 7.80768861332328E-4, 0.0010786892792780981, 5.674568624103613E-4, 7.464055993525653E-4, 7.820305454432579E-4, 6.304774569655079E-4, -0.008672547919283846, -0.007220073889249995, -0.0076806520094727685, -0.006435619002694676, -0.005596439112263126, -0.005609989320982516, -0.004101687921685816, -0.003734930367201139, -0.002487156982156881, -0.003016313098985435, -0.001211876092429612, -0.0025343014333393714, -0.0013929033841943556, -0.0023281021245389697, -0.0012914731552821001, -0.0015759441887568976, -9.092456502138968E-4, -0.0011802209129549