{
  "weights" : [ -0.008676047398220713, 0.007379064395973035, 0.001645629431335746, 0.0067967642006849585, 0.015070649855864378, 0.006230045816716596, 0.02289385192575134, 0.016982933992050957, 0.03356208274627706, 0.02409349083705348, 0.04661846380597379, 0.04046186953834808, 0.06121709312273089, 0.04846703854808086, 0.09202138624517875, 0.05576379175090803, 0.09032641576338303, 0.07329191094432687, 0.08096936818967658, 0.08058664207564448, 0.06190266561213144, 0.058524739171465896, 0.05350044778415322, 0.052932252614531744, 0.04840157418527111, 0.04842679280151549, 0.04320281417057351, 0.045790148586832675, 0.04128429177925359, 0.044702111811621585, 0.03766334046222345, 0.04614561755957309, 0.035914756795932305, 0.04794463514127015, 0.02279452230320223, 0.04499699194240625, 0.02204562579387813, 0.029534837775990315, 0.022776844125914793, 0.019219437652543917, -0.9878957829080185, -0.9926243833852324, -0.9884044640527895, -0.9929440284961751, -0.9865851532249423, -0.989658977441618, -0.9790005350092841, -0.9799600967659212, -0.9632693930627343, -0.9618249153356315, -0.9450408017242508, -0.9362180333075505, -0.928001121451477, -0.9126718391649915, -0.8981036231312847, -0.9015264533347371, -0.8811163037783688, -0.8875993673717945, -0.8800736783352711, -0.8842531650529175, -0.020573777605444953, -0.014681960755900713, -0.06829503192685255, -0.04276092547062849, -0.1146781859760103, -0.10246100458150467, -0.1745017244256809, -0.17483037279093783, -0.2451215267397154, -0.2564719321094593, -0.3045114938581858, -0.3341868241921224, -0.35149769803530784, -0.3972284970416561, -0.41883282757989515, -0.41816122421755314, -0.4525248930647536, -0.43997287223585224, -0.45580727374525665, -0.4450235818727133 ],
  "covariance" : [ [ 0.005231301048751424, 0.003895882978324427, 0.004524246941905683, 0.0039385746873730285, 0.0030086163903730256, 0.00455968690575508, 6.582815233872731E-4, 0.0049418359504659, -3.05188753006541E-4, 0.0030203910064884303, 3.6852442854910577E-4, 8.709785393299454E-4, 7.781915773653384E-4, -3.461546579304007E-4, 7.428698273289316E-4, 3.5927392759196625E-4, 0.0012068828657677128, -1.4869116505554505E-4, 0.0010118428811658525, 3.33636421863284E-4, 0.005118703640303185, 0.005037099828459635, 0.0049616942353892185, 0.004834754803542558, 0.004880697964508955, 0.004250592533529317, 0.004790191298517059, 0.0036062985586568907, 0.004095760658301989, 0.0030813600719222702, 0.0029980140647816447, 0.0025598118205801294, 0.0017367243385695834, 0.0023267347030006954, 0.0016454167245926452, 0.0015496887518747333, 9.313878029042719E-4, 0.0015843938520489023, 8.891822521716238E-4, 0.001282502758172674, 7.643579141392542E-4, 8.16700106230745E-4, 7.889652698437462E-4, 8.386792766904041E-4, 8.132141949533902E-4, 8.260459501208692E-4, 7.118714861203662E-4, 7.549903346864608E-4, 6.246275931360856E-4, 5.305156656410695E-4, 5.374550560084963E-4, 4.005178774842566E-4, 4.914657354897976E-4, 2.708104077153476E-4, 2.8530066791508207E-4, 9.017873924508739E-4, 7.164390934500252E-4, 6.773991977948411E-4, 7.483255645970053E-4, 5.768600191944777E-4, -0.005281628823782147, -0.005013751657821104, -0.00405353168474162, -0.0047276381004747025, -0.003207892638738373, -0.0040282394285689, -0.0021656071657892824, -0.0027418118585087444, -0.0017592050056480077, -0.0013546102819305976, -0.0015146942023821115, -9.26766824399756E-4, -0.0012688436140812131, -4.968628637451506E-4, -6.740117630923023E-4, -0.0021009106680005443, -0.0015787965186163234, -0.0016064327060203599, -0.0017325930481587085, -0.0014160779327258735 ], [ 0.003895882978324427, 0.006189742813694929, 0.0018352129769937122, 0.006049980816608783, 9.156323097041302E-4, 0.004854973088945341, -2.45169036250151E-4, 0.003540322681424491, -9.069348027597854E-4, 0.0013922201325178504, -0.0010566979783272132, -8.815237536920304E-4, -7.173287215795721E-4, -0.002350907762381091, -6.403327541278111E-4, -0.001614762835350244, -7.26141978548715E-4, -0.0017216795745885083, -9.106393341184103E-4, -0.0014198401792712605, 0.005810848199013253, 0.005423579868053178, 0.005478043395515588, 0.004978807170476871, 0.005137542665255793, 0.004361815441308592, 0.004739695813267374, 0.0037076276835413444, 0.00406265584455531, 0.0029405329021475884, 0.002993552246799257, 0.0022301013709778122, 0.0017923177425076759, 0.0018813563517601933, 0.0018504994336728921, 0.0013112270628216442, 0.0012659555828029637, 0.0014095682667560167, 0.0012783546781066414, 0.001443633538313944, 8.741119366041145E-4, 7.654942459114284E-4, 8.796184408644522E-4, 7.552580135890953E-4, 9.562256328501013E-4, 5.518349453386844E-4, 8.932502222143077E-4, 9.836035272246243E-5, 5.30440220755054E-4, -3.905148714017425E-4, 2.4875358295703686E-4, -0.0010904040013860203, 2.3238824079329257E-4, -0.0011889322058556027, -4.956076695332817E-4, -1.7784224561104945E-4, -5.069277929289104E-4, -3.4134708364310924E-4, -6.706265678590119E-4, -4.0854920441240933E-4, -0.005578440035411294, -0.00443150100530371, -0.0046125332382306455, -0.0038881320243365023, -0.004264045767155401, -0.0018365530662433397, -0.003362624815651403, 6.15292792172966E-4, -0.001728872083982789, 0.0016981672222047656, -8.54264786360119E-4, 0.0026029554971996665, -0.0010576525617538735, 0.0024970803476104535, 3.837423429817356E-4, 7.393227334250073E-5, 2.2835102288157273E-4, 1.8123564099099083E-4, 5.082088073153795E-4, 2.816824538729645E-4 ], [ 0.004524246941905683, 0.0018352129769937122, 0.0047942137164112344, 0.0019086016554191812, 0.003458271474588159, 0.003259611057982488, 0.0010686400219831979, 0.004542269572242484, 1.1689434317009806E-4, 0.0032818646305178794, 0.0010267841536962348, 0.001614421468519961, 0.0013197099469373053, 8.41900290476625E-4, 0.0010043409727701447, 0.0013494770781931234, 0.0016139248632334336, 6.791404107432059E-4, 0.0015825840099665189, 0.0010224794645081537, 0.0033131351006829984, 0.0034749923502561605, 0.0032812006657265908, 0.003462197649985773, 0.003360388821523203, 0.0030368813963338073, 0.0035302662333023364, 0.0025092446243949783, 0.003058406844881812, 0.0022715572526812522, 0.002231664916235248, 0.0020205417185319863, 0.0012773715301941527, 0.001757970181133541, 0.0012555202010342175, 0.0010551322462266598, 5.567414233527476E-4, 0.0011699304309975463, 4.0107065281264065E-4, 8.221897238486183E-4, 4.879163615593881E-4, 6.038141201849086E-4, 5.274652186596272E-4, 6.309584410018842E-4, 5.28129142480261E-4, 7.290035333015813E-4, 4.6434583337066974E-4, 8.497377835864241E-4, 6.07825908111219E-4, 7.934524097620595E-4, 6.629095307736298E-4, 9.784230138016959E-4, 5.811088600908304E-4, 8.934013134962887E-4, 5.832713287421765E-4, 0.0012091661267272023, 0.0011132390516413238, 9.657145085978302E-4, 0.0012796744091918414, 8.716572956187219E-4, -0.003580280399134995, -0.0038520760816706276, -0.0026638591286509018, -0.003774460778504744, -0.0018830750464158643, -0.003996974396667036, -0.0011166549487471437, -0.0035616222563576, -0.0015753181601974539, -0.002330359502743291, -0.0017025488924469073, -0.002253533172614925, -0.0012619294262614085, -0.0017212023533063436, -0.0010114635394587088, -0.0026014228439378783, -0.0020555990465847577, -0.001965115173794954, -0.0024567451453742354, -0.0017773938203111414 ], [ 0.0039385746873730285, 0.006049980816608783, 0.0019086016554191812, 0.00605012673265474, 9.707262508616165E-4, 0.004990550512330549, -7.571173369636864E-5, 0.003631310147661412, -5.352162690786108E-4, 0.0014394090426147102, -5.694710322542437E-4, -7.486845302924503E-4, -3.006019863927958E-4, -0.0020593393224594527, -2.614340418074249E-4, -0.0012099582640118347, -3.3992294930078185E-4, -0.0012943085189650637, -5.443231992318077E-4, -9.573284762224404E-4, 0.0056160959773421, 0.005190662384222449, 0.005255714000694883, 0.004741028805507978, 0.004926783455166155, 0.004152975976039496, 0.004500747043054302, 0.003542841039508745, 0.00385337381018234, 0.0027998144684976385, 0.0028387785497070222, 0.002124443066135457, 0.001669788163216824, 0.0018333498106702206, 0.001822247502534994, 0.0012158315389550589, 0.0012801368845660485, 0.001310744584173185, 0.001290560465250971, 0.0013221244826417987, 8.489881343106371E-4, 7.475961186563419E-4, 8.461771235210072E-4, 7.368365304046364E-4, 9.418342865362705E-4, 5.355789836071619E-4, 9.765069944897261E-4, 5.6201743697858585E-5, 7.74252427567847E-4, -4.1967311149040823E-4, 5.801774865358924E-4, -0.0010314811195640974, 5.035549824777834E-4, -0.0010614556675220164, -2.0682000450748139E-4, 1.7481701010337687E-5, -2.564869312749557E-4, -6.503106168752879E-5, -4.245545723353671E-4, -1.0117457024677525E-4, -0.005356307539768934, -0.004313334252184644, -0.004509694465298607, -0.0038894098177794, -0.004270018383840251, -0.0020736465427746496, -0.003690861310515209, 4.7699307936953806E-4, -0.0025240762131201154, 0.001654052076620208, -0.001768257490010428, 0.002442569764349035, -0.0016938909526470636, 0.002256416916880948, -2.0233319706752296E-4, -2.633833784107674E-4, -2.464784998188821E-4, -2.9446943697231543E-4, 6.18865043526633E-5, -2.5976635964599596E-4 ], [ 0.0030086163903730256, 9.156323097041302E-4, 0.003458271474588159, 9.707262508616165E-4, 0.0027443495154646814, 0.001975186384239201, 0.001291337681219802, 0.003078079085875159, 6.81613214462687E-4, 0.002448755886162055, 0.0013318700650833525, 0.0014408477590498328, 0.0014452537638594471, 0.0010627336213058654, 9.809007418461956E-4, 0.001497719831005302, 0.0014916532102213751, 9.733314632285854E-4, 0.0015878551170693286, 0.0010764666997662682, 0.001601035343542386, 0.0017828786433199853, 0.0015927772802843017, 0.0018296823039984094, 0.0016986454634577877, 0.0016023279623221024, 0.0018937371746089121, 0.0013072998858887671, 0.0016075668197621693, 0.0012631848698574583, 0.0011199753462786924, 0.0011932637663497117, 5.648778177032925E-4, 9.029218303065728E-4, 8.184882096385962E-4, 4.4988870297427044E-4, 3.2428086820669364E-4, 6.425306335494885E-4, 1.0088956270331567E-4, 4.432482043150916E-4, 2.3486938377183567E-4, 3.1250450337832504E-4, 2.844483915072231E-4, 3.1587375661003107E-4, 3.2277305251917504E-4, 4.1808004996569877E-4, 3.6578548166657385E-4, 5.990654229371043E-4, 6.191667067901367E-4, 6.910429211212717E-4, 7.726741541393736E-4, 9.670846480894387E-4, 7.602584557780889E-4, 9.413896455054267E-4, 7.454778120843261E-4, 0.0011726890045929707, 0.001222206884066347, 0.0010966043932669773, 0.0014092785839646131, 0.0010959469181222065, -0.0019078387826617854, -0.00217657050549551, -0.001669274322902536, -0.0021308389571555054, -0.0014619330302418252, -0.002674976252752587, -0.0011657535963007178, -0.0028242304818195986, -0.0018068091169110214, -0.0021942489264823537, -0.0020041311985317233, -0.0023102861734218337, -0.0016335282444478157, -0.0018772179498311187, -0.0012452243562882975, -0.0024705449311104026, -0.0021037162251453627, -0.0020875387140519967, -0.002519489254681256, -0.0020458858021999713 ], [ 0.00455968690575508, 0.004854973088945341, 0.003259611057982488, 0.004990550512330549, 0.001975186384239201, 0.005009296826713392, 1.9199709905382467E-4, 0.004614370329694743, -2.9104599637614E-4, 0.002470500379293046, 2.2096985131040287E-4, 2.810871485808181E-4, 5.908153141509048E-4, -8.998190032737598E-4, 5.756738796445616E-4, -3.594703245051736E-5, 7.752148357583375E-4, -2.797672120068266E-4, 4.922483887676259E-4, 1.3747978282306855E-4, 0.005101596362953771, 0.0048404145354893095, 0.004790453791931748, 0.004499168486222371, 0.004586923154079976, 0.0039213102590525475, 0.004338519514846024, 0.0033061821605484603, 0.003769148188729945, 0.0027405715988592003, 0.002772721334688695, 0.002249926627158237, 0.001562952420197477, 0.0020320854643501316, 0.0016328188228885406, 0.0012629069969062462, 0.001000900933965166, 0.0012631717804592526, 0.0010036886120862755, 0.0010669855621737254, 7.891897025923575E-4, 7.554604966004749E-4, 7.967330044758376E-4, 7.618537931640761E-4, 8.702293518196625E-4, 6.632963410189022E-4, 9.318032173321599E-4, 3.5000883226187835E-4, 9.681876054556191E-4, -3.6419597927942826E-5, 9.400318885090941E-4, -3.5406045900508243E-4, 8.224000746308937E-4, -3.776971098894387E-4, 3.453254540474879E-4, 5.370845181057254E-4, 4.6255458898955624E-4, 4.551502928008963E-4, 3.787683992732977E-4, 4.0653362481750215E-4, -0.005042829158800757, -0.004388211125790656, -0.004208034769292052, -0.004211579347028007, -0.003759949464550661, -0.0031886138851215384, -0.0033181544444878044, -0.0011166875046992198, -0.0029811857004516996, 3.501320578251782E-4, -0.002660690256166566, 9.281374514449208E-4, -0.0023019052476659346, 9.92207172915783E-4, -0.0011318186178579121, -0.001186919962044455, -0.001424124946382075, -0.0011398901586712365, -0.001272562728806507, -0.0010989516849619371 ], [ 6.582815233872731E-4, -2.45169036250151E-4, 0.0010686400219831979, -7.571173369636864E-5, 0.001291337681219802, 1.9199709905382467E-4, 0.0020873605538878647, 2.9412151272119455E-4, 0.0024446308262048152, 6.149635069346452E-4, 0.0024002374536826253, 0.0012133192172580607, 0.0018067190177455037, 0.0017409819294779466, 0.001119706622852319, 0.0021807705531019872, 0.0014994439404960687, 0.0018642076257337288, 0.001879085320065462, 0.0015053207746054818, -8.287153858129491E-4, -8.145563294067269E-4, -8.905712048392283E-4, -7.822155401974087E-4, -8.579176278135788E-4, -6.731269556724819E-4, -9.611952392525439E-4, -4.2640750789492627E-4, -0.0010929328758112714, -2.4289095053869848E-4, -9.536463929095837E-4, -2.250109445904747E-4, -7.896997962608074E-4, -4.471151632730516E-4, 5.184852435228003E-5, -5.369487273190329E-4, -5.383499133333142E-5, -2.1896073637072837E-4, -3.193050895695618E-4, -1.6611028258527025E-4, -1.350153000831932E-4, -1.1389154118647133E-4, -1.065955437099563E-4, -1.0965240412160466E-4, -1.6365419278201564E-5, 1.6947022757302497E-5, 2.923051510140095E-4, 2.4027556284930744E-4, 8.121665175432176E-4, 5.854680552608996E-4, 0.0011746261064084038, 0.001108436312341757, 0.0012519904697952048, 0.0012169740726063775, 0.0013053351847582165, 0.001393595189217427, 0.0015541555876648879, 0.00165738705596835, 0.001709445368554436, 0.001758038460954195, 1.858652410991496E-4, 1.99127240357393E-4, -6.204329227887613E-4, -1.5978351245908443E-4, -9.90687122849391E-4, -0.0015075280914187386, -0.0016293815064161489, -0.0022134165776565707, -0.002718343569020004, -0.0024551822348090353, -0.003092357182225139, -0.0028906661086227797, -0.0027781771096881294, -0.0024776675014562544, -0.002260978586807923, -0.002737500411554083, -0.0024872139157332894, -0.0029152117165324705, -0.002765578388600413, -0.0030556976653904402 ], [ 0.0049418359504659, 0.003540322681424491, 0.004542269572242484, 0.003631310147661412, 0.003078079085875159, 0.004614370329694743, 2.9412151272119455E-4, 0.005522659469015692, -5.603426846763858E-4, 0.00359595365844921, 4.843985639872787E-4, 0.0011440888550892508, 0.0011364463078211335, -7.89166269957043E-5, 9.84498524541159E-4, 6.644628238949433E-4, 0.0014215320234457396, 2.3966742503712406E-4, 0.0011115268249779085, 6.976667067230451E-4, 0.004358389659594636, 0.004397465050610789, 0.0041718885906032056, 0.00423742640721216, 0.0041507687976741325, 0.003668922383967277, 0.00428004582196075, 0.002955839527919023, 0.0038483944912881575, 0.002604154171788819, 0.00282831713251995, 0.0023775955868197106, 0.0015779714352174526, 0.0020888812629136465, 0.0015221128593361185, 0.0012542370703182931, 7.527525757112404E-4, 0.0012359751617845103, 6.699507694192647E-4, 8.885983109791357E-4, 6.895793536915528E-4, 7.157048224864345E-4, 7.348965035332471E-4, 7.145619136576337E-4, 7.876461625121371E-4, 7.078078221024286E-4, 7.845905662734944E-4, 6.085620424621915E-4, 9.251883955432312E-4, 3.2367872480007075E-4, 9.82389411124273E-4, 2.0514744196990434E-4, 8.745597634465437E-4, 1.3873764292439295E-4, 5.434638844326442E-4, 8.127619779385962E-4, 9.25713462978711E-4, 6.484770278005064E-4, 9.809663553391886E-4, 6.059412199826592E-4, -0.004364006219987414, -0.004203635813459741, -0.003566975538499251, -0.003988818953726414, -0.0031165427586826106, -0.003492971411258993, -0.002558847694567181, -0.0022181667567848437, -0.0027036434060240828, -6.750327579423407E-4, -0.002675029910501567, -2.734401193472899E-4, -0.002226893124197774, -9.07966418234237E-6, -0.0012976844567994697, -0.0017193318746349653, -0.002081429133258785, -0.0014101871482540842, -0.002225335989605267, -0.0013599618093666022 ], [ -3.05188753006541E-4, -9.069348027597854E-4, 1.1689434317009806E-4, -5.352162690786108E-4, 6.81613214462687E-4, -2.9104599637614E-4, 0.0024446308262048152, -5.603426846763858E-4, 0.0035924631456573258, 7.975933938582385E-5, 0.003473078348326876, 0.0014879927452223533, 0.002656132345136019, 0.002489255031501274, 0.001973639494661571, 0.0031042619604775444, 0.0023873752466226084, 0.003009230251478276, 0.0027104810378914637, 0.0024706885221438424, -0.0022598174502806, -0.0023667421421277104, -0.002418603594479066, -0.0023670955139332237, -0.0024173195918198555, -0.0020844579711721484, -0.002695164943365797, -0.0015100875519802588, -0.0026905734419442346, -0.001116431482567919, -0.0022034811753526124, -9.227083367344393E-4, -0.0017280017749016713, -9.975390201477272E-4, -5.540988071005778E-4, -9.864569775856866E-4, -4.3208200726580707E-4, -7.740984164145257E-4, -6.52890758239619E-4, -6.984789655789152E-4, -3.12633221661613E-4, -3.4115333243334996E-4, -2.910922656115761E-4, -3.396307856413918E-4, -1.4598714892969208E-4, -1.8697727083574712E-4, 3.9794947667750246E-4, 8.840143931063905E-5, 0.001238283729109029, 5.861653091095988E-4, 0.0018682132393722983, 0.0013358626299486856, 0.002013115364125142, 0.0015384244934085597, 0.002140400854349947, 0.0017588018893447154, 0.0022963386796123857, 0.0023625721062865666, 0.0024052405191513026, 0.002568086684514237, 0.0013019790838695935, 0.001561639062936305, -3.2585712289668516E-4, 8.29283341612291E-4, -0.001145951133921429, -0.0012278518556041534, -0.0026198167625908144, -0.0023075912137921783, -0.004306539463553845, -0.00287705723460232, -0.005024856604817814, -0.0035077511573025503, -0.004607792683469986, -0.0030250867481280974, -0.003906756537133385, -0.0032522332406938344, -0.0037486307375615958, -0.004028007755860994, -0.003867552645197247, -0.00438424644836289 ], [ 0.0030203910064884303, 0.0013922201325178504, 0.0032818646305178794, 0.0014394090426147102, 0.002448755886162055, 0.002470500379293046, 6.149635069346452E-4, 0.00359595365844921, 7.975933938582385E-5, 0.002697265405955508, 8.935413118017559E-4, 0.0013082306488155296, 0.001287570684400828, 6.975180151557487E-4, 9.831559391617565E-4, 0.0011718742711140742, 0.0014086824518501745, 8.211820164934715E-4, 0.0012676558154104197, 9.743416651192089E-4, 0.0018517807829029364, 0.00202046144211478, 0.0017729634050741429, 0.002013079763961147, 0.0018348969444133701, 0.0017224528434035228, 0.0020566692265178215, 0.001333087885037701, 0.001877080244296637, 0.0013016055737976018, 0.0013369948628117216, 0.0013315099335142954, 6.580183509391834E-4, 0.001070418216412403, 7.663889959983818E-4, 5.550045435229822E-4, 2.4793365359316596E-4, 5.825007075596902E-4, 1.1919294575335968E-4, 3.348186963489817E-4, 3.090000426365946E-4, 3.431290716265176E-4, 3.6286004271098227E-4, 3.383719564041347E-4, 4.0810956645426395E-4, 4.045882396287867E-4, 4.551113565185485E-4, 4.96053981319839E-4, 7.02834022638372E-4, 4.551542559482295E-4, 8.730203628077363E-4, 5.761024391121232E-4, 8.617352292549856E-4, 5.191237129031931E-4, 7.24872784854465E-4, 8.447715937820578E-4, 0.0010964602892926387, 7.901406653878725E-4, 0.0012151456204566229, 7.995577564897602E-4, -0.0020883198780213773, -0.0021087224236996157, -0.0019279714640523242, -0.0020568827284737226, -0.001798815283880106, -0.0023173103513275746, -0.0016250864791499, -0.002124308871091034, -0.002090168291392885, -0.0013253546061137759, -0.0022979150925290424, -0.0012260405173749836, -0.00202208516356649, -8.170466011223552E-4, -0.0014172706534775839, -0.0016744122993571082, -0.0020756443998553365, -0.0014717431839423143, -0.0023208807968672874, -0.0014964244388053058 ], [ 3.6852442854910577E-4, -0.0010566979783272132, 0.0010267841536962348, -5.694710322542437E-4, 0.0013318700650833525, 2.2096985131040287E-4, 0.0024002374536826253, 4.843985639872787E-4, 0.003473078348326876, 8.935413118017559E-4, 0.003836150156962743, 0.0018471318217028517, 0.0032875660585033493, 0.0027519415792339537, 0.0026214627664288533, 0.0035213784623854007, 0.003108512772693212, 0.0034549857940761246, 0.0032338076875259064, 0.003084396878710562, -0.0021717627472993316, -0.0022016304997046583, -0.002325877355703197, -0.002153398318545547, -0.002248092018204724, -0.001909265148508863, -0.002367439949973834, -0.0014443295102090589, -0.0023001622108962724, -9.938311157389708E-4, -0.001911655628117429, -6.5823535531558E-4, -0.0015938396815039218, -6.972938723702458E-4, -4.8003833981040346E-4, -8.317381397243095E-4, -3.9368060026745704E-4, -7.051646408371564E-4, -5.999255804859734E-4, -7.528316047461268E-4, -2.80215183474591E-4, -2.8660271397156726E-4, -2.4405882336336557E-4, -3.0053843494807304E-4, -7.565684057793357E-5, -1.436534269840382E-4, 5.140140468656116E-4, 1.5464337530018233E-4, 0.0014966326675068065, 6.488427890500275E-4, 0.002219338832385824, 0.001461924869463741, 0.0023204799432877334, 0.001666338478714646, 0.0024536042086497727, 0.0019604835119515092, 0.002699969946790916, 0.0026089075904375198, 0.0028323988422185656, 0.002870069757126617, 0.0012808498823332149, 0.0013031203240977066, -3.5558882980042737E-4, 6.279447536306369E-4, -0.0013365132197605228, -0.0015728980256351263, -0.003002956158699112, -0.002683747813015233, -0.0051338348782647494, -0.003043613064582588, -0.006004650579713127, -0.003746276780862126, -0.00528892655089261, -0.0032284813780867868, -0.004525188855359897, -0.003623394307573799, -0.0045091835355303075, -0.004450798301258312, -0.004675291368442944, -0.0049120287976318 ], [ 8.709785393299454E-4, -8.815237536920304E-4, 0.001614421468519961, -7.486845302924503E-4, 0.0014408477590498328, 2.810871485808181E-4, 0.0012133192172580607, 0.0011440888550892508, 0.0014879927452223533, 0.0013082306488155296, 0.0018471318217028517, 0.0017541752867396001, 0.001673645359003034, 0.002000630960693054, 0.001364982636907614, 0.002219264388956446, 0.0019293010632465786, 0.0019110008961905514, 0.002057137904488594, 0.00170350411345689, -8.339217080054215E-4, -7.146620821129378E-4, -8.783547362213126E-4, -6.607827035247688E-4, -7.91269202894953E-4, -6.233888960470192E-4, -7.618010025401154E-4, -4.410171071258383E-4, -7.951554309093186E-4, -1.539629937505841E-4, -7.071263002900155E-4, 2.633678180822613E-5, -6.985986020967568E-4, -3.3064081408962884E-5, -3.0935434062882383E-4, -1.9251061130728323E-4, -5.146034005437671E-4, -1.956523835631074E-4, -6.512042738712261E-4, -3.7190191321194926E-4, -8.626010849664048E-5, -6.316739684994433E-5, -5.3954311008041334E-5, -3.877441721042931E-5, -2.854872586921003E-5, 1.3991988653371055E-4, 1.3401953748870006E-4, 4.631894295752312E-4, 5.862722701417157E-4, 7.326168747282045E-4, 9.58187905073491E-4, 0.0012666938968420804, 0.001065767370964129, 0.0013184265490865474, 0.0013022037455488226, 0.0012299536080840122, 0.0016406070666044714, 0.0014241598404078914, 0.001779676410347856, 0.0014443569153089275, 1.1445294433571484E-4, 1.2096573346166118E-4, -5.231639608508551E-4, -4.049817808107694E-4, -4.762334877474486E-4, -0.00183734345734707, -8.065192206508046E-4, -0.002843164199776823, -0.0018227097115987494, -0.0027060665367993134, -0.002487422450536773, -0.003005205423578657, -0.0023747326372338443, -0.0024993817649982437, -0.002271176670004678, -0.002291287998386542, -0.002677865201732479, -0.0024386993105824225, -0.002920257699306741, -0.00247605196324793 ], [ 7.781915773653384E-4, -7.173287215795721E-4, 0.0013197099469373053, -3.006019863927958E-4, 0.0014452537638594471, 5.908153141509048E-4, 0.0018067190177455037, 0.0011364463078211335, 0.002656132345136019, 0.001287570684400828, 0.0032875660585033493, 0.001673645359003034, 0.0032586121727513863, 0.0021564224482410466, 0.0029221328378739556, 0.0029747621386162653, 0.0034005588195730515, 0.003125029707703884, 0.0031731585172566075, 0.00295022200521642, -0.0017165315731219354, -0.0017106135645376373, -0.0018560169396849603, -0.0016487475240937024, -0.0017514596574103314, -0.0014748017424718652, -0.001750907371941018, -0.00113622890546402, -0.0016739029222761844, -6.8695312022695E-4, -0.001462918749449094, -2.540582221988794E-4, -0.0013666264553708174, -2.2559865676766288E-4, -5.120263929609714E-4, -3.736261972601095E-4, -3.8246646146996633E-4, -4.6797344042254604E-4, -4.6953931758828563E-4, -6.006548790644774E-4, -1.812496692592629E-4, -2.1444475029307647E-4, -1.2025118546394361E-4, -2.579747269026264E-4, 6.547414454625106E-5, -1.5014850576307835E-4, 5.563295700787382E-4, 1.889245340816152E-4, 0.001361366937369638, 6.646774924865083E-4, 0.002035080341659618, 0.001323903599507356, 0.002253848878657346, 0.001400720260214424, 0.002352767840451786, 0.0017269011018006893, 0.002729050780077117, 0.002418500682281045, 0.0028189621159365125, 0.0027436693279785217, 8.585202686950575E-4, 9.895306553371565E-4, -6.946505223853606E-4, 6.62503589188014E-4, -0.0018768880236875887, -0.001052259594266993, -0.0033045522653913297, -0.0023628266471909356, -0.0048574010521396675, -0.0028371379179823178, -0.005636942957513598, -0.0033705492777785224, -0.00514430061077131, -0.0027188074285997943, -0.0043562617000815615, -0.0032414271083049404, -0.004577825987441969, -0.004147725153105001, -0.004701316207910254, -0.004708838658546911 ], [ -3.461546579304007E-4, -0.002350907762381091, 8.41900290476625E-4, -0.0020593393224594527, 0.0010627336213058654, -8.998190032737598E-4, 0.0017409819294779466, -7.89166269957043E-5, 0.002489255031501274, 6.975180151557487E-4, 0.0027519415792339537, 0.002000630960693054, 0.0021564224482410466, 0.0029301403269686097, 0.0015777784648814777, 0.003093825059252027, 0.0021120000106498995, 0.002771194306472127, 0.0024466175962381373, 0.0023615885981534083, -0.0026009407843190055, -0.0024598772038480453, -0.002621058287423579, -0.002331140653185816, -0.0024883227982852377, -0.002083790653810932, -0.002473099128420759, -0.001645440745245812, -0.0023174284717250248, -0.0011612506866894336, -0.001833387582216023, -8.353883421803221E-4, -0.0013842237054094487, -8.488203341623296E-4, -7.18123458838353E-4, -8.857395958869874E-4, -7.573521273262834E-4, -7.726687893046565E-4, -9.659044988313332E-4, -8.803185731821313E-4, -3.635734961185947E-4, -3.147976050102291E-4, -3.4760164327564706E-4, -2.812031077096527E-4, -3.152138793602407E-4, -4.6120233912638186E-5, 2.172155882314946E-5, 3.1141894774167566E-4, 7.804946792841176E-4, 7.114518495913227E-4, 0.0013197837393710038, 0.0015120506146516905, 0.001344438727660798, 0.0016968187805685886, 0.0017016405161301433, 0.0014857680668104883, 0.0019056535828066538, 0.0017908127307324432, 0.002088194115620964, 0.0018435579908373492, 0.0018201573820466562, 0.0015466850522924441, 6.992877815062361E-4, 6.664115655566675E-4, 5.381659835205996E-4, -0.0015959278887857145, -4.7516262451911454E-4, -0.0029113373288867225, -0.0024317372309866784, -0.0030040666348622102, -0.0033759265576726117, -0.003651440688427426, -0.0029372916684706736, -0.003234964824554879, -0.0029632535315959677, -0.002633551668901914, -0.0030336466799545103, -0.002943075301288149, -0.003304953270221014, -0.003052310687696602 ], [ 7.428698273289316E-4, -6.403327541278111E-4, 0.0010043409727701447, -2.614340418074249E-4, 9.809007418461956E-4, 5.756738796445616E-4, 0.001119706622852319, 9.84498524541159E-4, 0.001973639494661571, 9.831559391617565E-4, 0.0026214627664288533, 0.001364982636907614, 0.0029221328378739556, 0.0015777784648814777, 0.003131005897515247, 0.0023157377977159705, 0.0036062006840011105, 0.00270585114707859, 0.0030694152302688828, 0.0027306528048426045, -0.0013324198923350711, -0.0014110202500491986, -0.0014622603173629059, -0.001382939590744442, -0.001377823673538343, -0.001236041094101547, -0.001452393100465807, -8.695264287771579E-4, -0.0014347809206269589, -4.668352097312654E-4, -0.001293120054276314, -5.4879505571312246E-5, -0.0012991887143454066, 2.068574342053526E-4, -7.955668321863157E-4, 1.3553068259098406E-4, -5.142996576916592E-4, -2.5677783720541114E-4, -3.998484647630362E-4, -4.7506642862442123E-4, -9.893032614898455E-5, -1.5867620017567815E-4, -4.357696487721371E-5, -2.049710740686448E-4, 1.2197138473155188E-4, -1.3850005268544282E-4, 4.743831772202881E-4, 2.440699578802049E-4, 0.0010158627989220238, 7.146803515231749E-4, 0.001593488364966264, 0.0012501762299613607, 0.001941280525380442, 0.0012195104646996776, 0.0021649736478470765, 0.0014453381973424458, 0.002600192236128206, 0.002192890778180106, 0.0025939990964401493, 0.0025232343039783287, 4.201852761957057E-4, 7.58168765328107E-4, -9.177105988908497E-4, 5.917901403064305E-4, -0.001989077533972572, -6.788670074352749E-4, -0.0030580831188477286, -0.0022060230876586656, -0.003887281030168859, -0.0028241490604743224, -0.004601543150201124, -0.0031971955358383853, -0.004438879586796813, -0.0024470242091794263, -0.00399391668585206, -0.002777005867486475, -0.00431728559802808, -0.0038122985254611047, -0.0042956225771165575, -0.00437446759287118 ], [ 3.5927392759196625E-4, -0.001614762835350244, 0.0013494770781931234, -0.0012099582640118347, 0.001497719831005302, -3.594703245051736E-5, 0.0021807705531019872, 6.644628238949433E-4, 0.0031042619604775444, 0.0011718742711140742, 0.0035213784623854007, 0.002219264388956446, 0.0029747621386162653, 0.003093825059252027, 0.0023157377977159705, 0.0036268587606099623, 0.0029152843284188422, 0.003389346908780144, 0.0031173847047051865, 0.002980415901791195, -0.002269653038453965, -0.0021955040412352505, -0.002382616837005216, -0.0021151547020054336, -0.002279559006883496, -0.001898266870884043, -0.0023280602195135166, -0.001462469150674866, -0.0022285721847311838, -9.660339817669883E-4, -0.0018290604989779245, -6.12477987462677E-4, -0.0015113846531083074, -6.597850781598268E-4, -5.906897353377715E-4, -8.158370532579735E-4, -6.362059598239433E-4, -7.205473190928834E-4, -8.470105641906573E-4, -8.451079931704338E-4, -2.932893771672931E-4, -2.715239495244932E-4, -2.6050068159016245E-4, -2.562860665459069E-4, -1.5635873778469997E-4, -3.582498351262092E-5, 3.2836639467080143E-4, 3.2375075704956023E-4, 0.0012652840501383698, 7.796288828848844E-4, 0.001953709322936218, 0.0016376912961027332, 0.002032949077156805, 0.001820059487176953, 0.0022857184440976085, 0.0018878762714982873, 0.0025533603173822075, 0.0023802752323242595, 0.0027220598119875065, 0.0025334257352295883, 0.0013043384023494887, 0.001248950639796771, -1.3042221082851008E-4, 3.9224031903736865E-4, -6.4728741899942E-4, -0.0020015345661437236, -0.0020180377441542294, -0.003244554152410781, -0.004163375039711699, -0.003368702385766201, -0.005165822244469715, -0.00402525954913035, -0.004595244439133408, -0.0034287849538639377, -0.0041541164848644795, -0.003405561925874535, -0.0042273801182400785, -0.00399607746858401, -0.004457593816858885, -0.004286690412526181 ], [ 0.0012068828657677128, -7.26141978548715E-4, 0.0016139248632334336, -3.3992294930078185E-4, 0.0014916532102213751, 7.752148357583375E-4, 0.0014994439404960687, 0.0014215320234457396, 0.0023873752466226084, 0.0014086824518501745, 0.003108512772693212, 0.0019293010632465786, 0.0034005588195730515, 0.0021120000106498995, 0.0036062006840011105, 0.0029152843284188422, 0.0043158432903168086, 0.003200678310563393, 0.0038049514582244527, 0.003188335816728862, -0.0013305417731142015, -0.0013949758594252676, -0.0014739931343520397, -0.0013663907651033764, -0.0013683648757755883, -0.0012321659591300398, -0.001467612361839044, -8.024940702849729E-4, -0.0015339924162022717, -3.404447513408271E-4, -0.0014206037043984787, 8.131254088587679E-5, -0.0014838819341967244, 3.421774272575084E-4, -8.917482128220802E-4, 2.3029704335414026E-4, -6.865940178327496E-4, -1.973660734919246E-4, -6.014961844310463E-4, -4.8606354219703484E-4, -8.336081532818565E-5, -1.4373251587787057E-4, -1.518298747002644E-5, -1.8149089896867806E-4, 1.5563518642214684E-4, -5.954292140439264E-5, 5.159817797066057E-4, 4.6221266188483886E-4, 0.0011234663959345328, 0.0010374618463291321, 0.00179104466319153, 0.0017305311719764732, 0.0022249152330760277, 0.0016925727891020904, 0.002552255687588423, 0.0018728334313517403, 0.0031669209456524953, 0.0026900934370174866, 0.003198949905441004, 0.003020327762442813, 1.3025234282096706E-4, 5.503354543295439E-4, -0.0013483138182968013, 2.636531218028575E-4, -0.0023467176899189045, -0.0013627820618283778, -0.0033293756733230036, -0.0033282963432632665, -0.00424573163311405, -0.003928602296778983, -0.0051407287321226834, -0.004360553540794576, -0.0050615737804840695, -0.0034103697042575185, -0.00462514659960998, -0.003646814767649288, -0.005211011002810301, -0.004717756067565207, -0.005276419711720435, -0.005265108340993654 ], [ -1.4869116505554505E-4, -0.0017216795745885083, 6.791404107432059E-4, -0.0012943085189650637, 9.733314632285854E-4, -2.797672120068266E-4, 0.0018642076257337288, 2.3966742503712406E-4, 0.003009230251478276, 8.211820164934715E-4, 0.0034549857940761246, 0.0019110008961905514, 0.003125029707703884, 0.002771194306472127, 0.00270585114707859, 0.003389346908780144, 0.003200678310563393, 0.0034816559294287746, 0.003122097725807957, 0.003103529187181045, -0.0027352611161599732, -0.0027099190626577326, -0.002869334169182954, -0.0026307771258693227, -0.0027829591089243485, -0.002350572168568647, -0.002851337213753198, -0.0018350508523318518, -0.0026605237551749457, -0.0012590759654105804, -0.0021796193250335017, -7.752615668443395E-4, -0.0017947559226251866, -7.017640958155714E-4, -9.134988740199111E-4, -7.581605322076685E-4, -7.401433406562495E-4, -8.473684792615075E-4, -8.197034796812501E-4, -9.643522719349031E-4, -3.359056855826016E-4, -3.56519916308751E-4, -2.9389059876480287E-4, -3.670073794680745E-4, -1.5197005729158356E-4, -1.927856991700071E-4, 3.6669459801520006E-4, 1.81585842663061E-4, 0.0012682485319993374, 6.908733392632586E-4, 0.0020013296333548612, 0.0014851217617486596, 0.0021976706268554617, 0.001595868330228466, 0.0024355854775704277, 0.0017131254424625029, 0.002675786706256354, 0.0023831556094814593, 0.0027710337236008763, 0.0026400405986393674, 0.0016895481012115746, 0.0018487810086383815, -4.019408635769663E-5, 0.0011405753380619027, -9.595549121305539E-4, -0.0011008498845869613, -0.002576523240518251, -0.00257222313432097, -0.0044293331328447, -0.0030978814044528946, -0.005417801057562549, -0.0037039479259891395, -0.005009230809742576, -0.0029707826594543305, -0.004497605284700605, -0.0030243295247785015, -0.004429851505212458, -0.003946284049029417, -0.00451264274706876, -0.004425395767904137 ], [ 0.0010118428811658525, -9.106393341184103E-4, 0.0015825840099665189, -5.443231992318077E-4, 0.0015878551170693286, 4.922483887676259E-4, 0.001879085320065462, 0.0011115268249779085, 0.0027104810378914637, 0.0012676558154104197, 0.0032338076875259064, 0.002057137904488594, 0.0031731585172566075, 0.0024466175962381373, 0.0030694152302688828, 0.0031173847047051865, 0.0038049514582244527, 0.003122097725807957, 0.0036667524928270974, 0.002981435652748744, -0.001492798703948097, -0.0015277134822246712, -0.001611508973726928, -0.001489613224820856, -0.0014929510828707183, -0.0013382179596690001, -0.0015947166652399752, -8.909152017339932E-4, -0.0016842596109504897, -4.631444255471275E-4, -0.001503354899010916, -1.364914642925402E-4, -0.0014541224748602921, -3.5319500914956038E-6, -7.070590648003175E-4, -1.0850866637019581E-4, -6.340032836273946E-4, -2.938236596673887E-4, -7.120501253134954E-4, -5.09079876295257E-4, -1.3960938637923645E-4, -1.7284723745384164E-4, -8.486688680309273E-5, -1.908912046743665E-4, 5.8461749764038515E-5, -2.9665572794880532E-5, 4.319668464688479E-4, 4.619525677779743E-4, 0.0011134807387197679, 0.001015656258959392, 0.0017545598705698358, 0.0017877853142743256, 0.002066378098249493, 0.0018697244460121032, 0.0023875995902467887, 0.0019766572883157486, 0.0029584667469744917, 0.0026651097915428345, 0.0030630765765086924, 0.0029147538213909843, 4.204656371021401E-4, 6.172374192305985E-4, -9.877087688010921E-4, 1.4360945276084742E-4, -0.0017739686569460994, -0.0017127278427491073, -0.0027096567056853526, -0.0035384433599732106, -0.004012052135053163, -0.003934311414490394, -0.004915429268188663, -0.004492440127002368, -0.004661238262224809, -0.0038061081348853246, -0.004246465514049418, -0.0038637409903578713, -0.00482603499900976, -0.004693639863471223, -0.005022220037143734, -0.005088971828814536 ], [ 3.33636421863284E-4, -0.0014198401792712605, 0.0010224794645081537, -9.573284762224404E-4, 0.0010764666997662682, 1.3747978282306855E-4, 0.0015053207746054818, 6.976667067230451E-4, 0.0024706885221438424, 9.743416651192089E-4, 0.003084396878710562, 0.00170350411345689, 0.00295022200521642, 0.0023615885981534083, 0.0027306528048426045, 0.002980415901791195, 0.003188335816728862, 0.003103529187181045, 0.002981435652748744, 0.00295592015377145, -0.0020206590564406366, -0.002020670167979939, -0.002134834570626677, -0.0019507944211382623, -0.002029642280585379, -0.0017425192622856915, -0.0020680368025317976, -0.0013451729504247061, -0.001932344038992389, -8.831191498052257E-4, -0.0016040840451173627, -4.596832367516824E-4, -0.0013934031124697031, -2.9873923959860643E-4, -7.318549229743013E-4, -4.2172374146448604E-4, -5.592547083813443E-4, -5.852376708910151E-4, -5.803743021019787E-4, -7.659148978050592E-4, -2.3201993805496845E-4, -2.3635668318563443E-4, -1.9890275155438135E-4, -2.508614381314723E-4, -6.956312787980413E-5, -1.1677463021634987E-4, 3.784900585662147E-4, 1.9956432576084837E-4, 0.0011732437335239944, 6.2500266362327E-4, 0.0018147942334773223, 0.0013206375028773595, 0.0019539745159657313, 0.0014251311767257372, 0.002201415608915263, 0.0015688957297694997, 0.002457451192733387, 0.0021792499491403044, 0.002524781641453343, 0.002423284768025587, 0.0012040315255296974, 0.001204483740692591, -1.4535424009869976E-4, 6.480884428596199E-4, -9.49127379324337E-4, -0.0012256747506386805, -0.0023522014635455886, -0.002431498718689199, -0.0040928367123973675, -0.002733537663484487, -0.004983117864325996, -0.0032917665688996425, -0.0044409041837799815, -0.002710168506461639, -0.004079026979182962, -0.0028380272013085604, -0.004112546382912045, -0.0036750536125463116, -0.0041721455216685455, -0.004123394556994882 ], [ 0.005118703640303185, 0.005810848199013253, 0.0033131351006829984, 0.0056160959773421, 0.001601035343542386, 0.005101596362953771, -8.287153858129491E-4, 0.004358389659594636, -0.0022598174502806, 0.0018517807829029364, -0.0021717627472993316, -8.339217080054215E-4, -0.0017165315731219354, -0.0026009407843190055, -0.0013324198923350711, -0.002269653038453965, -0.0013305417731142015, -0.0027352611161599732, -0.001492798703948097, -0.0020206590564406366, 0.007478929680773358, 0.007185797928348903, 0.007312232315798942, 0.006796689697533544, 0.007040570532314638, 0.0060003989678155895, 0.006732145323101943, 0.005069197286411301, 0.00584565009575033, 0.004031856484130634, 0.004451465373501171, 0.0030257227820405953, 0.002941210117699857, 0.0028299508196796743, 0.002257050852751707, 0.0020915476145626647, 0.00148349091813616, 0.00213580240045865, 0.001589140935899118, 0.001961381642532097, 0.0010696747947917967, 0.0011010688966963224, 0.0010339447226662885, 0.0011494833274306195, 9.557901776917207E-4, 9.774121367416573E-4, 5.408833444222354E-4, 5.037329399079206E-4, -1.9497425804962948E-4, -1.7191183293047856E-4, -8.146268121495313E-4, -9.546450482481701E-4, -0.0010228395046213065, -0.0011322142551925582, -0.001445764108127107, -4.6126582891481703E-4, -0.0013950399700431797, -0.001109415885475794, -0.0015330741072168616, -0.0014243161543489886, -0.006941496414629256, -0.006416556970255769, -0.004473431617367877, -0.005816167289973743, -0.002823533395119465, -0.0033570565082733156, -7.808212183838838E-4, -4.514865179914391E-4, 0.0011037637780352688, 0.0014034405678557671, 0.0021150883650885243, 0.002399403326108864