{
  "weights" : [ 0.6928676890645393, 0.7006156289699687, 0.7098376133280431, 0.7075045521593865, 0.7125139314819946, 0.7205978261278027, 0.7172081533717471, 0.7196588600677586, 0.6998360922638733, 0.6894734454627124, 0.6719847147378641, 0.6519866284170237, 0.6867184656476389, 0.666010325625481, 0.6460348381066358, 0.6112075438713962, 0.6191614643993985, 0.583522670713209, 0.6107712438444415, 0.5827055107555109, -0.6000978437371336, -0.5978789323780487, -0.5788539051083065, -0.5680221570271127, -0.551826228399601, -0.5316882953679504, -0.5022430592192276, -0.47484580625699, -0.4412205085585317, -0.4337031992515539, -0.41933280531624084, -0.4718704156990413, -0.41215273861177226, -0.484089949156639, -0.4383543932202944, -0.5312068066792671, -0.44952919786277346, -0.5278837747674242, -0.46710374045878883, -0.5170220340145897, 0.34796464739969024, 0.3436246064463368, 0.3611097098407724, 0.37884328536319817, 0.3993921834934395, 0.4132542761365294, 0.4461782657444715, 0.46957479511012035, 0.5147935406618254, 0.5179754645190555, 0.5447099561586833, 0.5160223872435206, 0.43746098444976883, 0.5074564166690215, 0.405632836315189, 0.5586242888793325, 0.4352414402879128, 0.5358206835748349, 0.4773975456173344, 0.5152713151814945, 0.19205096223544704, 0.17933229372170503, 0.17180893192716115, 0.17232085720017862, 0.14672058508713132, 0.1308347389469214, 0.11096134622447813, 0.09524958198185611, 0.0767508034924461, 0.09344147463447608, 0.1323424825806633, 0.1587064958035368, 0.2906537295776869, 0.16566526563914585, 0.37161536716424687, 0.127955437031927, 0.3472034583696476, 0.2165958016841347, 0.3012653945431307, 0.25820313166653014, 0.5523857455747715, 0.5563868736391848, 0.5559442746670454, 0.5677061399567208, 0.5763695148739596, 0.5931461297304915, 0.6083659193877993, 0.6368466184601012, 0.6297539523411444, 0.6082249002730838, 0.5169204119075191, 0.4034384375976498, 0.21706725104789057, 0.15937491082363175, 0.06290755735741717, 0.10065524200401214, 0.09811928563064386, 0.0940582942711088, 0.10087848947583351, 0.09990856577749323, -0.5014131695194242, -0.4982265530556816, -0.5051023595827977, -0.5196580492128625, -0.5272799783231034, -0.5430903610281099, -0.5580470816122903, -0.5684948589087477, -0.5779717089129027, -0.5804811652911526, -0.5648686475089018, -0.5288509391009482, -0.38744970856531047, -0.3146337136398747, -0.1990580171639078, -0.1516999694760996, -0.13777808949832704, -0.14639602721506104, -0.14524538833939443, -0.16078501318740052, -0.3832544022009445, -0.3904721999954487, -0.40182984052374304, -0.4101146863438456, -0.41712885361072305, -0.4377991550514172, -0.4390633044293706, -0.4467845794379397, -0.4342464524898302, -0.41711899469571506, -0.36698721293963554, -0.33153314110796567, -0.17477589092519785, -0.12789921664486836, -0.005500070667532029, -0.03132216078742535, -0.006128015385561958, -0.028160195575526736, -0.009276266535504474, -0.028474150381579227 ],
  "covariance" : [ [ 3.641362982426607E-4, 1.907982454473767E-4, 2.3646134813832889E-4, -1.472066682148691E-4, -1.3598012819086665E-4, -4.4595664374803005E-4, -2.672062856691216E-4, -6.143995474835003E-4, -6.708860174738271E-5, -6.644699484953517E-4, -4.515952009174541E-5, -2.0958862621790427E-4, 3.2387146096881086E-4, 5.140146870111665E-4, 5.84702863405388E-4, 3.9390567093465067E-4, 6.770683494087197E-4, 4.3108708221338007E-4, 4.241166883897569E-4, 4.072831190135207E-4, 4.04391621937383E-4, 2.6857128882688494E-4, 2.1929618919084432E-4, 8.146545749347788E-5, -3.165556261794256E-4, -2.613423588727255E-4, -7.273127716348876E-4, -9.187359424035934E-4, -0.0014397470081573816, -0.0015695517536469922, -0.002348343980012364, -0.0011090786630006786, -0.0034858972603970537, -5.690967416962712E-4, -0.0027194705346392165, -7.735522681711572E-4, -0.0024898307128857905, -9.517665283400076E-4, -0.0022049835617518683, -0.0014665448793903225, 1.206389297756134E-4, 2.1045003270091467E-4, 1.2360422874733534E-4, 2.348907200371955E-4, 9.377839352990703E-5, 8.88672082677376E-5, -1.1618428850282689E-4, -3.733822491711246E-4, -7.79358662934978E-4, -4.849381458268276E-4, -0.0010547821171821158, -5.438450497196479E-4, -1.8462267007744013E-5, -0.001140777895153067, 1.7766348620438637E-4, -1.4272379136126337E-4, -2.571052540416497E-4, 2.1734532660246276E-5, -2.1234111398498536E-4, -1.5342613648002912E-4, -1.4052577546017143E-4, -3.809896061688091E-4, -3.492276295702578E-4, 5.87353032332367E-6, -6.169536804404565E-4, 1.7311473831963428E-4, -6.595715833038685E-4, 1.215014806140792E-4, -6.173370611250372E-4, -1.651994095377634E-4, -9.276088950046207E-4, -0.0013775170745110232, -0.0034257554452521806, -0.0011053050057951927, -0.00403780604091482, -0.002169826393061364, -0.003455416051074613, -0.002198137754629736, -0.0031082720579163523, -0.002264409871076854, 2.0073213035001297E-4, 2.858568434579023E-5, -2.5694697176896903E-5, -4.000246192056212E-4, -4.2163629610091633E-4, -7.995363348137657E-4, -6.440013810176727E-4, -0.0011138128233474322, -7.527415724140684E-4, -7.787906792514391E-4, -1.9089685951194732E-4, 7.306339844241511E-4, 0.0010937588790714881, 9.35623598609974E-4, 4.5834847935936136E-4, 8.196065954725762E-4, 4.952985110100361E-4, 7.323807546202307E-4, 4.740459686538755E-4, 5.762523331777813E-4, 1.692859406269515E-4, 2.4048143306583424E-4, 3.8691025770667514E-4, 3.1091569085454137E-4, 6.836745706450718E-4, 5.730474213404931E-4, 0.0010228196039928001, 0.0010025374347400085, 0.001340036098761771, 0.0012593833343762736, 0.0017138686517683527, 0.0014248293719782573, 7.071808359073765E-4, 3.280015657323932E-4, -2.7175098486009877E-4, 4.518545359291905E-5, -3.6263545629027264E-4, 1.9616185197745394E-5, -3.884957290365324E-4, -1.1916791080800876E-4, 4.2931797798055076E-5, 1.710990797398057E-4, -3.277761980729215E-5, 1.0829583587475782E-4, -2.0913174175003017E-4, -2.6452923101665057E-5, -6.523246587696252E-4, -4.4251960629719853E-4, -0.0012901342314843728, -0.0012129575245918888, -0.0019360989661596746, -0.0020039347264448554, -0.002819779612376234, -0.0015748089372866828, -0.0011659330558771745, -7.122158948137103E-4, -9.710233508015705E-4, -8.187763070865587E-4, -8.784104648828047E-4, -8.136865596449485E-4 ], [ 1.907982454473767E-4, 8.782191106850202E-4, 2.5306553725378846E-4, 0.0011241529245139628, 6.801599645283232E-4, 0.0011123537138028735, 0.0013453932758281987, 0.0010280167127472888, 0.002162579587232963, 8.11373992849296E-4, 0.0016424884834905862, 5.940801948559951E-4, 0.0012613441349718533, 6.462087627764049E-4, 9.13109626610167E-5, 7.279113605189031E-4, -9.396516165602972E-5, 6.051262994131335E-4, -8.539574516853298E-5, 1.5478589130180247E-4, 1.6767061439359175E-4, 9.938353494241682E-4, 1.8160721783124475E-5, 0.0014609425793177051, 1.1118404886493983E-4, 0.001224443813894518, 6.226222807386192E-4, 3.463155569942909E-4, 7.54925978113831E-4, -9.181502478214885E-5, 3.1171295499598855E-4, 2.0326023053527905E-4, -1.1465949878211785E-4, 0.0014193682251810874, -2.1021942997346145E-4, 0.001268209571867037, -6.417160610756786E-4, 0.001370186148635778, -3.844685715452626E-4, 3.006056538177056E-4, -1.0707245868080666E-4, -1.0684906406912008E-4, -2.51392543634586E-4, -3.1421827025684236E-4, -7.90514770441961E-4, -5.714400746381307E-4, -0.0014292367142362975, -0.0017310221333337737, -0.002169669288294051, -0.0015994270217328218, -0.0016970759794820295, -0.0011367620173821672, -5.711204462657179E-4, 3.9784603921625805E-4, 0.0010508134875835391, 3.016310121212489E-4, 5.019407546272676E-4, 4.717060922370651E-4, 4.565066048841114E-4, 3.4576701171799915E-4, 8.326187916847973E-5, -1.1055038590453381E-4, -5.326374268132399E-4, 5.539769207985856E-4, -6.929336297213286E-4, 1.4755244728190396E-4, -1.3393705656121718E-4, 3.208402313793357E-4, 5.483246236454934E-5, 5.951322125303771E-4, -3.1572508594671577E-4, 7.097471365715808E-4, -0.002074830271066793, 0.0010476989976211076, -0.0034322058175896837, 0.002094947493877968, -0.0024334363515943784, 0.0014393234090530997, -0.001348158420099448, 1.1625399865426223E-4, 7.377851959907088E-5, 5.744857713820505E-4, 5.348906380095973E-4, 0.0011057847857754777, 9.472968772126925E-4, 0.0015287020003112652, 0.001356720400570409, 0.0013398731970568562, 0.00172575683444646, 0.0012535179677500815, 0.0016661177749985692, 5.427862953917028E-4, 6.627567395843947E-4, 4.0579636425203927E-4, 8.922418062100853E-4, 7.306848242821024E-4, 5.504380537007291E-4, 6.976848189133272E-4, 5.043950299304747E-4, 4.386916600342207E-4, -1.9053045895114324E-5, 1.6146876942836586E-4, -6.385023594324225E-5, -2.0136246015089397E-4, -9.163852063833033E-5, -4.4879263506700045E-4, 1.0551905320190506E-4, -4.0725163949708394E-4, 3.6117876759703626E-4, -3.7578102994453627E-4, 5.48259825982387E-4, -3.364172347550628E-4, 7.106813208980985E-4, -3.944950369200585E-4, 7.714239200473514E-5, -2.8054152381592123E-4, 8.039202857755E-5, -2.0921435053404224E-4, -7.200668759358824E-5, -3.014348040268532E-4, -1.6304345263263743E-4, 2.8743278333647734E-5, 1.9824785178983956E-5, 5.475629399603217E-4, 2.172753657401647E-4, 9.163185913226637E-4, 6.246377904175014E-4, 0.0011787728422238883, 9.646015781047527E-4, 0.0010073017027999703, 0.0011092286280801411, 9.779190836479246E-4, 0.0017408513798745893, 0.0011666444328834622, 0.0010561346999398151, -3.9601597846245916E-4, 1.4856455487290387E-4, 9.511983905219844E-5, 3.0013921729129145E-4, -9.294717123804188E-5 ], [ 2.3646134813832889E-4, 2.5306553725378846E-4, 6.195506155342192E-4, 4.762107445385407E-4, 0.0010057477574043493, 9.803784274533321E-4, 0.0018003925427356729, 0.001025303381866273, 0.0023728455860415392, 8.552462534733905E-4, 0.001761021613550931, 8.870828672802566E-4, 8.464033467695819E-4, 7.941938153868621E-4, -3.710265224371598E-4, 7.909915871198303E-4, -7.405716807908807E-4, 8.218727090429205E-4, -9.396913219829733E-4, 2.3689517453644518E-4, 1.2161275240098684E-4, 2.96820544521056E-4, 3.4402973215458125E-4, 5.949254761400035E-4, 2.885954986944214E-4, 8.820975234985879E-4, 8.614692187491676E-4, 2.697899555188559E-4, 9.151445370732882E-4, 1.6983067824247395E-4, 5.043338551137523E-4, 7.545652028838372E-4, 2.2865062291688946E-4, 0.002092327313762227, 1.7329137925361235E-4, 0.001084977050768242, 3.301418884743261E-4, 0.001321843518599489, 4.60434996108798E-5, 7.647259431892313E-4, -1.670027244057605E-4, -4.893417859531035E-5, -4.1820079130430103E-4, -2.435223875430247E-4, -0.001075841380342112, -8.10106168507681E-4, -0.0016003258894482376, -0.00167081431249687, -0.0021054076051625573, -0.0015172056719859198, -0.0016384632414652408, -0.0010996352353866434, -7.289382120832983E-5, 0.0010539191493487755, 0.0011130238096870627, 5.3196660760363E-4, 0.001207962650657534, 3.18166920139532E-4, 0.0012823985752133307, 4.840575645573118E-4, -9.840290401485943E-5, -2.031623999574461E-5, -4.011772755034997E-4, 2.2426458207458876E-4, -4.8233274948951497E-4, 2.6694133047049204E-4, -1.0582944951687165E-5, 4.269043218718691E-4, -7.154467961758278E-6, 6.605207424042486E-4, 2.788117835352188E-4, 7.367178037341405E-5, -5.787447091719621E-4, 2.5486712628077814E-4, -0.001102759218200655, 7.827539993585965E-4, -5.89189260732988E-4, 0.0010879757053149591, -7.780720719165819E-4, 6.502810750267506E-4, 2.3241555699191836E-4, 2.7023735721252496E-4, 7.817723217388002E-4, 8.845210868685144E-4, 0.0012899174023380735, 0.0015530728416653327, 0.002013087830986568, 0.0016329595972132715, 0.0021029707216877734, 0.001627171325563635, 0.0015582920649821648, 0.0012630352851299518, 5.849554512164422E-4, 5.809707623396887E-4, 6.890192393775442E-4, 3.5031124026892304E-4, 5.565825693014172E-4, 3.997572302686182E-4, 4.0792695581695095E-4, 3.0393566895558805E-4, -4.916821704874084E-6, -3.902047902152923E-5, -6.989778317055568E-5, -3.088365410372732E-4, -2.4390488458807147E-4, -4.353973892991782E-4, -2.9891550516650907E-4, -4.3408442897975623E-4, -1.3446104595998408E-4, -4.784253393262115E-4, -9.630858343771492E-5, -2.741905814985003E-4, -3.910672781220838E-4, -7.197179031014373E-4, -8.163144131911881E-4, 4.736231541443509E-5, -2.0145364380829995E-4, -1.0577145587056898E-4, -2.0491768044114033E-4, -2.179628295365422E-4, -1.0189181346203837E-4, 6.857750623663076E-5, 6.347243551481832E-5, 3.8973991398501945E-4, 2.8320466198885925E-4, 8.134989278145027E-4, 7.909181384217544E-4, 0.001076654559487132, 8.743365556365619E-4, 0.00127229380044228, 0.001275988740793224, 0.0012752821186047072, 0.001815975130816752, 0.0020968475101651213, 2.526848811099973E-4, 4.375695843451716E-4, 2.437713733409578E-4, 5.179305140890282E-4, 5.186652018893198E-4, 2.7216929707521464E-4 ], [ -1.472066682148691E-4, 0.0011241529245139628, 4.762107445385407E-4, 0.002477705516319994, 0.0020096166923681733, 0.0032594357532101754, 0.003985897218115007, 0.003520866265374331, 0.005041063627764706, 0.0031774843489870024, 0.003754195256060269, 0.0022307002751615432, 0.0014863240546422742, 0.0015087087070721086, -0.0023354838310372357, 0.0017780958957157877, -0.0025452590272386074, 0.0013534411154730508, -0.001995702993165681, -4.746348513660735E-5, -3.6367346062045016E-4, 0.0011473214456216311, -3.9510119557840725E-5, 0.002409904579640749, 9.707905979029589E-4, 0.0027326375613299534, 0.003110501761015375, 0.002132982290439838, 0.004865847670039166, 0.002580092662270183, 0.0051349431124055, 0.002509990926531602, 0.006120502704387931, 0.004898786248228145, 0.003909577808249733, 0.0049450057116456805, 0.003325402958185501, 0.00520825303062596, 0.0031741817064286177, 0.003896442209133808, -5.67853436563022E-4, -6.277399342354607E-4, -8.910866359800327E-4, -0.001369131428658351, -0.0021414553174518075, -0.0018735125894968712, -0.003134026778855634, -0.0033327656203067527, -0.0030979747518252838, -0.0027383164019261315, -0.002035543733129444, -0.0020194164741156543, -0.0020463039093108794, 0.003043141901910536, 0.002576041340796091, 2.1998275323174298E-4, 0.0027650238978346627, 3.5841474024831917E-4, 0.002357360839066239, 8.638425272844235E-4, 2.50401720774894E-4, 5.426608420514079E-4, -6.715705155127531E-4, 9.005673993529447E-4, -4.952324217237782E-4, 1.1189758205890893E-4, 0.0010259640829789762, 6.495041462568841E-4, 0.0013066651375192974, 0.0016670421296363254, 0.0022587391037694705, 0.0044116013319052605, 0.003594649187716374, 0.004329155393314753, 1.6315851685647E-4, 0.009127878173968745, 0.00120367131291698, 0.0076865151501060505, 0.0024919707638930036, 0.005233849763596971, -4.8840819557429374E-5, 9.428092031451657E-4, 0.00158670603280878, 0.003169165288795779, 0.003321094989828123, 0.005046060983463665, 0.004826266977380542, 0.005335914755280547, 0.0055577120409230655, 0.00427700341064977, 0.0032701762829244773, -0.001158403690387225, -0.0014603695050788982, -0.0014735064097980497, 0.001538898311210506, -1.45878252846692E-4, 5.068279602856549E-4, 2.9574387319954116E-5, 2.7835202411416666E-4, -1.3501192204632318E-4, -2.9081776059691224E-4, -3.6579044135938774E-4, -8.496149586040841E-4, -0.0012143969663999425, -0.001643466274362535, -0.0023003363184109556, -0.002102916134942226, -0.003096765187378946, -0.0022479724898318582, -0.0035457320473815863, -0.0026182642807155883, -0.002847103889326065, 5.531777093073702E-4, -1.0460427474363464E-4, 6.055634319529555E-4, -2.1558015603671943E-4, 6.656088912089382E-4, -4.1884312715646484E-4, 4.629110161824982E-4, -3.687126170476716E-4, -3.655333952571423E-4, -1.9587409866541326E-4, 1.1805437672215872E-4, 8.3512884825311E-4, 8.940136056644109E-4, 0.002137504045331244, 0.002830300993309489, 0.003552788379670281, 0.004754142195286933, 0.004982338023177106, 0.00660333895331322, 0.00685507930714416, 0.009917081045115341, 0.0069154256646589505, 0.003688280407220578, 0.001371415484731118, 0.0021672699101917643, 0.002123312275908947, 0.002362369422401114, 0.001654807245669322 ], [ -1.3598012819086665E-4, 6.801599645283232E-4, 0.0010057477574043493, 0.0020096166923681733, 0.0030685767826842134, 0.0037718744080638866, 0.005722604795344756, 0.004269089404902858, 0.007283293554167799, 0.003951249211364452, 0.005478636060089237, 0.002852227076019785, 0.002145776890052397, 0.0013115934054327737, -0.0021806861651315736, 0.0016865217803657961, -0.003696403996409861, 0.0013722941883283477, -0.0033475353967123518, -3.3959754206658316E-4, -4.966806509681413E-4, 7.4978355296723E-4, 2.3859990104293415E-4, 0.002109695401814213, 0.0016117975197191459, 0.0033512127636999745, 0.00428690255683002, 0.003260793693585117, 0.006072995817704556, 0.004724607150270773, 0.007233678973721438, 0.0055148442642142664, 0.00905524491608901, 0.0077439305428456855, 0.006702675148822118, 0.0055260542528786285, 0.006327872367935285, 0.0064674340388404285, 0.005279348762803359, 0.005778630214675097, -6.789109435679287E-4, -4.5618039300643614E-4, -0.0013935337915338417, -0.001074971393622121, -0.002897235641079304, -0.0022875203290735, -0.0040358569527556044, -0.003716055979840053, -0.004360558534421617, -0.002851763898571681, -0.002074359440867748, -0.001205314090295915, 7.358187312895158E-4, 0.0045897784766324905, 0.003034416937312546, 0.0017765417687475738, 0.0034938590489834802, 0.001051171458152907, 0.0035550505208360164, 0.0018932759864136888, 9.680456278406732E-5, 6.287995555205111E-4, -5.017154578744916E-4, 9.455958468145059E-4, -3.3303168989476275E-4, 3.668317221800698E-4, 9.821594671083707E-4, 0.0010136910056339015, 6.88855418843341E-4, 0.0024096331725488793, 0.0014315325987661824, 0.0037701190818982505, 0.004116856844928451, 0.005390177463357449, 0.0038062002690858504, 0.009098998808980211, 0.0056766088509558905, 0.008898598896490634, 0.005353184564498923, 0.007270618946749017, 1.331442497091571E-4, 9.259228538255308E-4, 0.0021637824165533517, 0.003547739143249394, 0.004588385951035976, 0.006197167081767355, 0.006996727126652887, 0.007051928474347293, 0.007740542541862674, 0.006712346200288556, 0.0056965695070145105, 0.002967778010777887, -2.181215253926872E-5, -3.092284155196299E-4, 5.075532341991285E-4, -5.665908480903463E-4, 4.5699061072804106E-6, -3.16941456982965E-4, -1.6940700728494841E-4, -4.4642578202116177E-4, -4.4387250267408594E-4, -4.3552618159179693E-4, -0.0011041390960689935, -0.0015568620253443204, -0.0021713235661075417, -0.0026036910929545173, -0.002965448505184754, -0.0034982000975583806, -0.0031199259032720565, -0.004236337775107381, -0.003924221734847992, -0.004796912611451754, -0.0033071037362619065, -0.00393015539159197, -0.00149614193483096, -3.930631417649059E-4, 4.3343834657109075E-4, -3.7021556075520325E-4, 4.163254669709443E-4, -3.9921135988920645E-4, -2.5236995054950034E-4, -2.8858071029617437E-5, 3.051218518139443E-4, 0.0012413161419880963, 0.0013383988991245417, 0.0026681461103920633, 0.003718679855267291, 0.004333471396664734, 0.0054584809600926945, 0.006385923442355036, 0.007961672143980327, 0.008015870199525878, 0.011463942694805593, 0.009210476148440378, 0.004326217375363304, 0.0024039660319659533, 0.0031131102146655775, 0.0031707694984518166, 0.003671790649941002, 0.002629555417624006 ], [ -4.4595664374803005E-4, 0.0011123537138028735, 9.803784274533321E-4, 0.0032594357532101754, 0.0037718744080638866, 0.005554671672554089, 0.007178994735070789, 0.006326872379181999, 0.00863839655053889, 0.005758512409862277, 0.0063638598517159976, 0.00403217647476321, 0.00204919228608328, 0.001601663486607403, -0.003943262425102218, 0.0019488615309555938, -0.004884802899339068, 0.0013371591471032429, -0.004273454838050963, -6.674663262645174E-4, -9.365630829779483E-4, 0.001033884109341992, 7.773517522945074E-5, 0.003016884593439691, 0.002063463338084037, 0.004636541293500171, 0.0056871175020561425, 0.004701013944462138, 0.008546441082034674, 0.006384812124765034, 0.009832894340511626, 0.006375892194138558, 0.012517864037624336, 0.009629153098891875, 0.009215437367419959, 0.007868835024679267, 0.008274424847946332, 0.008944359198148167, 0.007182499199078393, 0.00782440485559621, -0.0012198330663600616, -0.0011302106331342655, -0.0019295615552343418, -0.0020904315817320035, -0.003951729073048666, -0.0032537879090463497, -0.005435906839537839, -0.004998621807494142, -0.0050127628416935565, -0.003918051867089821, -0.0026382025339289155, -0.0024758535995239566, -0.0015944164132429095, 0.007231611868222701, 0.00390968481046627, 0.00173877198235007, 0.004886057600874455, 0.0012726311514779632, 0.004643123429001146, 0.002217518903085137, 6.317140371581156E-4, 0.0012347793705012424, -2.0182603324295993E-4, 0.0013645621284988846, 3.530271503954047E-4, 2.694257982303206E-4, 0.0024667302305238768, 0.0011667116817162485, 0.0025461412726248533, 0.0032688659443516383, 0.004140125046105509, 0.007177283788987677, 0.00842416007962566, 0.006693335029916248, 0.006133544238617716, 0.013981039365505602, 0.0069899855363302075, 0.013050954436110956, 0.0073346384240604145, 0.010216016562980285, -1.0945670723510101E-4, 0.001287989568198848, 0.0027651860573347743, 0.005163139016770893, 0.006075778282473291, 0.008899044206332184, 0.00921605550814667, 0.010050902334177079, 0.0101946401440118, 0.008324165178737417, 0.006193782477037687, -5.923294150691778E-6, -0.002332501090341436, -0.0017440321400311952, 0.0014124760025832253, -0.001218709702564344, 3.474295961828045E-4, -8.602301039313128E-4, -4.48938285812126E-5, -7.830658983665427E-4, -7.844209929806253E-4, -9.085498944301187E-4, -0.0018400912018193111, -0.002428441920136755, -0.0033731811688379834, -0.004141356984718094, -0.004539439786317423, -0.0056264845723031824, -0.00496498365162931, -0.006559880615750505, -0.005726983295696881, -0.006156458279199932, -0.0015977790764044825, -0.0026903067514892024, -4.7729204749942625E-4, -4.086233449440015E-4, 0.0010106332382188784, -5.7216466477352E-4, 8.460527492633981E-4, -4.189741200349634E-4, -3.8368045251174613E-4, -2.08760422009992E-4, 4.715047480947193E-4, 0.0014968978267996713, 0.0019019412328158416, 0.0036071942417879505, 0.005348944324131486, 0.006182354154852189, 0.008460668050370768, 0.009424695869359337, 0.012112859281706256, 0.012669784705663135, 0.01735296876356627, 0.013143907245570683, 0.00606031185895827, 0.003473130687432144, 0.00420377304734933, 0.004541824396608257, 0.004808822726834947, 0.0036527614396579975 ], [ -2.672062856691216E-4, 0.0013453932758281987, 0.0018003925427356729, 0.003985897218115007, 0.005722604795344756, 0.007178994735070789, 0.010949893766352482, 0.008276212500491755, 0.013664097516317199, 0.007711298407906371, 0.010267838050849378, 0.005732412630425195, 0.003368945880501016, 0.0034749575494603855, -0.005166092171989661, 0.0038523814266606263, -0.007571758784312786, 0.0027660916661309464, -0.0065781369683238795, -6.223283443712146E-4, -9.434306513764907E-4, 0.001411905132700236, 4.7249642814284614E-4, 0.004049700808644871, 0.003351167551199216, 0.006352502980457919, 0.008735004408722692, 0.00681448894952303, 0.012635408103483223, 0.010307464534811954, 0.014972378742056817, 0.011693122676866556, 0.018568978882238706, 0.015478999077916136, 0.013253734046305202, 0.01170280697082774, 0.012544114346655595, 0.013307602863267192, 0.010714655445336825, 0.01198268085777421, -0.0014081017586976166, -9.763423534518956E-4, -0.0025351758058660048, -0.0022303059794225506, -0.005029974942145308, -0.004302460762314464, -0.0071905058889754495, -0.006523997085991742, -0.007289631747154067, -0.004426531449617231, -0.0031827926410284806, -0.0015865650706351933, 0.0015678849514296454, 0.007704617596603112, 0.006039172228940381, 0.002701378268529696, 0.006460587132637697, 0.0017746288999206253, 0.006428323764735417, 0.003493009797302272, 3.40852230831386E-4, 0.0012215714838440218, -8.506107841675919E-4, 0.0019191667726202108, -6.450771137917966E-4, 7.189652223703012E-4, 0.0017283503645246288, 0.0020670638569283595, 9.610453782234252E-4, 0.004637792725302435, 0.0027643020726296945, 0.008474726489510084, 0.008540189058606302, 0.012652715651375506, 0.0071469300199859505, 0.01989428623433101, 0.011801040996107348, 0.018534238648800147, 0.01169043101351442, 0.015287985123068098, 2.1218943417350536E-4, 0.0017129832317992451, 0.00410152787779095, 0.006794198358527868, 0.008778413646182898, 0.011841564665733884, 0.013325617055784066, 0.01364073322397512, 0.01490065841966101, 0.01320362548706195, 0.01084832372599573, 0.005297499337385577, -2.462877239243805E-4, -0.0010230139932532537, 6.648949280771059E-4, -0.0012952979272238766, -3.463587626152437E-4, -8.692473891030992E-4, -6.288838329275122E-4, -0.0010976500076197843, -9.939546533021602E-4, -9.570570792209574E-4, -0.002317484305906034, -0.0032193288843251856, -0.004420515029248089, -0.005459154873295299, -0.006063746778006948, -0.007293902334022497, -0.006532556642563317, -0.008889486958724964, -0.008214082623291014, -0.010156486356456605, -0.0065965279045208155, -0.007635729465471352, -0.002355934077022238, -8.663513486972557E-4, 0.0011368927431643157, -6.861968302273476E-4, 0.001041433968425059, -6.681066510783553E-4, -3.069244044870699E-4, -6.390453879034249E-6, 6.637035139166061E-4, 0.0023437782561122307, 0.0025781716463802082, 0.005145864852981249, 0.007127434864909968, 0.008416025103147248, 0.010708014675518737, 0.012589472824056952, 0.015739806604956004, 0.016135327307572004, 0.022629417385334506, 0.01792682295446726, 0.00865645750817149, 0.0050589500938530395, 0.006237226522498936, 0.006440176439201427, 0.007255314703057974, 0.005465532941087923 ], [ -6.143995474835003E-4, 0.0010280167127472888, 0.001025303381866273, 0.003520866265374331, 0.004269089404902858, 0.006326872379181999, 0.008276212500491755, 0.007698458993409013, 0.009571567488253916, 0.007131652086290716, 0.0072941645147515805, 0.00495110512430269, 0.0019557966702399374, 0.0018308923104551208, -0.005104767385184307, 0.0023316513656966905, -0.006109115766143934, 0.0014708969605446095, -0.005265536978746102, -8.848006113217734E-4, -0.0012391428888238953, 8.702010706095424E-4, -5.6713376357713126E-5, 0.002898747745846647, 0.0023585860619131224, 0.004948728451205205, 0.0063692235265723, 0.005779973004574602, 0.00959371009522208, 0.00830052596910162, 0.011091078140276461, 0.008283584850868088, 0.01449289121148191, 0.01213322395075118, 0.010708431704985016, 0.009864335022199723, 0.010109297423581156, 0.01064042482416297, 0.008915318216935093, 0.00956581441272783, -0.001568211045389754, -0.0012691615848332196, -0.0023726763823489834, -0.0026909119389813053, -0.00454523571551659, -0.004066920351059005, -0.0064778715013718655, -0.00576171381720937, -0.005515300462946357, -0.004402384480480932, -0.0031686934582024423, -0.002642866268086297, -0.0018018627995082278, 0.009005806736103348, 0.004915981122581929, 0.002155728523458307, 0.006159241559953805, 0.00159695801497955, 0.005782290836004234, 0.0028522474990931982, 8.587234169732985E-4, 0.0013837016359211194, -2.2249136593429503E-5, 0.0014733585186289025, 6.68374952718984E-4, 3.836210084198273E-4, 0.0031826788290176614, 0.0016529572547720063, 0.002784311783958812, 0.00440239307387747, 0.00451360017558552, 0.009449304064312344, 0.00983191128343236, 0.008866761963774002, 0.006771829992242307, 0.017229787617584966, 0.008724272712914321, 0.015176558419112569, 0.009408647860025545, 0.012165494856657019, -2.53525635007009E-4, 0.001282062460677215, 0.003094133430825683, 0.005841278030341742, 0.007087269110156483, 0.010310670578854675, 0.010715826950405315, 0.011932685024551132, 0.011684005836761992, 0.00972005401324035, 0.006612934618670633, -1.3161464231955687E-4, -0.0037586250054868556, -0.0025773530614709413, 0.0015769790176410848, -0.001749079446863048, 3.014850287307809E-4, -0.0013590834724590763, -2.0113287515583097E-4, -0.0010328807142917424, -0.0010436097938771242, -0.0011045362454296694, -0.002264021306000624, -0.002942513017284879, -0.004163644148753228, -0.0050596505950414265, -0.005704975172800656, -0.0068073945257653805, -0.006299308510791835, -0.007782247712937324, -0.006899721474712992, -0.007144563903828367, -0.0018225306129080324, -0.0025251790706716263, -4.186586621454084E-4, -3.3573025174538546E-4, 0.0012141900246312827, -6.603954109145813E-4, 0.001046349468948717, -3.094553347440963E-4, -7.513588277685341E-5, 1.44824535334054E-6, 8.159925030159884E-4, 0.0019353456340741068, 0.002538631310802319, 0.004560132852716248, 0.006682874941761292, 0.007609594109763339, 0.010295999955996995, 0.011695285840949726, 0.014776734954666255, 0.015894914947890887, 0.02054438328426663, 0.0169522582810682, 0.006345842858849671, 0.004894829592631768, 0.004762970179848272, 0.005689863392164816, 0.005677012868434748, 0.004628545365456712 ], [ -6.708860174738271E-5, 0.002162579587232963, 0.0023728455860415392, 0.005041063627764706, 0.007283293554167799, 0.00863839655053889, 0.013664097516317199, 0.009571567488253916, 0.018306160327847636, 0.008911696630809905, 0.013937446288512593, 0.0063098412768197625, 0.006474379112347423, 0.003387909171208256, -0.004062054377663979, 0.004648850144587064, -0.008452030994625792, 0.003838008790657153, -0.007396432024914314, -5.6351922839149E-4, -8.276415704022989E-4, 0.0026121023633831762, 4.0630668554059434E-4, 0.005858940841314803, 0.0036588137727774465, 0.008113274971490293, 0.009951829542451473, 0.0072778789082557725, 0.013711717726088899, 0.0104834381554254, 0.016419788697875932, 0.01312327340011752, 0.02013525146137788, 0.018510747499862448, 0.014423920530255749, 0.013216758125740894, 0.013474568749822835, 0.015237815718737252, 0.011489322944180732, 0.013001291297112376, -0.00125591441055383, -5.714788522064036E-4, -0.0031254440360770634, -0.002062310859346045, -0.0065850248726357, -0.005136062164998203, -0.009530404255550202, -0.00914100556159842, -0.011541129845049252, -0.007114667053320166, -0.005556756646528183, -0.0024671965588366957, 0.0031756968276268286, 0.009058469562969332, 0.007665178283941197, 0.00427920295737555, 0.00773338183733836, 0.0026310617453910914, 0.007890775904346496, 0.0046202312266695154, -1.0461011507153823E-4, 9.73867390334449E-4, -0.0019633101543314923, 0.002525236406333958, -0.001991045551354879, 9.664705983331451E-4, 0.0010572480988968675, 0.0025159782401661863, 1.4618820057333616E-4, 0.005703149693376301, 6.567596503010859E-4, 0.007789296172698498, 0.00491881849622703, 0.014306344087526901, 0.0038890102712572216, 0.021942285195248518, 0.010792489411441432, 0.02051510313822957, 0.01110652116105247, 0.01603513205368977, 4.315637606434995E-4, 0.0025257934387046327, 0.005083764935666367, 0.008377374655027182, 0.010723671068739098, 0.014209360686363325, 0.01614193103598195, 0.01582513051249084, 0.01814472344016597, 0.01596411187453211, 0.014810951938611506, 0.00955564498827842, 0.0019805906217406563, 8.639818094897944E-5, 0.0010237137934684271, -3.260578036291652E-4, -2.4043252884097606E-4, 1.6033539829469502E-4, -3.9750964033619096E-4, -6.224922743972308E-4, -8.311368323770549E-4, -4.8701126266627597E-4, -0.002215776849681288, -0.0032558552695252253, -0.0044775432954773965, -0.005593330335392336, -0.005969451169366843, -0.007352586142750533, -0.005958253467819302, -0.008987434363455971, -0.007928652943100856, -0.011248798438139987, -0.008741306783266194, -0.010756459578744368, -0.0038314701338134846, -0.0013419469440376463, 8.60238869722839E-4, -9.132431296251719E-4, 7.912857289127771E-4, -0.001171936325107171, -5.740238182675834E-4, 1.5814490590998134E-4, 6.263997086925575E-4, 0.0034327194260916102, 0.0030406392211764725, 0.006628297662072432, 0.008408122615896563, 0.010251583596623724, 0.012086405902991098, 0.014182946470990719, 0.01744139349906448, 0.017089391523862792, 0.025392827152549115, 0.02045830711591173, 0.010874016858388768, 0.004487739973829199, 0.007192825790193673, 0.006665506040678764, 0.008521993492362654, 0.005642160602170847 ], [ -6.644699484953517E-4, 8.11373992849296E-4, 8.552462534733905E-4, 0.0031774843489870024, 0.003951249211364452, 0.005758512409862277, 0.007711298407906371, 0.007131652086290716, 0.008911696630809905, 0.006725559173420558, 0.006909760050235725, 0.004568612359070017, 0.0017888040389853913, 0.001646823182948095, -0.004844271558394214, 0.002265050856012081, -0.00601013334332311, 0.0014542518247836886, -0.005032194437913844, -8.63066632640912E-4, -0.0012436072670930806, 6.82787951057584E-4, -1.569123104928677E-4, 0.002520775008396959, 0.0022645543744292933, 0.004424186562479012, 0.0060776892256099654, 0.005508950002033358, 0.009262083693882756, 0.008253327084085186, 0.011062144671394212, 0.008306356186337923, 0.01459371757466728, 0.011574223386744195, 0.010647998009325308, 0.009560364636240234, 0.010283712931479132, 0.01015208573373521, 0.00911805408004498, 0.009399933289334913, -0.0013767181015248103, -0.0010674126480149993, -0.0021481006044942645, -0.0024770256620116524, -0.004055377018058173, -0.0037394220327170383, -0.0057811939533936405, -0.005084200387475463, -0.004727916639066142, -0.003742232718280536, -0.0024670233735358035, -0.0019065152784617074, -0.0011400546819997181, 0.008166154614819737, 0.004611667766005834, 0.0019586121929058547, 0.0057888659797820305, 0.001334038341744911, 0.005399600514437491, 0.002685894018694424, 6.723812882200092E-4, 0.0012690040227114271, -1.0906706121073539E-4, 0.001281776983515169, 5.227066149985955E-4, 3.2549226854984597E-4, 0.00281484167359676, 0.0015600053753154568, 0.002209616189226826, 0.004135069923235776, 0.0037811057085706526, 0.00902512466080078, 0.009560945150393203, 0.00931076439367885, 0.006878729969163071, 0.016881670312653946, 0.009319545402842482, 0.014669618711192765, 0.009908987904487703, 0.012035527264894593, -2.7392602893487844E-4, 0.0011141246397545772, 0.0028202925277103327, 0.005368019552826218, 0.006609508523466615, 0.009506116046152025, 0.009926344692659505, 0.011105254964351987, 0.010864238392668098, 0.009260269114282075, 0.006237498000007082, 3.0820852955291077E-4, -0.003626044619395152, -0.002778561581658048, 0.0011370349096489942, -0.0018201759619973887, -6.54636857597801E-5, -0.00144046273525291, -4.6920071961975394E-4, -0.0011412354069995616, -9.53628212798885E-4, -9.991051265124376E-4, -0.002107037590894459, -0.002694789328022715, -0.003966374988609736, -0.0047222657245678664, -0.005511996332927992, -0.006442743528666596, -0.006161930093974736, -0.007433507957608921, -0.00693678396973177, -0.007103558499602003, -0.002494699675257709, -0.002609561264697322, -3.8488180046801544E-4, -3.028791167044026E-4, 0.001196143409719033, -6.030709322228178E-4, 0.0010822319245603236, -2.3505105487848046E-4, -1.6220224199416564E-5, 5.110353125143723E-6, 7.548854684444245E-4, 0.0017703197407471117, 0.002392306187347573, 0.00422913585039827, 0.006323758870983131, 0.0070961558335377005, 0.009732622316311454, 0.011017474333008634, 0.014038579300527581, 0.015051480265619983, 0.0195893727486484, 0.016208306257077344, 0.00615538999103719, 0.004805754293798405, 0.00473489972379318, 0.005466174889632801, 0.005554651167818384, 0.004574895914431724 ], [ -4.515952009174541E-5, 0.0016424884834905862, 0.001761021613550931, 0.003754195256060269, 0.005478636060089237, 0.0063638598517159976, 0.010267838050849378, 0.0072941645147515805, 0.013937446288512593, 0.006909760050235725, 0.011028033419053994, 0.00466059858459669, 0.0055441405680891065, 0.0020376209042349135, -0.002264419098851374, 0.0034704608579784325, -0.006042711658282731, 0.0032009966952960428, -0.005300589998228233, -2.844835549842722E-4, -6.217322180899226E-4, 0.0020534401724019557, 1.2305685846069096E-4, 0.00426420545462197, 0.002383717802700038, 0.005781279281529005, 0.006751017994833007, 0.004915914890009692, 0.009235490589865746, 0.007164911787570689, 0.011151189574208646, 0.00948695637432503, 0.013865955744272553, 0.01407109194190279, 0.01011153373490481, 0.009968320323641389, 0.009958784425428429, 0.011021777112943238, 0.008534636914844086, 0.009237062245666495, -7.669351092113563E-4, -1.6385895717191287E-4, -0.0023344950461704804, -0.0016591283129583595, -0.005183915377422328, -0.004133887909199499, -0.00774371308667589, -0.0076311033192422014, -0.009459665259757246, -0.006293892585728005, -0.005128780999213714, -0.0021705157372928032, 0.0024516038904204896, 0.00717428397579483, 0.006104820330476483, 0.003685362046764133, 0.006241884452854156, 0.0020839063419699536, 0.006345203661688526, 0.003639478283727637, -3.497021962481922E-4, 4.255930068359617E-4, -0.001950165639845069, 0.0017297761855033307, -0.0020220794972652363, 7.970740974499494E-4, 5.729466927562896E-4, 0.002139257511241266, -4.740935431315088E-4, 0.004696578829828125, -6.980412404600605E-4, 0.0056314232540958, 0.0017313229215267798, 0.01077592491085882, 6.688968124440682E-4, 0.015837988469656672, 0.006866078072544735, 0.014239998043044814, 0.007407687639474884, 0.0109148040363067, 3.035853018921575E-4, 0.0018636156949739453, 0.0037294041616999403, 0.006189153650663222, 0.007949453577834564, 0.010485803336443198, 0.01185523169563679, 0.011634569540829642, 0.013318513396295622, 0.011821963726000459, 0.010975409032032302, 0.007978205667933272, 0.0011810606309786069, -1.9136803634774093E-4, 0.0012011532491121978, 5.261732090302239E-5, 9.613443753904536E-5, 4.0886631669249533E-4, -6.58458193143473E-5, -1.6812185221527884E-4, -4.677590344324368E-4, -7.357971881922454E-5, -0.001368014906660095, -0.002091893280513189, -0.003105416116965124, -0.0038227707796478537, -0.0041555156185168205, -0.005018903998284936, -0.004037802090830541, -0.0060078834931376205, -0.005254244194541038, -0.007563620256605305, -0.006449399954736286, -0.007269637047285756, -0.002941808684666691, -7.977883823766176E-4, 4.582620959591865E-4, -7.89084795435619E-4, 4.353428239476261E-4, -9.114222892576667E-4, -3.616401446027536E-4, 2.063268551477513E-4, 5.114133860279717E-4, 0.002710561220931791, 0.00240517769488392, 0.005281849795084646, 0.006514069546021657, 0.007884785602839875, 0.009012193112090968, 0.010542205024604576, 0.012875018052968413, 0.012536391322873118, 0.018599286042650827, 0.016178183019503797, 0.0073572253874544975, 0.003426125730585331, 0.0049765095546000435, 0.004797803805095816, 0.00614577926425071, 0.00400165757031103 ], [ -2.0958862621790427E-4, 5.940801948559951E-4, 8.870828672802566E-4, 0.0022307002751615432, 0.002852227076019785, 0.00403217647476321, 0.005732412630425195, 0.00495110512430269, 0.0063098412768197625, 0.004568612359070017, 0.00466059858459669, 0.0036895679150135466, 2.895533345548204E-4, 0.002804402175721823, -0.004403538413175592, 0.002405210925735974, -0.00447303959209717, 0.00136197187272276, -0.0038481583046315495, -3.3874608165280747E-4, -6.167454056331313E-4, 3.841363889785605E-4, 3.8191047590455606E-4, 0.0017683791388640939, 0.0019860551886643264, 0.0032249238710365296, 0.004987045937285376, 0.0042491628004212665, 0.0076090185525740745, 0.006643744122719607, 0.00849827574113218, 0.006789634631634683, 0.010482699240374057, 0.008758222291772252, 0.007302559062365481, 0.007282452962496396, 0.007019181307802953, 0.007899481432040138, 0.006111751754187715, 0.007220980409766114, -0.0011346581865985732, -9.680955914446545E-4, -0.0013658396864559205, -0.0017958126646260458, -0.0024707437989246336, -0.002550237355887973, -0.003664989544890668, -0.0031269036777818054, -0.0025446420374320437, -0.0016094676570792819, -0.0012401407411116489, -9.452090217833622E-4, -5.273823826540006E-4, 0.004228291518279307, 0.0033860292304932864, 6.591308311797208E-4, 0.003683390303670894, 7.232486702593538E-4, 0.003455231326951456, 0.0016382117138574975, 6.200565205903971E-4, 8.91218062257736E-4, 6.351397542760204E-5, 0.0010160105725763595, 2.8308164064644266E-4, 4.000094370952509E-4, 0.0016060958151005859, 0.0012680826643547251, 0.0011791293260979678, 0.002655376872299747, 0.003196838444455062, 0.006592188570196368, 0.0071307319220899265, 0.00769879906168169, 0.00497598467092868, 0.01255725473595758, 0.007098894159472472, 0.011122345306619649, 0.0073160981264498, 0.009391891452702297, 7.54800015996885E-6, 7.030746947204914E-4, 0.002186773977607354, 0.003682178539683082, 0.004715637456044694, 0.006597331289211024, 0.007212150590172951, 0.007876137431462505, 0.008008882793773, 0.007063885872648634, 0.0046393757916904955, 4.268414160168493E-4, -0.0017595822829247207, -0.0013971234290003087, 6.424509798024088E-4, -0.0012556294459080963, -9.181176049262766E-6, -0.001050733643120074, -3.3692833700931413E-4, -8.467237567039444E-4, -8.029