{
  "weights" : [ 0.6370421938935722, 0.6384006353288338, 0.6313928265437849, 0.6276452850920519, 0.6358572950186249, 0.6324168986846495, 0.6485356810997307, 0.628567405530862, 0.6701108659215264, 0.6237297771953894, 0.6653512690334088, 0.645389388710034, 0.6434330635428173, 0.6386677717047292, 0.601803525944117, 0.6275209601388463, 0.5870810840172381, 0.6392147285184421, 0.573842832245081, 0.6242141071392497, -0.25470206199615464, -0.2630821368472225, -0.2500163874492207, -0.2831879209934083, -0.26132320325227165, -0.3151798951287066, -0.2889417166297208, -0.35029853439116326, -0.32859688104426377, -0.39244382967679986, -0.3714930003787842, -0.41025584252693925, -0.36975351105492865, -0.41066771996693796, -0.4306977664443345, -0.40395848960773584, -0.4393752051030008, -0.4377035719139243, -0.4179365114717814, -0.42969961688807284, 0.6519454759816062, 0.652169589135527, 0.653921055142692, 0.6503010631086147, 0.6521151230421355, 0.6231719416735765, 0.6385631445708747, 0.5939086469910008, 0.6107481984841817, 0.5558602577861385, 0.5782045761247905, 0.525989200589118, 0.5815487044580309, 0.5592964616463194, 0.5502285625852268, 0.5837961793566433, 0.5506597343754717, 0.5727616982398547, 0.5863315745511716, 0.5692991335522711, -0.02444647670619512, -0.023885079626609226, 0.005959763346415518, -0.011547271331572833, 0.04293321384390639, 0.03208623229646779, 0.07542584868156178, 0.09430405880084691, 0.11576579720914297, 0.15620407712197049, 0.15949394699523128, 0.19110122085278555, 0.20359887115872194, 0.20417889256107916, 0.15663042213558326, 0.24172957325363362, 0.17284680184308554, 0.19683406495705047, 0.19866100089807226, 0.19550927218783473, 0.8507661978817522, 0.8438659418049093, 0.7974706997923158, 0.7984559179095597, 0.7247740571229495, 0.7023692071323444, 0.618046911137145, 0.570109280516665, 0.4714396869790581, 0.40868277284024707, 0.3214911004556953, 0.2561273266206535, 0.19873986311676112, 0.16036830630264426, 0.14135944814651477, 0.12609109483445188, 0.12976766507621348, 0.12542583967211487, 0.1241240176055166, 0.13188860105903613, -0.4368268827672559, -0.44304615420912985, -0.44563199412734417, -0.44930967582722736, -0.4472914040713191, -0.45653817510447264, -0.4327414558894438, -0.4466084326145455, -0.39515567167941595, -0.40156156817398686, -0.3433055144782539, -0.31158846754605163, -0.2702291196643094, -0.23566873711705372, -0.18815177369064287, -0.19796221683566761, -0.14382097136308566, -0.17771888327066554, -0.13571241834584416, -0.1581451939424328, -0.2292795293091366, -0.22661152766674142, -0.21335175298800163, -0.21760026767150803, -0.19817662903908506, -0.21051173690541744, -0.1853717456410362, -0.19630558168595044, -0.15997252141254303, -0.16198885556631185, -0.12539483054941988, -0.1120841942727775, -0.06296178954608665, -0.0601738359821298, -0.0474217757573934, -0.03795071975440055, -0.037088644665842135, -0.0536643456798522, -0.024841869969551147, -0.052975026181590314 ],
  "covariance" : [ [ 0.014386481623741466, 0.01386366767469978, 0.01391570557763194, 0.01125330093733723, 0.01263082594723751, 0.007882815053153202, 0.010739606519807635, 0.004338818712642039, 0.008168234761251978, 6.563140149546701E-4, 0.0016612461799834738, 0.0023512963626398913, -0.0033454093853581292, -0.0023676644188457227, -0.001321505345232439, -0.002859577084696826, -0.0016229420963144766, -0.0027528519432795007, -0.002151813199673314, -0.0018977097318451566, -0.0011369408333992224, -4.562463049597507E-4, -0.0030899358148331357, -0.0036924643915703503, -0.002476586178296967, -0.006273465225990184, 0.001194700099614831, -0.009116666716197526, 0.0046127208310297475, -0.0073504820874775575, 3.218185937870069E-4, 0.003876812919723621, 0.0025580214164339036, 0.002747062623222704, 7.785889910834402E-4, 9.093793156882439E-4, 0.005828055117965311, -5.282913028608553E-4, 0.0033379464397525725, 0.002212757985906855, -0.012888985637159333, -0.012587253071324717, -0.013273272450166542, -0.011476736128480821, -0.012258240003315818, -0.010074794681113436, -0.00836648932687316, -0.008466316182297352, -0.00398261385669564, -0.0023936461661757565, 0.00167812417129123, 0.00455625120087398, 0.010598838716200517, 0.007612035329339205, 0.0074219342581649346, 0.007309360039923257, 0.009917262801697087, 0.006259772353778867, 0.007836891425206069, 0.007088581424611997, 0.005693309893293919, 0.0077945532488649175, 0.00673497602475019, 0.006930674488560284, 0.007442706450906616, 0.007370557468898703, 0.006100896130464533, 0.004302737811497797, 0.003271684086812462, 0.001705341794714011, -0.004165187093819045, 0.0015849312981585525, -0.005546803324982987, -0.005044447557077216, -0.006856040811371098, -0.003787803113717897, 1.8721841609103897E-4, -0.008723652033992125, -0.0017206239037597837, -0.005133392045498485, 0.009022533862938206, 0.004957771589967321, 0.007121840442311214, 0.0021187883275454672, 0.002845840615087805, -4.311207138957892E-5, 0.0016538597035134185, -0.00329611586034388, 0.0015398405400432716, -0.004550626280243813, 0.0017300609902309524, -0.002679310284207266, -1.2139181851724516E-4, 7.109631036573526E-4, 0.004212129486750541, 0.002657914231301125, 0.00392556178419476, 0.0032875970401570706, 0.0031202640962802205, 0.003599238769761538, -3.4644386426705055E-4, 8.401165410348772E-4, -1.830890206617289E-4, 7.90078429298422E-4, 0.0010092189812652623, 5.860056723444396E-4, 0.0029366881585204444, 0.0013512189504198344, 0.004288736394575386, 0.002968350919381095, 0.0028236198152542884, 0.006042235498269794, 0.0037760616263180346, 0.004483024410853581, 9.051146293606792E-4, 0.002573411657198385, 4.106928011638302E-4, 0.001772146065121681, -2.259231125210903E-4, 0.0011248719222357517, 0.012470117403525209, 0.012445664233017862, 0.01150400110749267, 0.012337575137448206, 0.011487803717474805, 0.011096522198689635, 0.011100966739293809, 0.00964237349926708, 0.010045051351551685, 0.009349144180107018, 0.007841065299896368, 0.008249921859159095, 0.00805888644456648, 0.004711109411594141, 0.0022320583577057286, 0.0027413641929577206, 0.003161474702495219, 0.0010147176674747407, 0.0028796921880852836, 0.0028634637970414802 ], [ 0.01386366767469978, 0.013777984101919548, 0.013300709025939555, 0.0113620442894367, 0.011913142321157852, 0.00835180006539679, 0.009916451662530834, 0.00483398659145846, 0.007640968245796874, 0.0013154938962193596, 0.0016252016367175714, 0.0027513882808072325, -0.0028920526544619998, -0.0021583965294817986, -9.599163274651823E-4, -0.0025744041756203093, -0.0011093779735897008, -0.00268807586836437, -0.0017145580880162544, -0.0015610547580901539, -0.0026221136330609436, -0.001547924922887048, -0.004750274431046717, -0.0044856275188185175, -0.004053777418838406, -0.007064251835418874, -3.899973420793255E-4, -0.009794863230684668, 0.0030488313564375016, -0.008369544462771316, 1.1769876271135928E-4, 0.0015225933362767985, 0.002496415248352386, 8.812315082708034E-4, 5.197822039153134E-4, -4.4142574501370227E-4, 0.00538343077411739, -0.001355624269143367, 0.0026573118699719372, 0.0015017815703250667, -0.012811069329887074, -0.012717775462336987, -0.013071224986741693, -0.011683237049663205, -0.012061338323769513, -0.010496924581504702, -0.008157854453467825, -0.009116560461157499, -0.003915263500445854, -0.0035833474316316486, 0.0017574889921798127, 0.0027848599169610854, 0.010481970618895609, 0.006405103924160752, 0.006955304321669654, 0.006430279958704034, 0.009157511199855438, 0.0059316885656175425, 0.007032874235638272, 0.006676840342629791, 0.005494549429055269, 0.007898336782266068, 0.005945591740223217, 0.007237310799421417, 0.006103834489291666, 0.007590534953814105, 0.004395203846347967, 0.004578878138098221, 0.0016106835988359573, 0.0017090951971238842, -0.005060406694336495, 9.61680508628833E-4, -0.006424402960900574, -0.005457480473257795, -0.00821758289637799, -0.004096586143174812, -7.811906458485972E-4, -0.009407998032640705, -0.0023822230414258516, -0.0061092953177523755, 0.008072661915240916, 0.00427923634333994, 0.006547622126396079, 0.0013586337529070344, 0.0031954169032322216, -0.00105838085403448, 0.002525535764905807, -0.004008874135350198, 0.0019707378994681534, -0.004936403787046575, 0.0020195331328543694, -0.0032404687090370494, 1.8789665049143156E-4, 7.334980011720713E-5, 0.004775366132756532, 0.0022617604086910977, 0.004407220730220973, 0.0031495998538898845, 0.0034084691001563276, 0.0036817584510248766, -1.6913920827385794E-4, 0.001180445496815997, 8.425001682324966E-5, 0.0012484645246324368, 0.00139864349242991, 0.00123833607817984, 0.003248443929058954, 0.002132973349079158, 0.004638607299131142, 0.0035440827965516077, 0.003437297420051877, 0.006573268748347027, 0.004052253633980415, 0.005369450377214604, 9.271078283906367E-4, 0.003148716451376449, 4.00794754393575E-4, 0.0021611102086346954, -2.0646034800780714E-4, 0.001256760870883171, 0.011270362639859864, 0.011069708439902964, 0.010288317889754928, 0.010926499928263013, 0.01005408704350683, 0.009667713044039425, 0.009668849437879322, 0.008137957140016064, 0.008884171629536622, 0.007718899222382797, 0.007176473821812469, 0.006571730603495679, 0.00755138626525217, 0.003699978911100674, 0.0018258824451485762, 0.00216674141571454, 0.0025565703074091795, 6.861928632990605E-4, 0.0022224148257726254, 0.0023485195753823193 ], [ 0.01391570557763194, 0.013300709025939555, 0.01374896094398467, 0.010527599673947676, 0.012652506931812222, 0.0071529672796808615, 0.010914682299983703, 0.003700476488304837, 0.008578793721480682, 1.698426689305469E-4, 0.001776972777880438, 0.002527217476193269, -0.003334774405464878, -0.001708760364028445, -0.0012343229490660934, -0.0025556314699874466, -0.0010673528743337375, -0.0027300272576691815, -0.001484866813007574, -0.0015813591658141244, -0.0017855669698529518, -0.0019259326813920756, -0.0035729833550715907, -0.005320938230824418, -0.0029630950986483497, -0.007815232669970206, 5.271008243658347E-4, -0.010345250281340201, 0.003566655753988088, -0.008290948103800965, -8.279133915809124E-4, 0.0032193174456645406, 0.0015893430865007757, 0.0021123233502450783, -3.6427020168452095E-5, 7.706286701531861E-4, 0.004323959741577491, 1.737275213310257E-4, 0.001933948953694128, 0.0020584788523838244, -0.01263884546286293, -0.012730055167658572, -0.01313063435103119, -0.011615823542712607, -0.012162070936594566, -0.010275210125246579, -0.008508197350614673, -0.008497071677380872, -0.004704748119505162, -0.002239722501386485, 6.612505218403326E-4, 0.004666643650807709, 0.009561490530109374, 0.00725535952060057, 0.006995667045281302, 0.007095489606970999, 0.009260423185891757, 0.006466965780758572, 0.007172177347429821, 0.0069853956323273495, 0.005425681370683639, 0.006969318370277146, 0.006359162781625469, 0.006131240762102816, 0.0071107965308769925, 0.006474174416408241, 0.00582864393361578, 0.003119189911664411, 0.0030764897054234336, 3.620870676917347E-4, -0.0045182095624623645, 3.6783895268450377E-4, -0.006085722481375527, -0.006178536845053912, -0.007418930869502241, -0.004795396071481889, -0.002116610592594942, -0.008468552406012164, -0.0038171764526374378, -0.005923269018394111, 0.008173268916248078, 0.003923593665799693, 0.006622683239478399, 0.001003583046683109, 0.002341504399600338, -9.364564714101754E-4, 9.209071662331896E-4, -0.0036210250849144816, 5.79856977845636E-4, -0.004537765128920504, 9.315457736162198E-4, -0.0022553925572364585, -1.6440933713354454E-4, 0.001103772176402729, 0.004306248963566293, 0.0030403988480084943, 0.0043075569772734286, 0.003670661805289654, 0.0034705959067417237, 0.003993226637562669, 5.5886534677534804E-5, 0.0011971645677925156, 3.2147434931111517E-4, 0.0011177978558117821, 0.0015870060408269735, 0.0010265746585721807, 0.0036453957021256008, 0.001881057315014113, 0.005117699072104094, 0.003608652537201421, 0.003809001598402, 0.006492846427262677, 0.0045529275752146554, 0.004916894492857325, 0.0011258790603857092, 0.003052577268640411, 2.768536180766377E-4, 0.002184295961944712, -3.9372697690557066E-4, 0.0012367901525865781, 0.011072201806362309, 0.010870134491646491, 0.010089981590718892, 0.010836832604252365, 0.01015083724369527, 0.00963199614017737, 0.009681662461542808, 0.00841345901157162, 0.008635838197299583, 0.008544377654339122, 0.00648224711411296, 0.007734154299537075, 0.006992320348118561, 0.004158787262859263, 0.0019534601353503236, 0.002395886553616333, 0.002606337005417793, 0.0011507054661560481, 0.002278029218090445, 0.0027357635121660383 ], [ 0.01125330093733723, 0.0113620442894367, 0.010527599673947676, 0.00976139206140749, 0.00926422175403545, 0.0074446536470109724, 0.0075294644773056625, 0.004743397596616718, 0.005579032791427987, 0.0017987877371259367, 0.0012190139989587004, 0.002113960022573843, -0.0021861696137466607, -0.0024614764542115956, -6.203290768061792E-4, -0.0024222966817434265, -0.0011148862445186365, -0.002380769313377891, -0.0016157925588197956, -0.0016225766206193907, -0.0016029842284687977, 2.0821434925892904E-5, -0.0034597251765316477, -0.001990073857294709, -0.0030417902607310604, -0.0039694278242916195, -5.356124026285555E-5, -0.006496397736126759, 0.0030901758770998434, -0.0059693262976617, 0.0014272228051575105, 9.938446625967262E-4, 0.0031857590133294133, 7.836526101705168E-4, 8.910574899859636E-4, -1.1376382654327596E-4, 0.004876944020907641, -0.001282988429937125, 0.0027592192894258048, 0.0013763487133028646, -0.010273893737736513, -0.009910265687359737, -0.010346216020608374, -0.009191821975429873, -0.0095376701735098, -0.00818290194087666, -0.006286041321043349, -0.007401679820644037, -0.0024808755942620003, -0.0034340203490217857, 0.002463882314908092, 0.0015251430373300256, 0.009243411441860647, 0.005397065379602487, 0.005541644244426569, 0.0055528216183129715, 0.007237319226611225, 0.0050357497608577995, 0.005598065583767314, 0.005603660970093269, 0.0043971880951451485, 0.006612456974233196, 0.0048913501798574, 0.005993065778408946, 0.004899454236296762, 0.006415806496674475, 0.0034193504519643586, 0.004265411351316597, 0.0013153243284235254, 0.002096356237486464, -0.003645394434336491, 0.0012885708362283498, -0.004587988490173459, -0.003867631879384373, -0.00650014559723441, -0.002513200150927918, 7.394599105615734E-4, -0.007590665552921157, -5.949000696582342E-4, -0.004345739357244209, 0.007115657675067159, 0.0044819872422949885, 0.005650343746693156, 0.0023634153115824007, 0.0031073033517748762, 2.5144060294873116E-4, 0.00283436139871271, -0.0023944564068317984, 0.0023058108663956147, -0.003389265916800865, 0.0022044696797487023, -0.002671218082367757, 1.1590467846082979E-4, -3.3727107453323445E-4, 0.003690348471285663, 0.0014904627730571059, 0.003098862666943107, 0.0022062100318837774, 0.002356690712214413, 0.002551042066423034, -4.1128525430797464E-4, 6.764789395642895E-4, -2.933564989712454E-4, 8.390189469213997E-4, 5.942462118298975E-4, 8.051036499254962E-4, 0.0018852888575878744, 0.0013733530836294583, 0.0029943640473166057, 0.0021528358541776605, 0.0021322357168869067, 0.004479483567320567, 0.0028719523177541326, 0.0036393700199746754, 6.216273069720513E-4, 0.0020559192725063064, 3.1663843623829473E-4, 0.0013570440872330343, -1.1218424897717837E-4, 8.647817758665651E-4, 0.009959045783742496, 0.009927276337098466, 0.009181834977710617, 0.009645548166657813, 0.008823546599762882, 0.008633312332363047, 0.008567847523440844, 0.007119983724344226, 0.008069751655398437, 0.006290816455161379, 0.006862227097630442, 0.005232693180825321, 0.006741446454452192, 0.003475718134571665, 0.001212733873093088, 0.002135967758567524, 0.0019099554518069847, 6.315421339226272E-4, 0.0016931247805365623, 0.001963349793090804 ], [ 0.01263082594723751, 0.011913142321157852, 0.012652506931812222, 0.00926422175403545, 0.011869983565464199, 0.0060020890492694995, 0.010380438856061706, 0.00292407568987213, 0.008170429815480844, -2.4476078467856063E-4, 0.00146570177099919, 0.0024668915082850782, -0.003502825159210554, -0.0011081402922354115, -0.0014836856775048562, -0.0023184343041051333, -6.56865238309658E-4, -0.0030085306414311054, -8.664732863565655E-4, -0.0015530296351177792, -0.0011927997715829206, -0.0018929797470129267, -0.0027907168471698043, -0.00496979057458263, -0.0024769774094255902, -0.007030585516613331, 3.618405471325467E-4, -0.009026108841635842, 0.0028028820909282194, -0.007114594889571063, -9.886313886409146E-4, 0.0031803646693763753, 0.0017333270010595674, 0.0020786017071149684, -4.363063844270399E-4, 0.0016506835952136065, 0.0028314455304603004, 0.0015667827948481264, 8.10125685927683E-4, 0.002337369277643293, -0.011558114954743503, -0.011571026111077016, -0.012153143981517407, -0.010499325390318106, -0.011378923992587914, -0.00915553418041269, -0.008201213499614118, -0.00735118822531205, -0.004925061159878504, -0.0014169172007528798, 7.910201713859702E-5, 0.00489163941775223, 0.00853077157230658, 0.006891009547231696, 0.006386346040940556, 0.0067947627033012005, 0.008475733414442662, 0.006451853644264117, 0.006413752691576844, 0.006700977986701066, 0.004923171049847602, 0.0061909635297100135, 0.005823038514043299, 0.005316664348220715, 0.006670122435014467, 0.005707509652378701, 0.005916133998476369, 0.0021901551444328806, 0.003810546280476822, -4.817340309855088E-4, -0.0031907440127758894, -5.902140739298877E-4, -0.004791271347284742, -0.0064469857519394375, -0.006429947006909034, -0.004505995785897669, -0.002896031624047672, -0.00713597723646519, -0.004435532526717965, -0.005460694278124399, 0.007543742177623865, 0.0034420777712978728, 0.006165308154193549, 7.530306181686122E-4, 0.0019502911922063331, -9.428200332147887E-4, -8.301192358234539E-6, -0.002738369215575722, -9.151860007246058E-4, -0.0033052909437296853, -7.058084123582056E-4, -0.0010475383499891104, -0.0010306211124138985, 0.0018622931465479627, 0.0034257569119959647, 0.003446068560347673, 0.0037835817050755004, 0.003827101796865571, 0.00317110563242017, 0.003949444616558638, 3.019516217897413E-4, 0.0010720743681521046, 5.079334741270471E-4, 9.981856807311888E-4, 0.0015737349830440834, 9.006789906035369E-4, 0.0035017819506329125, 0.001668177807809114, 0.005042590916649645, 0.003132701697489065, 0.004336283105583331, 0.005443377956810875, 0.005101502025068595, 0.004089671621660244, 0.0012971815325107396, 0.002905863605093201, -1.4824424366787577E-4, 0.0023970859973419783, -8.045108948827133E-4, 0.0011747809895357093, 0.01007123679208419, 0.010029922802881988, 0.009145302522374828, 0.010044631464949053, 0.00924190255087323, 0.009025799502748448, 0.008792578679548269, 0.007951825964491658, 0.007789689124217741, 0.008183724980693917, 0.0058641651268807925, 0.007352451336471702, 0.006484736647571862, 0.0037531669061786456, 0.001911558025462533, 0.002288829475315702, 0.002114054967488015, 0.001484126449120512, 0.0016967688257600222, 0.0027410299418796904 ], [ 0.007882815053153202, 0.00835180006539679, 0.0071529672796808615, 0.0074446536470109724, 0.0060020890492694995, 0.0061602775612473295, 0.004538115417742892, 0.004252236214172697, 0.003363904131112326, 0.0021270579961149296, 8.68492282660842E-4, 0.0016255005615742823, -0.001023145186639472, -0.002234796606070923, -1.6548715406234576E-5, -0.001897339743971847, -8.142415239748441E-4, -0.001499608241185085, -0.0014332609619316676, -0.0010729614643918686, -0.0014949174696730295, 3.539822593379108E-4, -0.00296302281610074, -9.017949020561399E-4, -0.002463699038020255, -0.002479719275559405, -1.5911641636800295E-4, -0.004345848592958331, 0.0021885071170339495, -0.004258358504621471, 0.0016506580871220272, -2.0289781675576464E-4, 0.0026231139271243402, -3.487355856071448E-4, 0.0015702958790601745, -0.0014348388866134163, 0.004725852555354745, -0.002293666101210121, 0.002775420744093118, 5.564230193750379E-4, -0.007126951715757778, -0.007002981273044762, -0.006997716403845922, -0.006620379803357977, -0.006329183196667649, -0.006129072231776975, -0.0038145722099966603, -0.0058936307419159735, -0.0010559433195525625, -0.0035626386836687812, 0.0024109349907923557, -3.349864762789289E-4, 0.0068474108491903265, 0.0031367245877299927, 0.003854165898379402, 0.003354975029947005, 0.004766347620270514, 0.0031737601829261576, 0.00360834289764919, 0.0036767372594087655, 0.003228047402685069, 0.005131108628088389, 0.0033091013627715472, 0.004871824910530476, 0.0028889729611518877, 0.005260040309255638, 0.0012566671676606362, 0.004333773591574377, -4.6073353164186975E-4, 0.0028053139367955632, -0.0034151284667652613, 0.0019542123075540763, -0.00377460926624742, -0.0019652176514273435, -0.004745858575823803, -0.001468390773585045, 0.0017472370939152658, -0.005794997007238038, 7.26677198185787E-4, -0.002954080899951078, 0.004892690113024297, 0.0034779588626210533, 0.0038519534721036795, 0.0018736581203919159, 0.0028148614064509763, -8.100974846071793E-5, 0.0034708410693350023, -0.002473698986484782, 0.003021113130389859, -0.0031998146948415762, 0.002795218141478434, -0.0031260831950335327, 8.37297490243647E-4, -0.0015679990258938323, 0.0032767294169206438, 1.0556246448857208E-4, 0.002450043650457285, 9.285232754241901E-4, 0.0016614374193378153, 0.001450822244256454, -5.583324219428716E-4, 4.064321624294084E-4, -4.3893721134477385E-4, 5.684639398050568E-4, 2.7323529815162495E-4, 6.03889918267704E-4, 0.0010107753767234584, 0.0011046458964680981, 0.0017135946656075278, 0.0015656893910792596, 0.0010046458010181919, 0.0035629653814151564, 0.0012952027685611354, 0.003329606167355884, 2.3444471082643352E-4, 0.0016708377488808632, 6.078630736119852E-4, 8.450911788568249E-4, 4.056050540637897E-4, 6.903401899687354E-4, 0.00718269848982463, 0.0069936180833428205, 0.006678817997287003, 0.006708594734920114, 0.006227915000907558, 0.00594888793215872, 0.006049938652278019, 0.004790528188870219, 0.005905596512501797, 0.003923908823417009, 0.005155609857301147, 0.003169824528559131, 0.004787914366772323, 0.0025108175189667067, 7.3867062521137E-4, 0.0015020367918631853, 0.001383273987767919, 2.275854553527949E-4, 0.0012650850425037462, 0.0011880197627326472 ], [ 0.010739606519807635, 0.009916451662530834, 0.010914682299983703, 0.0075294644773056625, 0.010380438856061706, 0.004538115417742892, 0.009384567474577112, 0.0017670547892112722, 0.00739605498626273, -8.974525881584474E-4, 0.0014484561596988525, 0.0019093239635021575, -0.0031373036475749474, -5.816816631086887E-4, -0.001421972237714475, -0.0016868319278914032, -5.81621984853498E-4, -0.002468487267388497, -5.138347804543983E-4, -0.0012970048861150824, -0.0013703830033699718, -0.002453210527702857, -0.002576701463445981, -0.005149292159859804, -0.0024170628522602235, -0.006785479616283224, 7.750502254754007E-5, -0.008777838833505712, 0.0022553181997426136, -0.00692790644078232, -0.0014345521890708258, 0.002670484346938412, 8.44090648020793E-4, 0.0020868954658924393, -0.0014967647451342833, 0.002090873329444401, 0.001130113161211903, 0.0020029560015886226, -5.921188984637062E-5, 0.0019452153552124076, -0.009912977518194642, -0.01005812606896507, -0.010491927101358508, -0.009032742900384081, -0.00989078717190425, -0.007741638568251748, -0.007393308659233419, -0.0060074055145504235, -0.004617141994022081, -6.751182701861164E-4, -3.3244224082391616E-4, 0.004807108437625742, 0.0070170532561553145, 0.0061349698021117465, 0.005324072215606133, 0.006158840019295363, 0.007225187867407398, 0.005738644718264881, 0.005627704668763334, 0.005823050409496038, 0.004049411332142887, 0.004610722716710717, 0.004989567239974361, 0.0038744350621634878, 0.005949103949911277, 0.004035242648764244, 0.005594466051821586, 5.521472985194672E-4, 0.003771564905125919, -0.0015717335738103554, -0.002680696521408228, -0.0013076105921222627, -0.004465162337574216, -0.005945536372035664, -0.006294801217618761, -0.004192236268901146, -0.004051476615949331, -0.0060675129390976145, -0.004913951778953773, -0.005217772599663419, 0.006311143129175311, 0.0024437190173709185, 0.005310748691484043, 2.9621751795788783E-4, 0.0012062377909174034, -6.208968194206512E-4, -0.0010142071016754745, -0.0017821055819570153, -0.001392746001212913, -0.002523209398526463, -8.406210111796689E-4, -2.4436998826548673E-4, -0.0010040325419416922, 0.0024386050166567467, 0.002725292911845026, 0.003531173994063138, 0.003256138373491931, 0.0037043423534515894, 0.0028776081125770226, 0.0036434062397386648, 4.4940336102007746E-4, 0.0012210633675038792, 6.197768882127484E-4, 0.0011552400729658244, 0.0015105685724602497, 0.0010778177180293836, 0.003404442130990537, 0.0015498593048222666, 0.0046780151898663785, 0.0029695118491895375, 0.003914153757652836, 0.004646391996112334, 0.004787551410257583, 0.003043314286665936, 0.001180844109384671, 0.0023393970246533215, -3.796279215390932E-4, 0.002052690228965426, -0.001038881599357249, 9.228915694922963E-4, 0.00808097533121227, 0.008002981192187146, 0.007249379996089698, 0.008087000607520555, 0.007484217822209245, 0.007184123416192647, 0.00704740092347553, 0.006286439337926934, 0.006020344065913882, 0.006769426439129831, 0.004442753598309725, 0.006104601272479554, 0.005299234891917901, 0.002769407432212061, 0.001548054050121657, 0.0016902630109591021, 0.0016721710595628116, 0.001173067198974848, 0.0013579994820073894, 0.002233038801334334 ], [ 0.004338818712642039, 0.00483398659145846, 0.003700476488304837, 0.004743397596616718, 0.00292407568987213, 0.004252236214172697, 0.0017670547892112722, 0.0038680310653645294, 0.0013478332149086264, 0.0027020745037591937, 5.121883163230494E-4, 0.001428869368258538, -8.977360854236191E-5, -0.0016321895737625952, 9.685368738327979E-4, -9.235117134877485E-4, 1.7875880405060127E-4, -7.124877536183512E-4, -2.091474653638615E-4, -3.8585417304959574E-4, -0.002751076924107608, -7.558138747949604E-4, -0.0038426091134983595, -0.001332278326722094, -0.003571499489397647, -0.002170163532951492, -0.002304622252501151, -0.0032086271659814993, -2.290521062978711E-4, -0.003960232346541736, 3.8552930844027475E-4, -0.002377263758240081, 0.0010452355729525609, -0.0015453895645489786, -1.8454657651208238E-4, -0.0017076809205980857, 0.0016261286008098013, -0.0019500336238250913, 2.582926227791874E-4, -1.9928450721912728E-4, -0.004569882858772505, -0.0041412687481412825, -0.004372787171633737, -0.004208007910891723, -0.003980066485197976, -0.003955030396967911, -0.0024459858777376915, -0.004260178932805753, -8.961539199077217E-4, -0.0036076802827869534, 0.001494394685776559, -0.0017524395468150992, 0.0038865128228087616, 0.0016667447994184157, 0.0014616437252464379, 0.001885573721996197, 0.001920355279428783, 0.002058152779426071, 0.0011469838244295362, 0.0021838605471233706, 9.737080734558071E-4, 0.0025048759998979545, 7.763256786746934E-4, 0.0018986962203211756, 1.721070751411262E-4, 0.0019553167274608462, -0.0011877944918952414, 0.0015855604157117538, -0.0020728461399687815, 2.1247447363493687E-4, -0.003484430431352445, -9.413404680168628E-4, -0.0030888810911263213, -0.0034490017663620903, -0.004725046933356383, -0.002643263497944847, -3.455591136821356E-4, -0.005092898349632454, -0.0014992840617710035, -0.003084760904386867, 0.0019330788678746456, 0.0017629277324364995, 0.001485505865703756, 0.0011912327566431743, 0.0015053739523595657, 4.80053404741537E-5, 0.0028923787584163884, -0.0013073932385979418, 0.0024449286837488747, -0.001138263553713398, 0.0022162457029725143, -0.0014981998154417386, 7.05984496005591E-4, -0.0010489533949107467, 0.002096464491709226, 2.459331306144027E-4, 0.001388706740933063, 7.925939586047529E-4, 9.607089159765047E-4, 9.902459027484878E-4, 1.449932603677323E-4, 6.414413296530368E-4, 4.1440021215931246E-4, 9.321493349441206E-4, 7.935284126160827E-4, 0.0012652851321189248, 9.010346749072634E-4, 0.0017410108530280647, 0.0016237296213197808, 0.0013182294655519399, 0.0013810408180578528, 0.002087542213889967, 0.001278815365681857, 0.001975194835829072, 1.9103198939491217E-4, 9.160501247604127E-4, 2.116691265769825E-4, 3.1597252856034933E-4, 1.6382804677273437E-4, 2.508556604447388E-4, 0.002481758127681073, 0.002477470426879646, 0.002044914861584509, 0.0020148458550293636, 0.0014610889918190294, 0.0016522351011538019, 0.0014439123538173477, 9.006249682326549E-4, 0.0019061642653225301, 9.04008086912738E-5, 0.0019352794530148876, 2.16069646471566E-4, 0.0015414403144240522, 0.0013785772590198713, -0.0012766634372391233, 6.82815598412446E-4, -6.541801101284123E-4, -1.1257210073640859E-4, -7.53120854483262E-4, 2.5093789852276234E-4 ], [ 0.008168234761251978, 0.007640968245796874, 0.008578793721480682, 0.005579032791427987, 0.008170429815480844, 0.003363904131112326, 0.00739605498626273, 0.0013478332149086264, 0.006432924115211226, -5.135826902724591E-4, 0.0017397266576352367, 0.0022313946054482157, -0.0017542917484908496, 6.05034345296291E-4, -1.8587134823163318E-5, -1.6267227381935043E-4, 7.390278747349438E-4, -9.866570363455372E-4, 8.574806710735792E-4, 1.6946599524530283E-4, -0.005725588053480278, -0.0069306099589124485, -0.006682413273316084, -0.009536363468799592, -0.006167242930475487, -0.011039432723204939, -0.0038631370711835174, -0.012559191646959234, -0.0016721439443419135, -0.010769215457600966, -0.004669190331774463, -0.0017613061460020338, -0.0027929288400416795, -0.0010758775594635513, -0.00418799794641002, -6.876947858550054E-4, -0.00203981272066709, 4.3650333482015693E-4, -0.0031351117774477944, -1.4033449308820025E-4, -0.008677095768297245, -0.00944250986942812, -0.009140087387876309, -0.008679830929816414, -0.008594186243855951, -0.007862023800367959, -0.00672597953798727, -0.006400445822842757, -0.005204782765337595, -0.0020867081827143303, -0.002004169158607451, 0.0024319355766454958, 0.004042667620605452, 0.0036505477964544606, 0.003202500144771754, 0.00393014229721584, 0.004604525573076734, 0.004259568288978174, 0.0033356632096550663, 0.00409171094841818, 0.002257339742288785, 0.002285598343686339, 0.002291392878860463, 0.0016453420581550224, 0.0026450505564553357, 0.001084207344419259, 0.0017456158586090444, -0.0022107392071043226, -2.4174421220869008E-4, -0.0046309212705045125, -0.005924843723834824, -0.004638950987671057, -0.0074270629686395235, -0.008382681343258341, -0.009636257523168965, -0.007220435576533564, -0.00904265809390493, -0.00757496598317323, -0.009472605243900022, -0.008037303322849665, 0.00233750058989552, -9.660783166222768E-4, 0.0025441729875465063, -0.0027285338980662394, -1.08607462405184E-4, -0.002923194160054249, -0.0010637420314105637, -0.0032809844547283295, -9.161674123210224E-4, -0.0031201711932736095, 1.0568648735220722E-4, -3.988762326114347E-4, 3.5312214036016987E-4, 0.0021929774250656086, 0.003467925293335352, 0.00342664764906397, 0.004078272836970291, 0.0038695364675426216, 0.0035271800768671992, 0.004018941976395319, 0.001461095138871514, 0.0025206189950244904, 0.0020567651138961225, 0.002558552242819636, 0.0032153894422238946, 0.0030293130281092476, 0.0050061670973334345, 0.0037918474024890075, 0.006242199401376146, 0.005054329275031246, 0.0052401191740294555, 0.00618990698017615, 0.005162934346456771, 0.00441514980187129, 0.0011650836599518236, 0.0030211392845445988, -3.521283951304001E-4, 0.0022196955636135654, -9.77841186470962E-4, 8.862513861622979E-4, 0.002038746315187497, 0.0014795153049307576, 0.001157429608451528, 0.0015505029141380106, 0.0012924418780764415, 7.484285338627266E-4, 8.52831517134149E-4, 3.6293798836599736E-4, 3.7394395962642027E-4, 0.0014753410046775078, -3.807154931748781E-4, 0.0018686690286644893, 0.0011836623120161324, 2.088708665983238E-4, -5.210714876367941E-4, -2.1867759292736337E-4, -2.9175201192843886E-4, -4.26828398734481E-6, -5.613893810746452E-4, 6.237478639568887E-4 ], [ 6.563140149546701E-4, 0.0013154938962193596, 1.698426689305469E-4, 0.0017987877371259367, -2.4476078467856063E-4, 0.0021270579961149296, -8.974525881584474E-4, 0.0027020745037591937, -5.135826902724591E-4, 0.0026874073156779852, 2.948828470149678E-4, 0.0013161552402474834, 9.454843251312092E-4, -1.8320718009113388E-4, 0.001724083394153389, 7.954355894133377E-4, 0.0012106889151256022, 5.463502474301111E-4, 0.0011031902781910947, 8.116268741457084E-4, -0.005775858800424016, -0.003774896153369402, -0.006516596888794006, -0.003699075223589846, -0.006267667886586789, -0.003937967961861959, -0.005755876034206868, -0.004295049641835478, -0.003944407293845532, -0.005436067516544263, -0.0020237398453802533, -0.005888715646655117, -0.0016063410258901436, -0.0036975924755436587, -0.0028871157143260284, -0.002917084713602082, -0.0019371849651580284, -0.0025301499968514636, -0.0026221734249817826, -0.0018480504217687301, -0.0023060960856139726, -0.001894118525650905, -0.0020321187215459353, -0.0021729013912437606, -0.001914640177426892, -0.0022552904756290766, -0.0014202049667096101, -0.002854768418396967, -0.0010066911127913746, -0.0036943361891527498, 1.292290295241387E-4, -0.0035170846294611986, 7.791885221100703E-4, -8.505989934502471E-4, -8.541236087622586E-4, -5.278661643969856E-4, -6.197930329230038E-4, 4.8868918555275415E-5, -9.460048277344328E-4, 7.239892182903384E-5, -0.0011456410937257591, 1.3736165106341224E-4, -0.002165139432276478, -3.9193701776522584E-4, -0.003195333097599215, -0.0010185220330322746, -0.004271606946407937, -0.0013186364260949555, -0.00462248949176411, -0.002612060662568432, -0.0044794544427628, -0.0042184080261148645, -0.003846032437878489, -0.004717016346291821, -0.006349277721075455, -0.003997342028007172, -0.003922597521123265, -0.005267220391719835, -0.00445302473645716, -0.0045352297784242305, -0.0019198453082246339, -0.0013737891491281968, -0.001287195063222354, -0.001129357982150783, 5.42293515795576E-5, -0.001248426423262028, 0.0019839726097261663, -0.0011948709929273567, 0.001928869324777002, -2.1448178702095457E-4, 0.0019262749204058958, -4.016920817290794E-4, 8.991562051628258E-4, -3.2386728160529066E-4, 0.0014425718193559203, 4.568313789256132E-4, 0.0010666996805327655, 8.613296952509322E-4, 8.742126164362296E-4, 9.486779114317008E-4, 0.001039129280248715, 0.001465252933336709, 0.0015131824835619197, 0.0018795553607204485, 0.0018425914549561816, 0.002583813735832109, 0.001653427959265946, 0.0030622832650061054, 0.0021806739964699965, 0.002169924857373848, 0.0021420643990977214, 0.0018230297592035961, 0.0014522592568734242, 0.0015972938255620036, 1.1705426217649512E-4, 7.347063476622782E-4, -2.46374961151127E-4, 2.682592927763833E-4, -2.662595258163746E-4, -3.9762552794570755E-5, -0.0033508095947546797, -0.0033899848638510783, -0.0037566795544667657, -0.0038082193466591656, -0.004377490670745285, -0.0039012074233698156, -0.004258050404040028, -0.0042270502536578955, -0.003344975352345469, -0.004655643651822203, -0.002239927921638991, -0.00396350516264643, -0.001869048435731889, -0.0014515963804552653, -0.0028496903247065717, -0.001209500334940508, -0.0023489025414068815, -0.0012505682548633722, -0.0024454304530468203, -0.0013102668010292519 ], [ 0.0016612461799834738, 0.0016252016367175714, 0.001776972777880438, 0.0012190139989587004, 0.00146570177099919, 8.68492282660842E-4, 0.0014484561596988525, 5.121883163230494E-4, 0.0017397266576352367, 2.948828470149678E-4, 0.0016187510651363554, 6.123686597842025E-4, 0.0011878320893651572, 6.170149673881383E-4, 0.001916613415493057, 0.00173807644040703, 9.228303369046768E-4, 0.002030220218477178, 0.0012183243501728979, 0.0016042909081435636, -0.00831852598430116, -0.008037285105487756, -0.008495332730376995, -0.009172591149344125, -0.007726028543838435, -0.00992151832251785, -0.0060668024940973555, -0.011331658515915883, -0.0037002845520339033, -0.01087737536520512, -0.005049066437459907, -0.006072921863956765, -0.005686362723142111, -0.003269338873533294, -0.005999571576655198, -0.0031764114154370342, -0.004170770026634796, -0.0028743295669496367, -0.0037255349926686686, -0.002921537013857815, -0.0033340456224338886, -0.0040909717951582904, -0.0031848645111243966, -0.004029073219922452, -0.002850674328025506, -0.004003822103886033, -0.0024631985071710606, -0.003853436511581699, -0.0020725929965149576, -0.0031230720919026484, -0.0013773175696243393, -0.0016612177705396577, -4.243629706628354E-4, -3.081988447154375E-4, -0.0011007615494136459, 1.846731934117686E-4, -5.662552258831092E-4, 6.45778121163936E-5, -1.073595408949573E-4, -7.396493920262522E-5, -0.0011576167884377246, -0.0016324953427432065, -0.001721560170506258, -0.001995150191087319, -0.0019637412889321193, -0.0035340290479098945, -0.003048268592540595, -0.0048855288985984536, -0.004622796572580144, -0.006146092029116251, -0.006781967111545261, -0.005902338897847378, -0.007695654926416854, -0.006039087363612564, -0.010215593307362091, -0.006218649758352248, -0.009702649782768956, -0.006346519084673045, -0.008818281072384169, -0.007142696362756286, -0.002804646157841184, -0.0037148204453384256, -0.0015882657882858736, -0.00362651057302177, -0.0017008673968403692, -0.0022786220323161425, -4.392648409169344E-4, -0.002370004564869539, 0.002022183552434511, -0.0021714092460642922, 0.003517520596790263, -6.548456402058645E-4, 0.0025586924559286247, 7.968415921143917E-4, 0.0025241462976085534, 0.0012935081603930767, 0.0025014997400284373, 0.0017405025805571153, 0.0022398694124064976, 0.0019031048551109348, 0.001514300289963019, 0.0027750282068336866, 0.0022348150764204965, 0.003009135356073581, 0.0030419588003148673, 0.0038110676978261484, 0.0038902506522653655, 0.004215127148951213, 0.0040166442996065815, 0.004779598403762725, 0.0022864918842386314, 0.0046777402289136264, 0.0017138322576793071, 0.0027005523790306785, 2.251956338986475E-4, 0.0010403632092777862, 2.2808779115621376E-4, 5.5042097171787577E-5, -1.2114921605488178E-4, -7.775748731854646E-5, -0.0054020112329508, -0.0062386394831374006, -0.005879525078681328, -0.006380926077112739, -0.005810071731612365, -0.006911226348839343, -0.0058167205096385614, -0.006908821116315014, -0.005608858623178736, -0.006041581941407952, -0.005012289329328608, -0.004599566798746674, -0.0037439765459254975, -0.0029403684909939773, -0.0033094057058985294, -0.0023558916566754204, -0.002258629035384419, -0.002129703438629766, -0.0019252478599158444, -0.001917825185731011 ], [ 0.0023512963626398913, 0.0027513882808072325, 0.002527217476193269, 0.002113960022573843, 0.0024668915082850782, 0.0016255005615742823, 0.0019093239635021575, 0.001428869368258538, 0.0022313946054482157, 0.0013161552402474834, 6.123686597842025E-4, 0.002732735782858805, -2.3679208995293794E-4, 0.0021480180708484736, 0.0010593422788216398, 0.0017130827304495217, 0.002587229137569985, -1.9174244026399899E-4, 0.002792118211886595, 0.001483912017646887, -0.00907452873390252, -0.008960773899169569, -0.010028733123559983, -0.009755621407720166, -0.009802862895244362, -0.010162435843705141, -0.009196930753779985, -0.010061544322456269, -0.0076874944348136656, -0.009997585796535827, -0.0060193616764187136, -0.007834385241034678, -0.003749860801632113, -0.005404940626011083, -0.0059932912148463165, -0.002973550492316731, -0.005632883699535681, -6.610704727308947E-4, -0.006621886190861968, -0.002122232807155089, -0.0049997928633247635, -0.005200582360731686, -0.005195277767036828, -0.00497194624395471, -0.005143627209029949, -0.004811002524364924, -0.004562343923480702, -0.004348682348661476, -0.004568728751700866, -0.0033253271401655123, -0.0027501423369541843, -0.00220598568058514, 6.344635053021823E-4, -8.14278003012817E-4, -3.579488144155518E-5, -2.6761322648967694E-4, 6.989180214292052E-4, 0.0013484921654947847, -4.4794793564751734E-4, 0.0010888029042730107, -6.388745152553233E-4, 3.772250277351859E-4, -0.0023582431117692097, -1.2286433214797154E-4, -0.003392458667270687, -0.001102408869257451, -0.004117926028367098, -0.0036415249281889694, -0.004591352416183112, -0.006185935407122051, -0.006235457881657099, -0.008333402220732368, -0.006548139666354944, -0.009412936680228672, -0.01028381158639886, -0.007665844577145454, -0.010844583012144658, -0.007485994823341694, -0.01103836188882118, -0.008917060635537141, -0.0028009013292907706, -0.004099615147163263, -0.0012967549455680876, -0.004752820243933635, -7.07802363383987E-4, -0.004666579559155715, -2.332089515276795E-4, -0.0028693220038135655, -0.0013783612335325549, -