{
  "weights" : [ -0.02155237333305393, -0.00806196373601608, -0.0010121313863730658, -0.007453969993436736, 0.007630194182841969, 0.012161038187730896, 0.01623801825787127, 0.022835695376690373, 0.027494730119965467, 0.033401969425803396, 0.04105949095181151, 0.057129111594640195, 0.05560176641078539, 0.0887135308203789, 0.062206675500902385, 0.11351560939954172, 0.07580446547359693, 0.10586379131856533, 0.09015725796311178, 0.09599222440120446, 0.07428524422978107, 0.07208028934953639, 0.07116874563518485, 0.0675092155823359, 0.06696892119015313, 0.058144160662108826, 0.06305611792280831, 0.052771372573043124, 0.06173698588485028, 0.059014714800680323, 0.07226489677487641, 0.0700269760407574, 0.0839083313917724, 0.07342778623762683, 0.10094932230764181, 0.06635908810941117, 0.09409663756739457, 0.07248930666180575, 0.08335958547161859, 0.07351874499148113, -0.9829363595806502, -0.9841610806099561, -0.9852391678616335, -0.9843947826893373, -0.9876235922081903, -0.9799295719606147, -0.9835564779017941, -0.9678356531280455, -0.9683739603478053, -0.946539692275074, -0.9476742987389171, -0.9188373498573077, -0.9248017980633799, -0.8983849581150436, -0.9013117059620576, -0.8822308492723676, -0.8825025649690227, -0.8733831093116656, -0.8742131085824367, -0.8767222501885419, 0.034202646878397025, 0.016501446664719865, 0.005754533627716725, -0.03507077549445285, -0.0412917569650498, -0.11878771366550239, -0.11966305286267212, -0.21156151650180088, -0.2199199414117182, -0.2978643824007917, -0.3010385538544011, -0.37868857907196074, -0.35999555433397445, -0.42333537478101463, -0.41448097580568044, -0.4511770039137336, -0.45251228969546414, -0.46590695242876695, -0.46708779455863364, -0.46042435747007904 ],
  "covariance" : [ [ 0.0047644220234900414, 0.004576361783852794, 0.004670497794775673, 0.004139012853967808, 0.0036300499258660607, 0.003797451004987867, 0.0029837118642379095, 0.002833816382065484, 0.001594383365817313, 0.0027531144100702626, 8.361897316778217E-4, 0.0018906752636264396, 0.0012899680702360273, 0.0010301419733530369, 6.651771376326625E-4, 3.0856893162468875E-4, 5.302740079746654E-4, 2.0850600998382834E-4, 8.703281503653451E-4, 6.532610669078734E-4, 0.006269258033782874, 0.0060136604717590005, 0.005852201111429748, 0.005431543020382322, 0.005243511387326475, 0.004279718245610097, 0.0045734657739222055, 0.0032123291490833168, 0.0037097053226551597, 0.002274741234560325, 0.0028528437697718386, 0.0018169527247216103, 0.001521310709664639, 6.245905216857244E-4, 2.2107517537661966E-4, 6.026832546191654E-4, 9.200291727655058E-5, 5.898851564209839E-4, 1.5497061365809164E-4, 6.758913850254316E-4, 6.489237029922403E-4, 7.764618575046641E-4, 7.462217428696348E-4, 9.880458821971997E-4, 9.125434129583598E-4, 0.0014412505591587718, 0.0010913206543577546, 0.0018914985051720085, 0.0013344709739751932, 0.0019296548451849381, 0.0013163873609953378, 0.0013766420795529768, 0.001384339240870362, 8.468804234031132E-4, 5.492966543736772E-4, 2.845754047444574E-4, 2.3589372666354657E-4, -1.5854570978684026E-4, 1.9119453051810978E-4, -2.754203959157056E-4, -0.007573426746347394, -0.007643640616624542, -0.007388140870477847, -0.0076716309549611835, -0.007132774501046853, -0.007833669871148436, -0.0060362756905171094, -0.007226539155451992, -0.004550481560167689, -0.00561724607580286, -0.0031367665120639703, -0.0030198495608851897, -0.002845674483096785, -0.0016089496163555544, -9.156591567911708E-4, -5.267279312567678E-4, -3.384207205913151E-4, 3.9900451671257583E-4, -2.697422682665984E-4, 7.520107455247718E-4 ], [ 0.004576361783852794, 0.0054819770737318686, 0.004621102437003842, 0.0048039373555897776, 0.004003104645557396, 0.00447423447547132, 0.003119027751998481, 0.003725569143012386, 0.0015416527614793129, 0.003632897358998755, 5.475113728488752E-4, 0.0026672672539538997, 0.0012463800960941336, 0.0016600467135417611, 6.253450675253811E-4, 2.856531590162744E-4, 8.632007015240971E-4, -1.015098239071836E-4, 9.925173550955223E-4, 5.574137901319368E-4, 0.00620998383130018, 0.005988424183626555, 0.005755410195227265, 0.00541913932607256, 0.005191289568384211, 0.004271827680335914, 0.004532596197382958, 0.0033512858571744532, 0.0036238992576619494, 0.002490722064337603, 0.002663045593057433, 0.0019432799507888973, 0.0014170074955087643, 6.442010866396507E-4, 2.1867383439716395E-4, 7.657938243614389E-4, 1.7207313547427256E-5, 6.873594692657359E-4, 8.720327111682857E-5, 6.92830324227636E-4, 5.697933467273357E-4, 7.414619793549449E-4, 5.794880227267248E-4, 0.0010938459757581954, 6.997496200860392E-4, 0.0017385301383354029, 8.557874914393375E-4, 0.0024075848319869675, 0.001028285609512097, 0.0025979478006447885, 9.082136304216711E-4, 0.0020134803133933957, 0.00100794230780557, 0.001629092302718109, 1.64261416870816E-4, 0.0010420792652120615, 1.4544136649639438E-4, 5.517042825769587E-4, 2.2609693550723115E-4, 2.3823544238367862E-4, -0.007715910527026398, -0.0088802832533769, -0.007785992056353399, -0.009438255127520166, -0.007079577617761827, -0.01014740521324602, -0.005441412015911971, -0.009791005212301498, -0.0034989054563483216, -0.008021863287525782, -0.001777326961250885, -0.004809780064337429, -0.0017747310146582148, -0.0034044580082516745, 1.0394010686012135E-4, -0.0022041500068423073, 1.2003066785210004E-4, -0.001074392193589301, -1.954788485146057E-4, -2.0012715832376084E-4 ], [ 0.004670497794775673, 0.004621102437003842, 0.004999112969047173, 0.004238638569996587, 0.004027477345089876, 0.004126121760791827, 0.0034879739079306106, 0.0031369369914459526, 0.0022994569956343233, 0.003126354208850945, 0.0014914231063801883, 0.002287809778472932, 0.0018844478230874502, 0.0015653770823301628, 0.0010556386811206415, 8.435103414818164E-4, 9.920841222240686E-4, 6.314282966512397E-4, 0.0013906892445716883, 0.00105434708122001, 0.005729976245742309, 0.005467442900400425, 0.005365861374893153, 0.00498023194956084, 0.004897416422980007, 0.0039127556266159704, 0.004319377575728202, 0.0031061339623427936, 0.003537788155397716, 0.002294521902894583, 0.002817725105348063, 0.0018962851175661352, 0.00158035654725352, 5.573524988004551E-4, 2.3602150684875017E-4, 5.174813362159189E-4, 8.79399379052993E-5, 4.8127317696626813E-4, 9.507539616650675E-5, 5.460501998162978E-4, 5.366728692474171E-4, 6.910267611645469E-4, 6.159789439448162E-4, 9.48826283049902E-4, 7.540870085770728E-4, 0.0014356400750756384, 0.0010233595641400612, 0.0018566870016401022, 0.0013273754897476214, 0.0018624658456069653, 0.0013778574443194204, 0.0013949873587272446, 0.001452698269851152, 9.350005799357639E-4, 5.537478515231528E-4, 4.27921016563685E-4, 2.678395140990351E-4, 2.339805883659484E-5, 3.1069627612196466E-4, -1.449115396894567E-4, -0.007235743599602798, -0.007362599964863437, -0.0071330294708045775, -0.007623261137354281, -0.006715225658338873, -0.007958773552687166, -0.006042641207446628, -0.007088882419486107, -0.004638814576324769, -0.0053701142688260374, -0.0033352257555297124, -0.002930609143988144, -0.0029739590895490036, -0.001658681263470504, -8.81955807951276E-4, -7.048044967856799E-4, -3.062055730616586E-4, 1.343953830960186E-4, -3.8386703493064516E-4, 5.89396185450797E-4 ], [ 0.004139012853967808, 0.0048039373555897776, 0.004238638569996587, 0.004513941766981896, 0.0033567390767387066, 0.004574996222571211, 0.0023404316188935436, 0.004023284916769233, 0.001186628562423951, 0.0036550909628432476, 5.206241455464283E-4, 0.002565502489854195, 0.001282250904158592, 0.0015019049694762366, 7.681798693692628E-4, 2.4361620096278157E-4, 9.504270379719578E-4, 1.780694669665236E-4, 0.0010071975482339793, 7.105305803272474E-4, 0.005180706731788841, 0.004998089577932389, 0.004785722543888478, 0.004484974837936181, 0.0042743088694517884, 0.00353739691922759, 0.003712117904952188, 0.002834173553901043, 0.002886451220873486, 0.0022024774009660655, 0.0020380150021005743, 0.0018014296939726148, 8.628654274054257E-4, 6.821580465446964E-4, -3.166795360953888E-4, 9.490147178957548E-4, -2.549024754364837E-4, 6.263682212458538E-4, -3.2749600733502535E-5, 5.050580635932293E-4, 4.685937880562424E-4, 6.163008485232865E-4, 4.8006285674776855E-4, 9.044910148979329E-4, 5.712986118065003E-4, 0.0014391246220309584, 7.426342498069047E-4, 0.001995718058679956, 9.326908828530753E-4, 0.0021664133404450114, 8.234880236331509E-4, 0.0017143454684577317, 0.0010005048201405884, 0.0012639432999542411, 2.7719589326478684E-4, 7.148359956283139E-4, 2.810386643503837E-4, 5.116643329926612E-4, 3.776311221930184E-4, 2.8907652089932794E-4, -0.006390698571644932, -0.007559622601967231, -0.006269450524411547, -0.008073294722321408, -0.00580589373287064, -0.008761406391294784, -0.004672128545365673, -0.008305932092596488, -0.003144371003244951, -0.006780252721535524, -0.0015620016042875563, -0.004178544107888431, -0.001764074152755628, -0.002670603452921958, -1.807630195303941E-4, -0.0015092030864484259, -1.898026784818758E-4, -9.487735480707415E-4, -4.805403153908598E-4, -2.9875639652566827E-4 ], [ 0.0036300499258660607, 0.004003104645557396, 0.004027477345089876, 0.0033567390767387066, 0.0037708759028425077, 0.0030008528646026807, 0.003612889564303057, 0.002101860428083231, 0.002480577009989389, 0.002382905384934032, 0.0015203359225508957, 0.002002147586727325, 0.0016957958832060137, 0.0015227176226279315, 8.422010229794358E-4, 8.593852537144254E-4, 7.566533559787546E-4, 4.567229595923447E-4, 0.0010442405373577081, 8.975159752710882E-4, 0.00449044093856985, 0.0042844384362735145, 0.004207097717065157, 0.00394857467843392, 0.00391789821387728, 0.0030649117822033516, 0.003480696004728448, 0.002489933687709591, 0.002922369619244763, 0.0018360008313563173, 0.0024163010709654454, 0.001432939070172687, 0.0015266270865289362, 2.8995640894289063E-4, 5.321297247734196E-4, 1.2205357845534515E-4, 2.575729293112573E-4, 2.3426030639706253E-4, 1.163175979491929E-4, 3.755606758733117E-4, 3.7753115257374705E-4, 5.104210680520301E-4, 4.202451172430516E-4, 7.791702084011189E-4, 5.335169928642654E-4, 0.0012687262250876525, 7.928749755182806E-4, 0.001729862975563453, 0.0010509244418472558, 0.001814543946598129, 0.0011199395523529662, 0.0014059289227464718, 0.0011133912875943717, 0.0012070186539311109, 3.009118153230413E-4, 8.477630812174095E-4, 1.338800016282227E-4, 2.756784958148983E-4, 2.6085984500406266E-4, 3.085126416178905E-5, -0.006122134735485286, -0.006316515788708264, -0.0064139162276276186, -0.006856045794603763, -0.005862713213602659, -0.007474539970213025, -0.0052289694920981625, -0.006911597715437464, -0.0038484549651144552, -0.005470227045021177, -0.0027331033882577165, -0.0030488842779548384, -0.002281195762911148, -0.002275442514687786, -3.537807475208598E-4, -0.001625653095482002, -9.662111105477103E-6, -4.2124490338538146E-4, -3.1161984992720345E-4, 2.0702487946047E-4 ], [ 0.003797451004987867, 0.00447423447547132, 0.004126121760791827, 0.004574996222571211, 0.0030008528646026807, 0.0051683211523361906, 0.0017716694665165982, 0.0048431637058556605, 0.0010384410064510593, 0.004186864400916097, 6.411355510202828E-4, 0.0029002886358171324, 0.0015989481208168723, 0.0017064158204332385, 0.0011200126544812334, 4.016599584983458E-4, 0.0013409141955321893, 6.256875335698941E-4, 0.0012911450617883724, 0.0010903989638009982, 0.0041593749893549005, 0.0040161771611586855, 0.0038251209797164937, 0.0035740940378566084, 0.003405943447794558, 0.002805782047263429, 0.0029332151917408253, 0.0024065448906369735, 0.0021699216188665773, 0.0020384642271429115, 0.0014270859423861659, 0.0017845266971997426, 2.940366273533002E-4, 7.324781087694732E-4, -9.391467014158842E-4, 0.0011919692333988855, -5.961549069839543E-4, 5.640257710279155E-4, -2.0547533880920603E-4, 2.7457545544069015E-4, 3.3593439163646883E-4, 4.829462228808372E-4, 3.260247724687718E-4, 7.572875537414068E-4, 3.628481774229308E-4, 0.0012454865919816877, 5.690984975018192E-4, 0.0017431414206300557, 7.81541796096668E-4, 0.0019288896363480234, 6.75910751070854E-4, 0.0016135069962054825, 9.665715726023328E-4, 0.0010796699613134547, 3.170508293633817E-4, 5.552075900958477E-4, 4.216608762143849E-4, 6.592229438532706E-4, 5.834529342696534E-4, 4.869262043104962E-4, -0.0051353084411777765, -0.006646793980194866, -0.004840127202702479, -0.007279290180530787, -0.004483953432376489, -0.008146451114577733, -0.0038578062846734095, -0.007551546313517411, -0.00264237880034633, -0.006187125609410452, -0.0011065459216246572, -0.004045631663120703, -0.0016028498775920315, -0.0023196210531259355, -2.3626327106701043E-4, -0.0011531579478901092, -4.0555898913071487E-4, -0.0011673515304421488, -7.924605296570021E-4, -6.194609680759833E-4 ], [ 0.0029837118642379095, 0.003119027751998481, 0.0034879739079306106, 0.0023404316188935436, 0.003612889564303057, 0.0017716694665165982, 0.0039993667303326345, 7.136821446744179E-4, 0.003051644595482101, 0.0012865125069385964, 0.002054123765203163, 0.0013424484156004648, 0.0018077982478443707, 0.0012660408409837908, 8.116742125365111E-4, 9.910775749821838E-4, 5.244209496065186E-4, 4.7184050672948407E-4, 8.699317789177831E-4, 9.034689803286713E-4, 0.0036243626893636017, 0.0034223189413649696, 0.0034272658845175673, 0.0032130225883510266, 0.0032868946352055074, 0.0024727649301038595, 0.0029696238682563806, 0.002025023406440194, 0.002620584260155954, 0.0014525715236921217, 0.002369564997234428, 0.0010874937809913611, 0.0017470056905627602, 4.641737211261027E-5, 9.227614974192137E-4, -3.595413082677442E-4, 4.88761051073267E-4, 6.9390283407689635E-6, 1.5571885452818107E-4, 2.4813556346812407E-4, 2.88926866646196E-4, 3.9096093895589186E-4, 3.4477249661998095E-4, 6.042037752680831E-4, 4.578060814967326E-4, 0.0010024649276101616, 7.535616433838062E-4, 0.0013679609487841277, 0.0010608214004415154, 0.0014082284157823286, 0.0012601915394521936, 0.0010758962708958188, 0.001138098609042947, 0.0010543532604104983, 3.0912875005410605E-4, 8.89476382336554E-4, 4.382070346626115E-5, 1.2002460385046268E-4, 2.1362382172490643E-4, -1.1182216210484715E-4, -0.005347976187540147, -0.004901260939001314, -0.0058915565568512735, -0.005425698304446614, -0.005483491292181057, -0.005972623184471252, -0.005308321138410984, -0.005410017382431431, -0.0041763651364707804, -0.004210326080606243, -0.0034181102448742943, -0.0020924408362060585, -0.00256303904121387, -0.0018318224094481784, -4.867479153819834E-4, -0.0016701809412827799, 6.783191324506114E-5, -1.1173384693085047E-4, -2.990351579993305E-4, 4.5383491015627946E-4 ], [ 0.002833816382065484, 0.003725569143012386, 0.0031369369914459526, 0.004023284916769233, 0.002101860428083231, 0.0048431637058556605, 7.136821446744179E-4, 0.005063145138787203, 3.1380081139033766E-4, 0.004274144225683793, 2.115004987635487E-4, 0.0030615487175229875, 0.0013273534030554578, 0.0017850587527313306, 0.0011497052643980566, 4.7393793150593924E-4, 0.00157267725147147, 8.666326417007797E-4, 0.0014461313597490255, 0.0011643793933939592, 0.002444717734522218, 0.002416927477387098, 0.0022029983094570106, 0.0020693133358415977, 0.0018613231337785638, 0.0016079585683780179, 0.0015712060540258362, 0.0014682950086265631, 0.0010045336792358702, 0.0013776436391755428, 4.205863187540006E-4, 0.001254327680246088, -5.145809061764565E-4, 6.022960032389137E-4, -0.0014679520000371558, 0.0012266799788630317, -9.664830732161898E-4, 3.807417847504391E-4, -4.5716923264102634E-4, -4.748424319740595E-5, 1.398642789052931E-4, 2.681101034528585E-4, 7.680542161765647E-5, 5.280702475599367E-4, 9.679254863216951E-5, 9.648397214400086E-4, 2.7586499634989095E-4, 0.0014406674909758976, 3.985410377140836E-4, 0.0016901392939499527, 2.5905723276837406E-4, 0.0015186651469098322, 6.241671718514114E-4, 0.0010351039769958793, 2.6488582529411226E-4, 5.258178568371824E-4, 5.778955260088983E-4, 9.880338494950324E-4, 6.902591787193217E-4, 9.000537019482566E-4, -0.0031744905146950703, -0.005214619045605466, -0.0031041456588937317, -0.005866873889919186, -0.002921522925820313, -0.006668406750894526, -0.002513308941787461, -0.006329152395506535, -0.0014158484600339792, -0.0054340006598259365, -9.787077146081321E-5, -0.003916121809597304, -8.888407846157711E-4, -0.00226982398599188, -1.943533183590065E-4, -0.0010340745780848515, -7.172854944467187E-4, -0.0017306729676446302, -9.650208038745188E-4, -0.001400285013755709 ], [ 0.001594383365817313, 0.0015416527614793129, 0.0022994569956343233, 0.001186628562423951, 0.002480577009989389, 0.0010384410064510593, 0.003051644595482101, 3.1380081139033766E-4, 0.0030051752769291278, 6.222168956175427E-4, 0.0025262449237848637, 8.239655669851505E-4, 0.001987582226744635, 0.0010080418565295702, 0.0010638863759032152, 9.730872595963881E-4, 7.046250397789821E-4, 7.50664866231309E-4, 9.137609942773468E-4, 0.0011261964142960923, 8.847152249045157E-4, 7.812224740588868E-4, 8.478678413627305E-4, 7.657683256868086E-4, 9.141362672771338E-4, 5.708754110330888E-4, 9.301116507216686E-4, 6.464926377211975E-4, 9.274359833102088E-4, 6.098663956269371E-4, 0.001076019953554436, 4.949707623208522E-4, 8.86267834606992E-4, -1.2865460859641238E-4, 2.9091516679369294E-4, -4.427196886082877E-4, 7.649392703243713E-5, -2.505917822834794E-4, -1.795578784459451E-4, -2.431411157200394E-4, -1.7956480950385897E-5, 2.783763045108493E-5, 1.9118277011926624E-6, 1.2958674490972971E-4, 7.156127249133745E-5, 3.267272540946866E-4, 4.4848935093597174E-4, 5.153839579357701E-4, 8.423364760657175E-4, 5.515483153403592E-4, 0.0012016636237205862, 5.326084241247209E-4, 0.001098903377536038, 6.778444692977495E-4, 4.407007022640489E-4, 7.904680805076035E-4, 2.445138089923401E-4, 3.2992600507984987E-4, 5.32475693318422E-4, 2.0346438733819097E-4, -0.00238323252469113, -0.0017973909820156188, -0.003187605232642627, -0.002438177121451789, -0.0033892308613213008, -0.002964695248663686, -0.004422326202077736, -0.002358812005397896, -0.003948796742327254, -0.0018245951022841515, -0.0036659039954507447, -8.233956061187587E-4, -0.0027542483600776126, -9.785434329829812E-4, -9.352449456080556E-4, -0.00140571354038003, -4.084157982529158E-4, -4.3825884397484375E-4, -9.347405414706985E-4, -1.5044582074342014E-4 ], [ 0.0027531144100702626, 0.003632897358998755, 0.003126354208850945, 0.0036550909628432476, 0.002382905384934032, 0.004186864400916097, 0.0012865125069385964, 0.004274144225683793, 6.222168956175427E-4, 0.003902234049500731, 2.607608450288226E-4, 0.0029846517404555723, 0.001282998438212044, 0.0019210322290238303, 0.00103997830918445, 8.324556437337112E-4, 0.0014895564493141486, 9.244575373502706E-4, 0.0015364301784327814, 0.001117465918792446, 0.002750714007536863, 0.0026985651154615726, 0.0025339248609600887, 0.002400092889480677, 0.0022552785653958936, 0.001836893665823111, 0.0019376461958351087, 0.0016189108922712472, 0.001415438431205985, 0.001354318749715297, 8.763879367220974E-4, 0.0011778406760856086, -9.933718781062584E-6, 4.4667733544542955E-4, -8.439282522449486E-4, 8.633253788721487E-4, -5.915071877208841E-4, 2.797769072664393E-4, -2.7501401142771215E-4, 5.855426433687515E-5, 1.7180456077406353E-4, 3.1620947189164194E-4, 1.222361774971665E-4, 6.088312510505157E-4, 1.526059166723128E-4, 0.001076227466725263, 2.994709340091359E-4, 0.0015294358062874981, 3.593819247360437E-4, 0.001720586421595279, 2.1025539659498812E-4, 0.0014853813198731636, 4.953300657384244E-4, 0.0010631571956148974, 1.4553365914539944E-4, 5.396577554939717E-4, 4.0362323163025234E-4, 8.118664448030236E-4, 4.380630159613298E-4, 6.92917043114754E-4, -0.0035581864049085785, -0.005326902554590647, -0.0035377323736357985, -0.005866488294702825, -0.0030163171312710332, -0.006529550727024394, -0.002332772671158145, -0.006210546337285019, -0.0011270163923819878, -0.00520847848191799, 1.4102711233582088E-5, -0.003628613539811321, -5.94359797197038E-4, -0.002229041555500319, 5.7606658590961284E-5, -9.865791175333743E-4, -3.8665457576471493E-4, -0.0013741711840923277, -4.766301074898428E-4, -0.0010025198351868245 ], [ 8.361897316778217E-4, 5.475113728488752E-4, 0.0014914231063801883, 5.206241455464283E-4, 0.0015203359225508957, 6.411355510202828E-4, 0.002054123765203163, 2.115004987635487E-4, 0.0025262449237848637, 2.607608450288226E-4, 0.0024810203447431047, 4.5220920557375736E-4, 0.001879117317787322, 6.946206245213194E-4, 0.0011474938834442779, 8.026652667964373E-4, 7.945971351694503E-4, 8.503426105298355E-4, 9.285246071482891E-4, 0.0011788314333363663, -5.720049271354516E-4, -6.067211111112803E-4, -5.290747880424508E-4, -5.56434129951369E-4, -4.1436617242779063E-4, -4.419696612370192E-4, -2.339364322131892E-4, -1.6839420683899405E-4, -7.193804831266074E-5, 7.225994452819164E-5, 2.489740481686601E-4, 1.1578898886006685E-4, 2.4424660017195396E-4, -1.8225222547426213E-4, -2.2820446009999483E-4, -3.851557696414868E-4, -2.7682917726874637E-4, -3.305626147159143E-4, -4.2272586678109833E-4, -5.020542546666838E-4, -1.5624998879997128E-4, -1.4977308226137042E-4, -1.5632579873964088E-4, -1.3692299496203045E-4, -1.03707821846852E-4, -8.792303704468227E-5, 2.743335367639218E-4, -1.8647190854675535E-5, 6.840981944419386E-4, 1.0884394708674266E-5, 0.0011101931361103593, 1.6258637882975006E-4, 0.0010462318341846557, 3.2191949227466227E-4, 5.502255714021058E-4, 5.602187530023091E-4, 3.9547078961137746E-4, 3.731577576550992E-4, 6.789690310976906E-4, 3.714642756226413E-4, -5.855454010736122E-4, 1.4851604193429362E-5, -0.0014650423234186093, -4.989884759322253E-4, -0.002166943652847604, -8.098688458377892E-4, -0.0037910698339883946, -2.5412634278539336E-4, -0.0036921176648530064, -2.0558065169233098E-4, -0.003687981602564951, 3.3318227612198304E-5, -0.0028199471043525593, -2.247006071569691E-4, -0.0013037179164310194, -9.059791172348756E-4, -7.969253346609654E-4, -4.705647908629263E-4, -0.001259480460781952, -4.830724355324139E-4 ], [ 0.0018906752636264396, 0.0026672672539538997, 0.002287809778472932, 0.002565502489854195, 0.002002147586727325, 0.0029002886358171324, 0.0013424484156004648, 0.0030615487175229875, 8.239655669851505E-4, 0.0029846517404555723, 4.5220920557375736E-4, 0.0025715853476044807, 0.0012320829196190873, 0.0017363688612447093, 9.872925415792158E-4, 0.0010188936518991305, 0.0012763820668782143, 0.0011111367183807086, 0.0013468069522504307, 0.0011904927559423621, 0.0014610656068706953, 0.001465874077766056, 0.0013519265018489737, 0.0013068788086152755, 0.0012225674945675752, 9.239522254734133E-4, 0.0010451377697699158, 8.669245756137782E-4, 7.781313301601588E-4, 7.293099935392503E-4, 5.131091592941427E-4, 6.051650166454863E-4, -1.2086150517958392E-4, 1.4502282514424782E-4, -6.867894812075284E-4, 3.8869630649603093E-4, -4.975220576931938E-4, -6.84976501424175E-5, -3.052386468672581E-4, -2.0252877376671883E-4, 3.489749018271187E-5, 1.425669713432483E-4, -1.6885609068372436E-5, 3.913524728076168E-4, 1.857481931204509E-5, 7.879975902471358E-4, 1.7801292014902207E-4, 0.0011995508584993736, 2.1966257658225508E-4, 0.0014161698011544055, 1.4228408362986015E-4, 0.0012594595512046445, 3.6043436395471703E-4, 9.849542256549601E-4, 1.1938411413888857E-4, 5.844020223372002E-4, 3.886142953507205E-4, 7.873493080672115E-4, 4.164536951050268E-4, 7.224041851236965E-4, -0.0023261529675873698, -0.003777642148388746, -0.002658321255603337, -0.004319312456472302, -0.00227262165486884, -0.004968758394839497, -0.0019309724037077003, -0.004857165139775401, -8.833234731580502E-4, -0.00425692143638341, -7.052014956385926E-5, -0.0030102361300330675, -4.847350904114495E-4, -0.0020056614855571042, -7.330754157586802E-6, -0.0010275893964104294, -4.5818444088880327E-4, -0.0012886420602779237, -5.051570366592362E-4, -0.0010775805143024353 ], [ 0.0012899680702360273, 0.0012463800960941336, 0.0018844478230874502, 0.001282250904158592, 0.0016957958832060137, 0.0015989481208168723, 0.0018077982478443707, 0.0013273534030554578, 0.001987582226744635, 0.001282998438212044, 0.001879117317787322, 0.0012320829196190873, 0.0018524241064500028, 0.0010178533660064396, 0.001252245968446506, 8.829348640173551E-4, 0.001027758663130402, 0.001101949064371587, 0.0010947206858576048, 0.0013977531205688714, 1.8506743057283755E-4, 1.596336249159636E-4, 1.839797941914064E-4, 1.365986685440265E-4, 2.2594786094663288E-4, 4.3841736859565636E-5, 2.4054632033680175E-4, 2.035872039939953E-4, 2.346995257308981E-4, 3.261922311370534E-4, 3.661810712284831E-4, 3.366175025109009E-4, 7.288096564855346E-5, -5.2829189078225826E-5, -5.482027846475852E-4, -9.21128323624762E-5, -4.3281884669905116E-4, -2.604570841358009E-4, -4.1866898987838816E-4, -4.5254433153479385E-4, -7.788776963288743E-5, -4.041559488524165E-5, -9.014614253116427E-5, 3.7474309373213456E-5, -6.521961302777202E-5, 1.8937487122840875E-4, 2.3284988973598818E-4, 3.7643271090939765E-4, 5.334556204992723E-4, 4.916587397191814E-4, 8.024170948695841E-4, 5.3749481137912E-4, 8.6971754900267E-4, 4.440256510293498E-4, 4.152478688231181E-4, 4.7736064193003996E-4, 3.9996149508769426E-4, 4.267585183061689E-4, 6.12687876722127E-4, 4.469899127434914E-4, -0.001111766427561599, -0.0012392016518129182, -0.0016968348565970176, -0.001720364781200913, -0.0021323409728571017, -0.0022207629780909874, -0.0032079531856976473, -0.0018084395830314927, -0.002848217998868834, -0.0016467908308698117, -0.002523307732423624, -0.0010370017155047798, -0.00213151270014621, -6.440861144269542E-4, -8.793187919325304E-4, -7.91590068058861E-4, -6.932335266637646E-4, -5.715257381477177E-4, -0.0010548129983861463, -5.693976751727273E-4 ], [ 0.0010301419733530369, 0.0016600467135417611, 0.0015653770823301628, 0.0015019049694762366, 0.0015227176226279315, 0.0017064158204332385, 0.0012660408409837908, 0.0017850587527313306, 0.0010080418565295702, 0.0019210322290238303, 6.946206245213194E-4, 0.0017363688612447093, 0.0010178533660064396, 0.0015104573544979965, 7.597282559905212E-4, 0.0010813331794156604, 0.0011586705692767537, 7.884884278606518E-4, 0.0013584082052295753, 8.141335327583086E-4, 6.901587819931447E-4, 6.75600663152259E-4, 6.567083942422469E-4, 6.4462327134896E-4, 6.67958150168234E-4, 4.728387893430408E-4, 6.452898163461169E-4, 5.519272784401367E-4, 5.516703127436266E-4, 4.728430169307508E-4, 4.6929049338108303E-4, 4.117156361870548E-4, 2.2094865013366435E-4, -1.1512789904728372E-6, -5.914252310474524E-5, 6.611557889537718E-5, -1.6353773815996678E-4, -4.9577702951666985E-5, -1.913657151474104E-4, -9.607795327491896E-5, -3.89714670695245E-5, 6.013713874053113E-5, -9.265056118085062E-5, 2.6433403671287197E-4, -7.529852351093534E-5, 5.390469126633624E-4, 6.279884275660528E-5, 7.374783789614146E-4, 1.0071386935092498E-4, 7.842484187379073E-4, 1.0955546483492202E-4, 7.361104169142041E-4, 1.8965342258688705E-4, 7.04022572457075E-4, 2.277146000618385E-5, 5.129509734296122E-4, 1.8207123077860162E-4, 6.090989300934229E-4, 2.0366870352556338E-4, 5.023145950794267E-4, -0.00137632400883431, -0.002216236883729454, -0.00172970483685415, -0.0026069206029767037, -0.0012696012175820507, -0.0028656270777272, -0.0011756655141790585, -0.0025958513338515373, -4.925583731893231E-4, -0.002079086630760355, -2.1536899750072727E-4, -0.0015081743442704855, -2.660403537841239E-4, -0.0012529614286579476, 1.074925536021759E-4, -8.07531640490263E-4, -1.0542766844727603E-4, -9.689068271483544E-4, -1.1961324787722571E-4, -7.236079302700169E-4 ], [ 6.651771376326625E-4, 6.253450675253811E-4, 0.0010556386811206415, 7.681798693692628E-4, 8.422010229794358E-4, 0.0011200126544812334, 8.116742125365111E-4, 0.0011497052643980566, 0.0010638863759032152, 0.00103997830918445, 0.0011474938834442779, 9.872925415792158E-4, 0.001252245968446506, 7.597282559905212E-4, 9.686121210655948E-4, 6.817471522807777E-4, 9.017255424225188E-4, 9.481465004910854E-4, 9.446745673819087E-4, 0.0010981967989127173, -3.8774405286229547E-4, -3.6333034646320094E-4, -3.560117287713894E-4, -3.6341972729780577E-4, -3.208321151594248E-4, -3.3710661005012727E-4, -2.639486455013105E-4, -1.7292650746221554E-4, -2.1458028410689455E-4, -7.02991805278784E-6, -7.947912986566682E-5, 5.9904016860761384E-5, -2.7015975327167937E-4, -7.154163218709063E-5, -6.57794259163118E-4, -2.4746074794997923E-5, -5.047923679128561E-4, -2.365386953475544E-4, -4.2799017276999254E-4, -4.4542047504658516E-4, -1.0839579531865269E-4, -8.653798866067462E-5, -1.356185832987825E-4, -4.185278426641454E-5, -1.2302975569107266E-4, 3.928267661647524E-5, 6.828386489386964E-5, 1.5608414441854125E-4, 2.4406918332776887E-4, 2.5544052132622325E-4, 4.25835861060172E-4, 3.361239855765082E-4, 5.18942064857422E-4, 2.280972321637379E-4, 3.0591493143034297E-4, 2.4138414819256185E-4, 3.6529273698986787E-4, 3.770895377527352E-4, 4.6583917424795234E-4, 4.5932851096527205E-4, -9.824421029563574E-5, -4.091387275205998E-4, -5.625220236856193E-4, -6.625165905943497E-4, -0.0010061485703011432, -9.014542927196014E-4, -0.001856418479390037, -6.973216083722469E-4, -0.0016296139667217446, -7.875434819117679E-4, -0.0014843002069867956, -6.27572371363656E-4, -0.0013242524589237963, -2.764223999348536E-4, -6.889482175456505E-4, -3.228476213407297E-4, -6.671435960099086E-4, -4.973143784923511E-4, -7.973728020908564E-4, -6.526165186220876E-4 ], [ 3.0856893162468875E-4, 2.856531590162744E-4, 8.435103414818164E-4, 2.4361620096278157E-4, 8.593852537144254E-4, 4.016599584983458E-4, 9.910775749821838E-4, 4.7393793150593924E-4, 9.730872595963881E-4, 8.324556437337112E-4, 8.026652667964373E-4, 0.0010188936518991305, 8.829348640173551E-4, 0.0010813331794156604, 6.817471522807777E-4, 0.0013056004377853324, 8.515309577532109E-4, 0.0011209435899521532, 0.0012072511636888011, 8.423840258205521E-4, -3.296163352772197E-4, -3.244505124777073E-4, -2.4743074956718115E-4, -2.2963183528187958E-4, -1.1647463747744159E-4, -2.506227358143167E-4, -3.52749390416454E-5, -7.665689593400525E-5, 8.328304543828936E-5, -1.0069604633647914E-4, 2.5600397860232676E-4, -4.318649428144866E-5, 1.8775336971138567E-4, -2.0816791772360687E-4, 1.1524957055688447E-4, -3.1329107840496177E-4, 1.2284838500059106E-5, -3.2148537254764604E-4, -1.0248931697360156E-4, -2.3219589092288476E-4, -1.0655181672957159E-4, -4.936279735023943E-5, -1.138382395163988E-4, 5.154896420508762E-5, -8.88407782552274E-5, 1.5389308982090288E-4, 3.678530022787202E-5, 1.410948121796709E-4, 5.1402164958187816E-5, 7.440780867779841E-5, 1.184900052014756E-4, 1.172888870840028E-4, 1.4647658624213414E-4, 1.0277108115707734E-4, 1.40461488406424E-4, -6.747472045030487E-6, 1.5890803163363145E-4, 1.4027332604372327E-4, 7.840521731421594E-5, 1.6886990176731825E-4, -1.0773802542133904E-4, -1.5952438572201073E-4, -3.76575585704852E-4, -2.1129919105162428E-4, -6.584465157371865E-5, -1.0778741639451298E-4, -4.3021181512270664E-4, 2.1180478400875587E-4, -2.3665908954263048E-4, 4.017798259866041E-4, -4.557849004215499E-4, 1.7719527729072735E-4, -3.3551107213565843E-4, 1.236062979534511E-4, -3.0672004530147575E-4, 3.815956904219856E-4, -2.6033804404718765E-4, 1.5720334542122078E-5, 3.081457641489015E-5, -1.2929647442553577E-4 ], [ 5.302740079746654E-4, 8.632007015240971E-4, 9.920841222240686E-4, 9.504270379719578E-4, 7.566533559787546E-4, 0.0013409141955321893, 5.244209496065186E-4, 0.00157267725147147, 7.046250397789821E-4, 0.0014895564493141486, 7.945971351694503E-4, 0.0012763820668782143, 0.001027758663130402, 0.0011586705692767537, 9.017255424225188E-4, 8.515309577532109E-4, 0.001311261936451237, 7.557420191404165E-4, 0.0014539016373786955, 8.958849424434125E-4, -2.1810194890750385E-4, -1.9384051130383591E-4, -1.9634221471366808E-4, -1.9834131038988864E-4, -1.6981478210896593E-4, -1.4772892634252641E-4, -9.091513532064036E-5, -2.111093901106963E-6, -7.59618718095273E-5, 1.0090111657384245E-4, -3.2413395565062615E-5, 1.6199161922823501E-4, -1.5278159721985796E-4, -4.244252964916072E-5, -4.2134488193846994E-4, 7.10502720008277E-5, -4.761814061959623E-4, -3.943802745635061E-5, -4.469087570815275E-4, -2.713255595283493E-4, -1.0955675616506098E-4, -4.2793973488590346E-5, -1.8376307374075597E-4, 7.28038805127197E-5, -1.864882051336085E-4, 2.0619475840474266E-4, -6.380276786886407E-5, 2.982086727242055E-4, 1.3958657066881072E-5, 3.295987992227905E-4, 1.333790698747908E-4, 4.108975711439032E-4, 2.2406430699068423E-4, 3.577600348004824E-4, 1.1328885295054368E-4, 3.364998892375048E-4, 2.6597298398759595E-4, 5.716434899632293E-4, 2.8277223771012994E-4, 5.925296856594583E-4, -8.34646928789389E-5, -8.344011687057201E-4, -5.282919531990054E-4, -9.97273191045706E-4, -6.627823393304505E-4, -9.448311890819889E-4, -0.001096850368512572, -7.197667596603829E-4, -6.838594516471896E-4, -6.690977818074541E-4, -6.611718262072995E-4, -6.795911447184199E-4, -5.828129724209889E-4, -4.8623980083605303E-4, -2.301647635514811E-4, -4.4688381587282625E-4, -3.595439254157718E-4, -8.627002625195971E-4, -3.3900527573739236E-4, -8.850268127792535E-4 ], [ 2.0850600998382834E-4, -1.015098239071836E-4, 6.314282966512397E-4, 1.780694669665236E-4, 4.567229595923447E-4, 6.256875335698941E-4, 4.7184050672948407E-4, 8.666326417007797E-4, 7.50664866231309E-4, 9.244575373502706E-4, 8.503426105298355E-4, 0.0011111367183807086, 0.001101949064371587, 7.884884278606518E-4, 9.481465004910854E-4, 0.0011209435899521532, 7.557420191404165E-4, 0.0016018745863429487, 9.095600504708671E-4, 0.001290219066551969, -0.0012601903801114863, -0.0011843842738460165, -0.0011381617580040015, -0.0010840856674299403, -0.0010111557178767384, -9.977676087891733E-4, -9.000351160171704E-4, -6.889370294804404E-4, -7.120377983502479E-4, -4.75051129657737E-4, -4.2639765948100525E-4, -3.1829609221496627E-4, -6.036666039753918E-4, -2.100475414460656E-4, -7.993454417384525E-4, -1.7229212174888587E-4, -4.5598272382549E-4, -5.674675336473133E-4, -3.3084245450320306E-4, -6.354569754103646E-4, -1.9192935896929163E-4, -1.8633030657649497E-4, -1.8609781397942285E-4, -1.6467552931299684E-4, -1.640696560477524E-4, -1.320945306781245E-4, 1.6516648416239727E-5, -9.620715976093612E-5, 9.317579162246017E-5, -1.8764957092102822E-5, 1.8916481387618665E-4, 9.866789292407521E-5, 3.3726418230885675E-4, -8.156772828520273E-5, 3.6661794602328897E-4, -1.9900960059929156E-4, 4.448116413422026E-4, 1.6769419170847822E-4, 4.220832098625587E-4, 3.5165249418933685E-4, 8.761767213135578E-4, 7.068031723594285E-4, 5.64800901544875E-4, 5.727102797578702E-4, 3.2641988885463735E-4, 3.6441580245983284E-4, -6.200797540135436E-4, 5.301639686660037E-4, -6.423421691895591E-4, 2.9406110338103244E-4, -7.034259147840888E-4, -3.766322858526707E-5, -8.243568637803667E-4, 3.726829659327228E-4, -8.537971716636812E-4, 7.151945663959268E-4, -9.159651152745858E-4, 1.6376904586861817E-5, -7.002687750731268E-4, -4.547721171386309E-4 ], [ 8.703281503653451E-4, 9.925173550955223E-4, 0.0013906892445716883, 0.0010071975482339793, 0.0010442405373577081, 0.0012911450617883724, 8.699317789177831E-4, 0.0014461313597490255, 9.137609942773468E-4, 0.0015364301784327814, 9.285246071482891E-4, 0.0013468069522504307, 0.0010947206858576048, 0.0013584082052295753, 9.446745673819087E-4, 0.0012072511636888011, 0.0014539016373786955, 9.095600504708671E-4, 0.0018374246517534915, 9.195319123913926E-4, 2.993668387369125E-4, 2.8956748243371913E-4, 3.148648422490485E-4, 2.6448651102139325E-4, 3.102760375070687E-4, 2.322116482430074E-4, 3.7123951564482376E-4, 2.574304177413873E-4, 3.643900771756412E-4, 2.0011217678423868E-4, 3.8183354469977475E-4, 2.4379923361679822E-4, 1.9881965318121927E-4, -6.52305540474387E-5, -8.913798286436396E-5, -4.5996914719429756E-5, -3.0904439037917274E-4, -1.948597523442481E-5, -3.7505539974822005E-4, -1.5204432774381182E-4, -5.140133275747616E-5, 3.8771051949499456E-5, -1.054219690854856E-4, 1.747483419812264E-4, -7.126755017530266E-5, 3.210875776701758E-4, 6.253729735259513E-5, 3.5196240376887455E-4, 1.3039940996155647E-4, 2.7568477081425964E-4, 2.639807202886001E-4, 3.2236700205300056E-4, 3.175979928359769E-4, 2.611157343696407E-4, 2.0462808487612096E-4, 1.7415907155114143E-4, 2.576343554807636E-4, 4.042038632307041E-4, 1.6593364319429557E-4, 4.381469305834207E-4, -6.995259824403074E-4, -0.0011631542254483492, -0.0011294402088909577, -0.001120151070921679, -0.0011213359025779726, -7.148189510177252E-4, -0.0014616426389178747, -3.0688302061058635E-4, -9.609292522406432E-4, -5.6847957319371595E-5, -0.001078519856739791, -1.8615986582730873E-4, -8.31230347027158E-4, -1.1110665261530216E-4, -4.613498426628842E-4, 4.082114327851024E-5, -3.85088985915298E-4, -4.541806773513126E-4, -8.677840326587374E-5, -5.623118544900485E-4 ], [ 6.532610669078734E-4, 5.574137901319368E-4, 0.00105434708122001, 7.105305803272474E-4, 8.975159752710882E-4, 0.0010903989638009982, 9.034689803286713E-4, 0.0011643793933939592, 0.0011261964142960923, 0.001117465918792446, 0.0011788314333363663, 0.0011904927559423621, 0.0013977531205688714, 8.141335327583086E-4, 0.0010981967989127173, 8.423840258205521E-4, 8.958849424434125E-4, 0.001290219066551969, 9.195319123913926E-4, 0.0013696572388953551, -6.319079502399643E-4, -5.813083890492553E-4, -5.724767280115136E-4, -5.581645337390687E-4, -5.07778452142572E-4, -5.546458696219175E-4, -4.627482314482011E-4, -3.547346337829197E-4, -3.7232985950503693E-4, -1.6359056422570194E-4, -1.7614869124299838E-4, -8.231613863467387E-5, -4.3145925712319007E-4, -1.4442902901113853E-4, -8.422100481834862E-4, -1.090284447419674E-4, -5.759074430815616E-4, -4.1849632157647825E-4, -4.6186918844490677E-4, -6.059664657185229E-4, -1.3749776107784E-4, -1.248856622999257E-4, -1.5753327238774936E-4, -8.214178273621353E-5, -1.4382594124796118E-4, 1.0640294410009887E-5, 6.165555840359884E-5, 1.7184481637419504E-4, 2.278292358600538E-4, 3.335285623968494E-4, 4.0203964324735694E-4, 4.0753068162685194E-4, 5.329891508613113E-4, 2.2999838867139233E-4, 3.381640906648201E-4, 2.0144479465297255E-4, 4.3275267731659556E-4, 3.674986793542293E-4, 5.251748473280365E-4, 5.017587930174829E-4, 9.587173490482451E-5, -2.8143781582473735E-4, -4.235896731831966E-4, -5.680920565176051E-4, -9.061307224178241E-4, -9.620438090542202E-4, -0.0018491693642550603, -8.561504495813036E-4, -0.0016040372942249415, -0.0010672687565802233, -0.0014116876792239985, -8.407642834577495E-4, -0.0013401080955326937, -3.093783750234859E-4, -7.639357884031639E-4, -2.289154130921131E-4, -8.208603069428713E-4, -4.344938268562629E-4, -9.191802040279917E-4, -7.021173757576323E-4 ], [ 0.006269258033782874, 0.00620998383130018, 0.005729976245742309, 0.005180706731788841, 0.00449044093856985, 0.0041593749893549005, 0.0036243626893636017, 0.002444717734522218, 8.847152249045157E-4, 0.002750714007536863, -5.720049271354516E-4, 0.0014610656068706953, 1.8506743057283755E-4, 6.901587819931447E-4, -3.8774405286229547E-4, -3.296163352772197E-4, -2.1810194890750385E-4, -0.0012601903801114863, 2.993668387369125E-4, -6.319079502399643E-4, 0.011171810474769561, 0.010672214701479813, 0.010489008918414144, 0.009810118443605971, 0.009586903759163726, 0.007806034768734344, 0.008318747603974117, 0.005801491952318532, 0.006813000747737165, 0.003885054288823304, 0.005213742547165569, 0.0030519460638052036, 0.0034530027869277414, 0.0010676663769286444, 0.001976599339433792, 8.428579394992661E-4, 0.0012363341010977623, 0.0014817150553371038, 0.0010581349777045775, 0.002027284844513915, 0.0012664430049942781, 0.0014814224955128567, 0.001435330566355348, 0.0017964195685263632, 0.001579935922071782, 0.002400704347718348, 0.0014153399161666207, 0.0028549019579604813, 0.0014151951006509255, 0.0026746685108087168, 0.0010707243169897022, 0.0016223367875340137, 0.0010049074685875422, 8.659210463975815E-4, -2.950833169354129E-5, 4.408686617948798E-5, -6.017998326571342E-4, -0.0010652910174212158, -8.70996057421093E-4, -0.0014251785400194808, -0.011873979267965141, -0.011699066461556839, -0.010480709237393611, -0.011098991147632024, -0.008955272020676286, -0.010834629219036513, -0.00547096532637446, -0.010162993490828434, -0.0034775848914211983, -0.007405157228670433, -0.0016651400563037705, -0.00356496953928285, -0.0014206121433300973, -0.0018536819763901868, 6.307584800769935E-4, -3.171420967081587E-4, 0.001451700841020435, 0.001783954844599311, 0.0017490392574897543, 0.002785905631146459 ], [ 0.0060136604717