{
  "weights" : [ 0.6440824610665223, 0.6621833397364375, 0.6419434661713351, 0.6583241523600764, 0.6458443575548368, 0.6596134957473729, 0.6746528916047101, 0.6600441429645055, 0.6626293222071534, 0.6527551870860848, 0.6460457345962097, 0.6558725134993784, 0.627136576740274, 0.6662370627795412, 0.5952245697827163, 0.6311848381778224, 0.6093388868109995, 0.6305103911983446, 0.5951921204748294, 0.622324761684751, -0.31029618608475545, -0.3136241867660108, -0.31708996136625545, -0.33612259533150995, -0.34094018249607844, -0.3824218597122092, -0.3828951830988885, -0.42967541068802817, -0.4272705813388482, -0.4778174254195412, -0.46679071267194394, -0.47080752558073574, -0.5077033544369698, -0.47649967842145446, -0.5003263003532459, -0.4972347410077052, -0.530621769976238, -0.47958266263313987, -0.5328937433410376, -0.48985426143802296, 0.6218638552347282, 0.6113123861005447, 0.6123065346450353, 0.6011332225675309, 0.5759736686457507, 0.5630134493651381, 0.4816995318719275, 0.5067794379772761, 0.42412877692973594, 0.4341899517851801, 0.3823073277535656, 0.3815383442475141, 0.37657232888597214, 0.36143984090369535, 0.42048851164480705, 0.396985968402967, 0.40460295223833775, 0.41236226697067385, 0.4240428772431842, 0.40012448731207784, 0.13569658457315792, 0.16113569082343948, 0.1432807153487009, 0.1847725221468896, 0.2084106367864597, 0.19647639010941864, 0.30838125736637106, 0.23703864046827436, 0.35258766579147616, 0.3124499761035218, 0.3896523959970882, 0.37121171731551367, 0.38428888782310877, 0.38333125078241426, 0.39245039192000886, 0.3545632044850556, 0.3488011012623674, 0.3933867839303049, 0.33004740226072743, 0.39280293966255514, 0.6817451381191663, 0.6531391112144598, 0.645557677847215, 0.5875840435004832, 0.5291665101083126, 0.4878422892977756, 0.3394920197547697, 0.34541198894419023, 0.20643038924104554, 0.18888286426178316, 0.07431987456329633, 0.0844012000144275, 0.00195322340506196, 0.03819907126388442, 2.424017365384399E-4, 0.05839991690091947, 0.04109189987225649, 0.07159579311786497, 0.0580372492140495, 0.07626659754040481, -0.7283536693313131, -0.7277220512529127, -0.7230215918741799, -0.7162779840158783, -0.6895037459206846, -0.6828458919476766, -0.6023123719489567, -0.6083187662295997, -0.5102214493587359, -0.49990073987321143, -0.38688034257828247, -0.35784119873118475, -0.2858446174695646, -0.22994539547634874, -0.2008053284285036, -0.1924541503482478, -0.1881798748308869, -0.1792204512532024, -0.17600460225787792, -0.18397610715990872, -0.32227007770592453, -0.3243564155996081, -0.3128240541656695, -0.30824341399254074, -0.27173591654648166, -0.2901341848434437, -0.18010098851936554, -0.20621195998794695, -0.11552915196826745, -0.1532319973630728, -0.041612493652937635, -0.07279791388087514, 0.011007414840410186, -0.02702063327215086, 0.03438292754159582, -0.02745271294034117, -0.012420762334591292, -0.02548725580749393, -0.023964723030180376, -0.03392043665350909 ],
  "covariance" : [ [ 0.012876542660930735, 0.015585734164409733, 0.010123656541610182, 0.015053092160690465, 0.007214860872977732, 0.013484664989143656, 0.0010716719921200011, 0.008073604347556334, -0.0010300942854308609, 0.004730303627620544, -0.004566288143708235, 0.0017746353254149705, -0.006999908999986443, 0.003359932357651066, -0.006887476160817979, -7.08333379795715E-4, -0.006032159129780296, -0.0016676571911898677, -0.006302375012361395, -0.005045398864303827, 0.014069307163915358, 0.017819618934435323, 0.009521661760358362, 0.019880405344615704, 0.006800610415349634, 0.023843368308510887, 0.004286213859587, 0.02073470126067423, 0.0039531554892062604, 0.018200849092442854, -4.39421211949544E-4, 0.014494806311668931, -0.0012025324665444832, 0.01463292035789073, 0.009716787815053734, 0.008626621472891645, 0.003335609009511754, 0.01116899047155961, 0.0037638983870158004, 0.0070374302190436226, -0.007687959178399045, -0.006072987199509047, -0.009297738573914655, -0.0037567120757682686, -0.007550597084743361, 6.041169899862525E-4, 1.5443770776577453E-4, 0.003261937318847152, 7.142903179391244E-4, 0.006071536926832603, 0.0015512245605997046, 0.00610626948048619, 0.002721696602878885, 0.005037875337463958, 0.012705372478327289, 0.005564871408475262, 0.0066818404571487525, 0.003923884045796452, 0.008559085684429351, 0.004719896798544032, 0.003812695448707559, -7.208544779266745E-4, 0.006009577094113633, 0.002516005292327154, 0.001069498920480267, 0.00922855517249531, -0.004569678198326211, 0.01556315041752863, -1.7825918129505953E-4, 0.014575448322749825, -7.754337514726029E-4, 0.012587481877606405, 0.002973191233500542, 0.012135155434347763, 0.010020456184972363, 0.0036428624039251158, 0.00571988642001375, 0.014271408024798893, 0.0036622919535977535, 0.011630277992057424, 0.023531376667880296, 0.02508288534750294, 0.019345261827092754, 0.023530705245761185, 0.020108177520884837, 0.02350686178254296, 0.023292143572738486, 0.01855163955719975, 0.016152637860733066, 0.012686665190740737, 0.010455060761273173, 0.0067613525672657986, 0.004141736493770466, 0.0012893860547502352, -0.0014911273725461732, -0.003077655809205736, -0.006337081269185534, -0.007121325234788738, -0.007832863663711501, -0.008996723163689319, -0.005131734651188163, -0.004284795780341247, -0.006393999094734756, -0.006757539588387014, -0.009547952990677592, -0.011794077969373769, -0.018329289347361683, -0.017241730230661317, -0.01858950161558249, -0.016422571140190537, -0.015419202967864531, -0.010724880191256916, -0.008454804707916826, -0.001977753200133114, 7.979914972949924E-4, 0.004477021612005436, 0.005826033886489689, 0.006955005190736145, 0.007153676176284618, 0.008168150652226546, 0.017819072613463275, 0.0183527556923664, 0.018834941659185707, 0.018981182611586687, 0.015386387828626122, 0.019756214730354577, 0.005618261811575059, 0.011911217710952347, 0.0030365118847598418, 0.010546941379964809, -9.095313173560266E-4, 0.005820223358761452, 3.966367666497787E-4, 0.004879443232080277, 0.01062414463838842, 0.007319694429449164, 0.010062637313412347, 0.01015679639755276, 0.009598097779704667, 0.01011115581305953 ], [ 0.015585734164409733, 0.019870778843013213, 0.012033242289028861, 0.019353447777262146, 0.008328646968880943, 0.017426069604398877, 8.311502372139944E-4, 0.01044556285643416, -0.0011753092064399854, 0.006119527311087854, -0.0048513748202727545, 0.0023202403907608016, -0.007823248892582497, 0.0037898481794422113, -0.00737288214162532, -0.0013137360597839005, -0.006240171115460829, -0.002573188661110638, -0.007065751197912614, -0.006681237704729638, 0.0200400646103241, 0.023886202984646453, 0.01460804380952993, 0.026744261847105738, 0.011310785084224624, 0.03231192853078975, 0.007596267781714792, 0.029239585179928036, 0.005938020560432385, 0.02775497545106386, -3.538873274171808E-4, 0.022736085100562377, -9.484314438619865E-4, 0.021608760185172618, 0.012317176437413967, 0.012938608300054139, 0.004951777783963085, 0.014712863257062876, 0.006155659408457279, 0.00948250400202428, -0.008097864113504055, -0.007104007475802714, -0.010013626462493378, -0.0042474762188799454, -0.007553897942044633, 0.0012971727030684384, 0.002477482206933686, 0.004552664169455418, 0.002854756776366807, 0.007787822123308719, 0.0031071314089391724, 0.0081907519759523, 0.003926195517178801, 0.006603581181838104, 0.015192906527179837, 0.0072864855816815, 0.0074620459050769436, 0.004725729090569168, 0.010031491633364057, 0.005650380627552431, 0.004817203247916956, -9.170749995728991E-4, 0.008196114491321831, 0.0035386984539284914, 0.0017978436364756113, 0.01274777242639212, -0.005980223826524515, 0.021420231433963127, -2.89906618642356E-4, 0.020900589299251853, -0.001230190440350822, 0.018706957687160842, 0.0036931896823046368, 0.017612844644789682, 0.012986256070437846, 0.00669514533688457, 0.008030929291287715, 0.019135133181302846, 0.006473063719762363, 0.016080872483725663, 0.030139715987981146, 0.03198713572684665, 0.024414871292978, 0.030268603465696573, 0.02573661084805298, 0.030202192079618315, 0.0301044326397723, 0.02408053256115847, 0.02040626241477728, 0.016849983413339743, 0.012967312537918586, 0.00853228049121803, 0.004879308112317915, 0.0012703170964976777, -0.0025661755633584514, -0.004717645426103668, -0.008849782119533967, -0.010147398481604127, -0.01077589826615172, -0.012645795147718637, -0.006367461812109171, -0.005772594887397301, -0.007939116934872778, -0.009109729536471043, -0.012233880122768359, -0.015826874386514603, -0.024068044149630374, -0.022955227179890375, -0.024999870665071644, -0.021351820441580818, -0.021599275439569462, -0.014018119471993004, -0.012457121408374298, -0.002486822726040355, 1.8856568231665204E-4, 0.006647633395548869, 0.007864227963018278, 0.009943517703722591, 0.010081910789866587, 0.0115572111713296, 0.023600640178908207, 0.023818635297455468, 0.025417726332186797, 0.02476726085348496, 0.020998427135301062, 0.025979309709171707, 0.00816314954532997, 0.015794755328468697, 0.004920840295751028, 0.014958687546549205, -1.7852229313102073E-4, 0.009692926256045996, 9.046384838131805E-4, 0.007992015801480942, 0.01303681528301493, 0.010738636663952575, 0.012575400617849841, 0.013756568940827092, 0.012575725864276015, 0.013445234740867206 ], [ 0.010123656541610182, 0.012033242289028861, 0.00827448698414601, 0.011258276864801943, 0.006244861702075696, 0.009898913980155844, 0.0013476431677056106, 0.00579292145861816, -4.388834840391035E-4, 0.003356216532367566, -0.003300532748518785, 0.0014292630777563609, -0.005293385371537776, 0.002749500536725747, -0.004935430258398483, -4.989018688124889E-4, -0.0040908267488789065, -0.0012921709486812556, -0.004270551589083661, -0.0037292179780445455, 0.008961931167602051, 0.011877180732834485, 0.005326301364806213, 0.013431597039616277, 0.0030789524948744386, 0.016570608489540044, 9.810960105424951E-4, 0.01449696961172318, 4.8006350351408424E-4, 0.013098933435693341, -0.0029256298587959683, 0.010129223991517609, -0.0025193967303842888, 0.010060171117537412, 0.007066690852072458, 0.00505110995690178, 0.0019873689916087597, 0.007853848207094217, 0.002000673360253095, 0.004635856600456987, -0.0066836034987205395, -0.0052634647845270326, -0.008076542443875907, -0.0031645034294532216, -0.006935256032436963, 3.8520832463445837E-4, -0.0011374309061791604, 0.0026104333662520366, -6.930921011100827E-4, 0.0048262227842969995, 3.8612685412840015E-4, 0.004481551408767649, 0.0017319082473240552, 0.0041088403865900455, 0.010037896334168985, 0.004815742205939261, 0.005386070590335174, 0.0036562475603828743, 0.006770048890644404, 0.00415331705112082, 0.002380172735141422, -0.0013582220455491338, 0.0035323444589668304, 9.276901964253188E-4, -1.907997282361241E-4, 0.005594885995574593, -0.004057433898280727, 0.010342490985474618, -9.008268996326654E-4, 0.00990150301833869, -0.0018621946072576675, 0.008194641527987975, 0.0013124301956979744, 0.007671157990399729, 0.006626256773291297, 6.622124672755548E-4, 0.002897336403785188, 0.009644824925752112, 0.0010127458883062751, 0.007420224027347625, 0.017706976861548616, 0.019359729505646604, 0.014742065690503896, 0.01833813760073477, 0.015139395785925294, 0.01877287830449521, 0.017263782981354583, 0.015230587614644655, 0.011741771457004292, 0.010855603780365666, 0.007633335984033187, 0.0061819824482486265, 0.0030444278026910674, 0.001632128879342443, -8.525437963465887E-4, -0.0018574018171775494, -0.004335882339447115, -0.004929302680628227, -0.005529492147157648, -0.006351078377741432, -0.003650413292788227, -0.0031424996619938573, -0.004384449788958195, -0.00513216666341294, -0.006589149558272973, -0.009037518289986305, -0.013190495386306273, -0.013359702514461712, -0.01328763774308016, -0.012930328511783195, -0.010932721087220662, -0.008673634006303037, -0.005562961689735094, -0.0021281059571121854, 0.0010399084195000883, 0.0026898761546472185, 0.0043094170898708845, 0.004816660425208815, 0.004997786710366815, 0.005762863243999703, 0.01201223675682257, 0.012283474688341747, 0.012556826177328827, 0.012733395476044471, 0.009920990435627053, 0.013141746438392875, 0.0026914231393927717, 0.007098005592749957, 9.311243602114367E-4, 0.006033340305389565, -0.0018477501157459267, 0.002499604955306783, -1.9511999477793532E-4, 0.002601623261392527, 0.008060437539191603, 0.004820406021283494, 0.007270643864697778, 0.0074322289060183575, 0.006713935484629774, 0.007395170353557037 ], [ 0.015053092160690465, 0.019353447777262146, 0.011258276864801943, 0.019588076838462393, 0.007245011211658805, 0.01788910216919759, -1.1812270616078677E-4, 0.010853648947132411, -0.0015006054210902578, 0.006712829170786419, -0.004707228945720942, 0.0026000679284436503, -0.007476408269511335, 0.004142869886458329, -0.007331502588527492, -9.906014352758078E-4, -0.006583153616030443, -0.0022308582215057353, -0.007566212783238421, -0.006427641819296666, 0.019998212361732846, 0.02447248723327016, 0.014318402214529317, 0.027596515646301476, 0.011210512755900215, 0.033214767855183666, 0.007928934144139152, 0.029078176840636648, 0.007542509420868053, 0.026103062136513727, 0.0019383417769770414, 0.021783636074163025, 1.402570924698989E-4, 0.02097648222715147, 0.012496221833157848, 0.012813269006377576, 0.00466141879130334, 0.014284034078245706, 0.005667075817576257, 0.009223276116964, -0.007609120809679757, -0.006341171049349734, -0.009577213609472585, -0.003931236805359803, -0.006619777577374468, 0.0015531354411781534, 0.0039500849249925135, 0.00436768870820746, 0.004138607409406488, 0.0070333159405277165, 0.003503424769482317, 0.008082125000620628, 0.003955572319871593, 0.006219605895209833, 0.014617676587223018, 0.006779453029788151, 0.006471009012558457, 0.004110858664933806, 0.009193289121611558, 0.004965026799089421, 0.005307593549384124, -1.8980059269264405E-4, 0.009032333721109955, 0.004491013523995654, 0.0016921489801337297, 0.014625182947579494, -0.007335652427368267, 0.022949590293361, -7.29254754322946E-4, 0.02059581100273979, -3.0888208628894573E-4, 0.01832723543427328, 0.003796372077814584, 0.017033623860752235, 0.01313296406356864, 0.006517884756133893, 0.008265006652552025, 0.018898370269742452, 0.006662491882935282, 0.016240816719534805, 0.02901755223507863, 0.030635837918606332, 0.023175221632482312, 0.028914183495992715, 0.02539497797643509, 0.02859676096412138, 0.030939901350159595, 0.022199753290635973, 0.021389941311056926, 0.014951230208121873, 0.013439203982410497, 0.007257123273290277, 0.00535811244204792, 5.938474106954403E-4, -0.002732527484723038, -0.005719907488480823, -0.009941117488646706, -0.011395980194301764, -0.012158789389297483, -0.014058995334138439, -0.006131414929348484, -0.005059777214365105, -0.007853101163694316, -0.008210831614514755, -0.012392987866246041, -0.01504143606788725, -0.024697297220768338, -0.022131425717471113, -0.0253801162363351, -0.020009191780640482, -0.021404960679909196, -0.01249199509559653, -0.012454434977446357, -0.0011313772620035896, 5.176593186218784E-4, 0.008118042270413977, 0.008919094214346068, 0.011167317494775663, 0.011410151539165705, 0.012689012708853128, 0.023790525121300445, 0.024324763448973018, 0.025666947965857383, 0.02523990002974294, 0.020903767305045035, 0.026665480184809656, 0.007096862463723878, 0.015714812823757824, 0.004110251445384931, 0.01513424587897676, -1.2528213357409774E-4, 0.01077943805052648, 8.997665547994252E-4, 0.008861089147302005, 0.013236117934619183, 0.011713370062319541, 0.013295150523281925, 0.014500462461946126, 0.013481658834179885, 0.0142628667062923 ], [ 0.007214860872977732, 0.008328646968880943, 0.006244861702075696, 0.007245011211658805, 0.0052245641411525065, 0.006103842826534743, 0.0016998786061390846, 0.003268469369576346, 2.1312537047408212E-4, 0.0017726381140578153, -0.0020340024094034495, 8.681589415640113E-4, -0.0035544439973805896, 0.0018203868422886575, -0.003096010276975074, -3.9987284114397154E-4, -0.002206035326453932, -0.0011192071716493634, -0.00224808595031067, -0.0026230451805030115, 0.005643055961272316, 0.007337976452598122, 0.003231885513130677, 0.008237385880437454, 0.0016267106332262353, 0.010447869362367664, -4.0992363707906786E-5, 0.009375400759287545, -7.275782791477581E-4, 0.009122713794504427, -0.003353912536126022, 0.00697510215768255, -0.0020336245622781107, 0.006552858145460143, 0.005308937784425941, 0.002747181653569143, 0.002040218049501931, 0.005194280520459784, 0.001758216925103083, 0.0031520583021855874, -0.004954079274974213, -0.003884244258511857, -0.006053588939017711, -0.002056608194591849, -0.0056887143338844705, 5.799546435707126E-4, -0.001970103732087532, 0.002340985101401271, -0.0017811811464732898, 0.0039615021059724136, -4.876386073607692E-4, 0.003002600993296152, 9.622210534085149E-4, 0.0030359872799484277, 0.007054830330703582, 0.003446029438953598, 0.004163243159201447, 0.0028463700577080696, 0.0048946536834694925, 0.003143109909601012, 0.0012488093323972907, -0.0014057738289815055, 0.0017330335580197096, -5.8283640180679475E-5, -3.016860439229446E-4, 0.0024390109029449993, -0.0020295191519278917, 0.005724860734689297, 2.9711023667354616E-5, 0.006232235083759224, -0.0014192187776017546, 0.0051999506584298845, 0.0012388612293942136, 0.004854740092000165, 0.004570177193046322, -7.366992114480318E-5, 0.0020852618197737195, 0.006069820347411067, 7.587686791890446E-4, 0.004642932403021528, 0.012102887539315658, 0.013585520148563845, 0.010156055046656188, 0.012921989987989903, 0.009992780641857369, 0.01357924797034356, 0.010732384392598838, 0.011435154278753572, 0.0066709974964821025, 0.008548007054078145, 0.0041965003349886945, 0.005168091663861719, 0.0015110100851910445, 0.0016186187995845557, -3.7657971352181524E-4, -8.700545297374435E-4, -0.002408794508546763, -0.002850820673838973, -0.0032527999680333733, -0.0037875816928506626, -0.002491063168596345, -0.0025715198562264617, -0.002715490756333774, -0.004108417367549978, -0.00400890869430069, -0.006763476716584592, -0.00824748199736295, -0.009883674297250332, -0.007941877774608839, -0.009934876204711287, -0.006276761548852987, -0.0069074918378713, -0.0026098726334468753, -0.0022807117183980233, 0.0012395284521084244, 0.0011159694418998072, 0.0028854605046198575, 0.0028997948899371984, 0.0030262917949781584, 0.0035841695764632447, 0.007278179061393673, 0.0072622822009693585, 0.007564493776826273, 0.007563370791856128, 0.005873871824005325, 0.007651258594766941, 0.0014442064771939787, 0.003533934536522251, 5.133271828158183E-4, 0.0026299305975666827, -0.0013729196973599413, 3.4320292340611906E-5, 2.0851236920175738E-4, 8.129187746782439E-4, 0.005844444891329141, 0.0026384495228856356, 0.004982806024312902, 0.004748629595547085, 0.004351873951883906, 0.004803391715857822 ], [ 0.013484664989143656, 0.017426069604398877, 0.009898913980155844, 0.01788910216919759, 0.006103842826534743, 0.01669727275477037, -4.863124488881929E-4, 0.010349828303141276, -0.001295412443865232, 0.00643361818157702, -0.0040088837155103, 0.002650427210695562, -0.0066848095514157255, 0.004393713363644529, -0.007030132664309437, 5.476627999083371E-6, -0.006439769494685988, -0.0013815107629250633, -0.00719153053563018, -0.005384975712488448, 0.017831648928979937, 0.02263221153706189, 0.012319701785209502, 0.0257263460204031, 0.009460842408984321, 0.031059326645401113, 0.006649932840512759, 0.026932486723480836, 0.006579998227943581, 0.02356325839664276, 0.0020236488217246144, 0.018907837645138603, -1.0145666341881444E-4, 0.01944335945016944, 0.009664294462745582, 0.012289727559889434, 0.002995301359502758, 0.012839971836848181, 0.0041559923024297955, 0.008035624279989122, -0.006765144530503529, -0.005329980957197395, -0.008648454431680271, -0.003232161054764738, -0.0057898660658069635, 0.0016257108863750994, 0.004094645799258633, 0.0039575521810938825, 0.004337527297538772, 0.0060725320212365935, 0.00343669896285691, 0.0068239271285046, 0.0036023109308626006, 0.005243429618918227, 0.012920186396830678, 0.00546074967145673, 0.0053765419491266985, 0.0031775888772563573, 0.007718752665154159, 0.003937473622791528, 0.004531229311754051, 1.0170019068717246E-5, 0.007943366630983124, 0.0045358918627164, 7.281436072579799E-4, 0.014083930985439651, -0.008266465262605794, 0.021340739333247722, -0.0021962349677268843, 0.018243245412256782, -5.026780359574331E-4, 0.015278462713569642, 0.003377326472699121, 0.01481448413014989, 0.010913300400111797, 0.005676221025072205, 0.006889127959160319, 0.016681371936039312, 0.005274182339636812, 0.014493609687912105, 0.025809855395441922, 0.02718096541157018, 0.020450596748391035, 0.02572332534887995, 0.02305817451046962, 0.02546071053254267, 0.028794555988442924, 0.01985034716048843, 0.020204355027742912, 0.013337342989138776, 0.0126074831755143, 0.0063763377533426506, 0.004823562345845644, 5.158453971604183E-4, -0.0029614817623131026, -0.0054011370859590995, -0.009671637836955837, -0.010806650659142188, -0.011642128023476476, -0.013372707911491529, -0.005229726608504225, -0.004103401206665113, -0.006943652689028207, -0.006936315026898261, -0.01117890261859979, -0.013135672129235323, -0.0226735874905206, -0.01963869047817572, -0.023632508112972694, -0.017568770952262877, -0.020282009272692678, -0.010888790632166136, -0.01198210049202639, -3.516031785508075E-4, 3.13577673165692E-4, 0.00810336249061667, 0.008480244586218452, 0.010742269461980546, 0.010959089588099151, 0.012067992090079523, 0.021096332626642112, 0.021770266988822937, 0.022801266810233728, 0.02269191783606129, 0.018285173497873605, 0.023998166919222578, 0.005240010258807509, 0.013750512151566304, 0.002473536836170293, 0.013405392958806136, -7.432716593779379E-4, 0.009442576082718023, 5.6422560912313E-4, 0.008131557845285846, 0.011801841732109129, 0.010838552089229292, 0.012236847448857622, 0.013267075376266934, 0.012375077906473084, 0.013061250360975846 ], [ 0.0010716719921200011, 8.311502372139944E-4, 0.0013476431677056106, -1.1812270616078677E-4, 0.0016998786061390846, -4.863124488881929E-4, 0.0017808018423576771, -2.430805786069957E-4, 1.7090637301098627E-4, -3.30635020695457E-4, -0.0013875855386172138, 2.1108004629750743E-4, -0.002126535009866313, 4.647189662474726E-4, -0.0013396453453429, -4.333257845044779E-4, 9.633300813457915E-5, -0.0011661530047733324, 8.352525262875151E-4, -8.283810964339499E-4, -0.0019397722699010574, -0.0015950182533851103, -0.002174270324194243, -0.001837726452553043, -0.0030039358504902127, -0.0019960120684459977, -0.003309572167658291, -8.395416959999E-4, -0.004914942468193002, 0.0013164700044149735, -0.0064952880305590745, 0.0012045421039631192, -0.004615502590834588, 5.067506894009923E-4, -8.523148550090586E-4, -0.001448045635155124, 6.514698876864842E-5, -1.4533824883935413E-5, 1.5941093874002822E-4, -2.2281713786254846E-4, -0.0019695278519291813, -0.0016462265207568402, -0.00188868833814617, -0.0010923584882731661, -0.0028607056878076796, -0.0010379417382476016, -0.004364814241041657, -2.6775847939165543E-4, -0.0035354826272537307, 9.855441006869602E-4, -0.0014191225061617923, 4.543583748876698E-4, -3.0977989079285554E-6, 6.485247093358187E-4, 0.001605259917367366, 0.0015326009520485121, 0.0022395598390383296, 0.0022733518354707363, 0.002108121131725979, 0.002238820952999123, -0.0011928995216847352, -7.619129691097204E-4, -0.0023319015756599107, -9.150127684369126E-4, -9.222561494760703E-4, -0.0026555379392083976, 0.0015693379283811858, -0.0030857680422320542, -4.926619964951103E-4, 6.933547619984563E-5, -0.0036777953749556587, 7.732026632503196E-4, -0.002582822005250409, 5.292160051099054E-4, -8.475834401327045E-4, -0.0017049151474031348, -0.0016022292658202483, -4.6467697566887004E-4, -0.002298132766685352, -0.0014957481309959518, 0.0017379199318650277, 0.001813143930213706, 0.002364658308854745, 0.0013419032457298583, 7.72154546719062E-4, 0.0013174768366413718, -0.001779413593111537, 0.002094399998943876, -0.001487907406101357, 0.0025332410678579743, -5.764804256085717E-4, 0.0023525215318598047, -3.72261428185528E-4, 0.00181641757355206, 9.490406942591935E-4, 0.002540551378674672, 0.003140869775041356, 0.0031414574630816193, 0.003835877321281554, 0.00363535532990573, -2.468323511535881E-4, -2.888966805542026E-4, -3.6005238914092665E-4, -2.062374477026914E-4, 1.990422531869345E-5, 4.8820262077761467E-4, 0.0016705423319903277, 6.828249342002983E-4, 0.0016261480493073059, -6.699393571757204E-4, 0.00102293788842197, -0.0016027916625430765, 7.507198598038045E-4, -0.0020188271430997464, -6.602483223954087E-4, -0.0032115849958568913, -0.0028270016901708246, -0.003243703195655291, -0.0034755473375695, -0.0033695850637844743, -0.0010049709440355706, -6.863572436920005E-4, -0.0016179199419764836, -6.585064430950521E-4, -0.0011027009879245383, -8.708055157281543E-4, 0.0011191170885300993, 0.001100713375599377, 5.496317646996535E-4, 3.6315513202432397E-4, -0.001193251060635805, -0.001241847693117418, -8.98015686463165E-4, -0.0016353351218683899, -7.506323953686923E-4, -0.0024518073603974357, -0.001899283935317899, -0.0015686929150592797, -0.0025734639011753026, -0.0017783051721259005 ], [ 0.008073604347556334, 0.01044556285643416, 0.00579292145861816, 0.010853648947132411, 0.003268469369576346, 0.010349828303141276, -2.430805786069957E-4, 0.006986689076447313, -0.0012954815667264234, 0.0042760068151125085, -0.0033735875025822613, 0.0018957085495463397, -0.005264843554096186, 0.00317010693178865, -0.005371516526602086, 2.072145155976421E-4, -0.0045817367843066625, -8.493235442606027E-4, -0.00458909901400178, -0.0032157294451887666, 0.008717458842486602, 0.012385406383207826, 0.005097848039086736, 0.014344081602417505, 0.002890655715353995, 0.017344552411282986, 0.0013408785884595977, 0.015381191754283865, 5.918653561507955E-4, 0.013810217884205117, -0.002342865684610477, 0.010620433274154621, -0.003631720815033707, 0.011595287953233523, 0.0030918354485669165, 0.006849847944597398, -4.4253746335247174E-4, 0.00738088606520441, 7.772134913794194E-4, 0.004015847262334727, -0.00494284199129688, -0.0039567931638327366, -0.005811597158450099, -0.0028760277561337907, -0.004160241484020165, -3.818175929588065E-4, 9.421582320395167E-4, 0.0010923110474401127, 0.001917041670784624, 0.0029164949647464615, 0.0020353139723265283, 0.0039056673575888316, 0.002238226716755909, 0.003009782100787778, 0.008148432438998954, 0.003913557988948217, 0.00366418212619323, 0.002853963293414129, 0.005222632397538177, 0.0032759843450329115, 0.002049855538331734, -1.32035934597786E-4, 0.0034590378204873307, 0.002706030789710829, -7.42779550105483E-4, 0.008048745101651949, -0.005865395637754752, 0.011779576053714548, -0.003820083603051426, 0.010597855296296322, -0.0033128727765897024, 0.008461188587596034, -8.395632189422218E-4, 0.008317894588445703, 0.004534925120396914, 0.0018431057785528065, 0.0014694612284609633, 0.009408922953057947, -1.2175718216417774E-4, 0.007194525018834273, 0.01571576869355018, 0.016179925785476508, 0.013058285501175904, 0.015136651945053438, 0.014289736344956854, 0.014657573109338868, 0.017141865394740954, 0.01170356130644792, 0.012923079222329083, 0.008127129073426168, 0.00862125962698544, 0.004162665520176787, 0.003384370348447028, 0.0010204515915373208, -0.0014927981772979448, -0.0017866441524647416, -0.00434424420304863, -0.004759216872645492, -0.004912736995505741, -0.0060053980212270205, -0.0028825764716380207, -0.0016040108162864697, -0.004353128543142177, -0.0029313127276439604, -0.0068020822077076186, -0.006071850350013989, -0.012813757484022581, -0.009464052395114612, -0.01425551646555216, -0.008644243672312086, -0.013145727983010187, -0.005801405726044021, -0.008387768371921097, -2.788027451885853E-4, -0.0011198985742344586, 0.003530023069783033, 0.0030037953152393234, 0.004527740320568981, 0.0044743175686642695, 0.0051335534046524234, 0.011974765440501226, 0.012850125822283278, 0.012559807090407545, 0.013450684626068236, 0.010103554908632652, 0.0142641421201973, 0.0032247965255735142, 0.009665227461364575, 7.804287155702891E-4, 0.009322005045636872, -0.001982493285835676, 0.006147887349471806, -0.001309754502666493, 0.004567420510256256, 0.005424599619866602, 0.005274920845108003, 0.005359370423105223, 0.006892792465102774, 0.005308700893849805, 0.006467447669582104 ], [ -0.0010300942854308609, -0.0011753092064399854, -4.388834840391035E-4, -0.0015006054210902578, 2.1312537047408212E-4, -0.001295412443865232, 1.7090637301098627E-4, -0.0012954815667264234, 0.00158321727302835, -5.704506232060083E-4, 0.002491384252943652, 4.596023404365986E-4, 0.0023390888706738546, 7.686654283872934E-4, 0.0021370646731600847, 0.0014035885818538133, 0.0021321277347459006, 8.42270677624477E-4, 0.0018991025763239197, 0.0011508066723832431, -0.0024321018197069042, -0.0022070980716724265, -0.0026989595007923285, -0.0019132113349383693, -0.0023720946815658167, -0.0011144145082125569, -0.0024814100706863395, -0.0012930031984098758, -0.0021310048760994314, -8.240125686353918E-4, -0.0012901493226186128, -0.001523604740079668, 9.553061689433838E-5, -9.894952762013398E-4, -0.0015466587147052238, -0.0013673661438546516, -5.201970367790899E-4, -0.0020801871131933924, -0.0010582710381172949, -0.0016312314363323623, 7.577167685282719E-4, 0.0011357824195235228, 1.0480217837841428E-4, 0.001625606699823487, -5.0485750045770245E-5, 0.002016095726825314, 5.715263382024883E-4, 0.0017197800868641463, -3.153303059221067E-4, 4.149589695160065E-4, -9.82868917103478E-4, -0.0011873301099469102, -7.118809689099578E-4, -2.874885808427233E-4, -0.001587196584579858, -0.0010394959976680813, -0.0014577125152064685, -8.45101428280247E-4, -0.0020942550902934226, -0.0011707475140823903, -0.0013834961138015304, -0.0010066956267758634, -0.0016906321222261874, -0.0010435977175675102, -0.0023137318274473718, -0.0012943986065400927, -0.00272730148360729, -0.001804030002416031, -0.0016054915352521687, -0.0029788808379249384, -1.5374627402471965E-4, -0.003949780859710101, 3.8357931117569913E-4, -0.0034902699237327017, -0.00233109096011094, -0.002592179121958878, -0.0011484894983078407, -0.0036575517718973167, -8.004190456979514E-4, -0.0022951318446797347, -0.0034515161814187953, -0.0025204432251402175, -0.0035216892956441304, -0.0017086729821059025, -0.0024119765282734408, -5.046912574466429E-4, -0.0014487948174101766, 4.999712738943459E-4, -0.0021992350906048248, 0.001179799651363391, -0.002284816319934632, 9.333817350254011E-4, -0.0014125372761437452, 4.300842293796397E-4, -6.613067190753623E-4, -9.279218970083207E-4, -0.0012778260423072201, -0.0014308575540221526, -0.0018459117088090932, -0.001860612546249874, 0.0013213442692870826, 4.5541686904990923E-4, 0.002072362249888686, 3.982957861281642E-5, 0.0022912073740073303, -3.498444736342565E-4, 0.001529999315870161, -0.0010535836238507051, 0.002016436462967749, -7.285899523252766E-4, 0.0020220066584015787, -3.75565946471401E-4, 0.0021201046221268954, 1.1927714019799958E-4, 0.0016507558942849183, 0.0011874633606384344, 0.002303362110396122, 0.0019250537444290977, 0.0021201715219291966, 0.0019695658133477255, -0.004524474665757039, -0.005037580477147696, -0.004421706187919534, -0.004979836815965576, -0.004824334150272379, -0.005302342752016319, -0.005563710447135429, -0.007078475853297131, -0.004086961181188606, -0.006204936958729289, -0.0013254416453580228, -0.004479648925718266, 5.194947992898113E-4, -0.0014109954845726211, 3.925474760267893E-4, 5.780608392037047E-5, 8.379948923417705E-4, 2.2797477346760543E-4, 6.945717184663235E-4, 4.845422158077599E-4 ], [ 0.004730303627620544, 0.006119527311087854, 0.003356216532367566, 0.006712829170786419, 0.0017726381140578153, 0.00643361818157702, -3.30635020695457E-4, 0.0042760068151125085, -5.704506232060083E-4, 0.0032495614469685557, -0.001959249128838714, 0.002163558573953276, -0.0033304178006828724, 0.0031940701038126653, -0.0031488140768612463, 5.438015965042796E-4, -0.00231754320374897, -5.812968008293399E-4, -0.0022516140919692064, -0.0018934287461485472, 0.002705009925891409, 0.0063823987936870216, -2.3831272416622E-4, 0.007938698610797575, -0.0016661584830160346, 0.009982253437773881, -0.0020492597583000485, 0.007832083527782264, -0.0016601161141652243, 0.006741840288300973, -0.0035184728876451847, 0.005840441245341662, -0.004437644500434999, 0.006506021392345472, 0.001052220806862257, 0.002299565631118195, -7.62432647626826E-4, 0.0027603539633955995, -3.1331940936257433E-4, 8.329457476801549E-4, -0.003591614912939806, -0.00221964085994076, -0.004447186283174889, -0.001601659734759915, -0.003297435726103764, 2.3074800841511785E-4, 1.9834038880609157E-4, 0.0011038001528917982, 7.021393108508678E-4, 0.001971616559313348, 5.290140879058509E-4, 0.0026972989226434034, 0.0012482063470901407, 0.0020782367152429363, 0.005471098065750524, 0.002947843794741436, 0.0024882206999808478, 0.002466287573572244, 0.0033531012057495, 0.0026026653671027953, 3.92999802406511E-4, -4.861972411930823E-4, 9.186507178715998E-4, 0.0014913623809442854, -0.0024158186510848997, 0.004927000046077994, -0.005915792475778099, 0.006391415899148949, -0.004224424341556022, 0.005051492562218688, -0.004091847700609904, 0.004319336642352065, -0.0030072338923695036, 0.003590819205820676, 0.0013292254186828012, -0.001900978337360349, -5.888261227153996E-4, 0.0033502967793431256, -0.0017165909557260322, 0.0021836759275911397, 0.0085399844108807, 0.009073664064034469, 0.006974543176796234, 0.008510212255830329, 0.008439355817313667, 0.008323946337950458, 0.010842320316932344, 0.006814875114165386, 0.008228353169445878, 0.005061010638363776, 0.005381936825185354, 0.0029496952413853483, 0.002385351278106827, 0.0011068311012894171, -7.085709668244387E-4, -0.00128636715296512, -0.0026945406087074348, -0.0034018946045231498, -0.0033397187178394318, -0.004264102119645902, -0.0012786533226806064, -4.663374124589172E-5, -0.002114800019155883, -7.869445338035938E-4, -0.0036750073133642084, -0.0028161487616333238, -0.007621195553052538, -0.005269752868223761, -0.008135248250187153, -0.004762699806724212, -0.006923239542084741, -0.0031103967892852423, -0.004271755613362652, 8.8098835790636E-5, -7.155627294997953E-5, 0.0023843076032277577, 0.0024958568076658156, 0.0030741886519920747, 0.0032501696399504965, 0.0034124676645908045, 0.0053684471550799065, 0.006296677264646998, 0.005532815677513801, 0.006549682528218526, 0.003574419150932891, 0.00707757625495126, -0.0011870066812935706, 0.0034226022933239175, -0.00206309430608734, 0.0035659095191867816, -0.0026550598719378895, 0.0028279213371294105, -0.0015011662397811725, 0.002468076863070235, 0.003614475561141127, 0.003163496726776816, 0.003769257868329284, 0.004508268657509391, 0.003568918823796649, 0.004334416963554178 ], [ -0.004566288143708235, -0.0048513748202727545, -0.003300532748518785, -0.004707228945720942, -0.0020340024094034495, -0.0040088837155103, -0.0013875855386172138, -0.0033735875025822613, 0.002491384252943652, -0.001959249128838714, 0.0063818736814165, -5.920713841270006E-4, 0.007490822453467781, -9.542211214280996E-4, 0.006617902901594487, 0.0020609157594229936, 0.00484461558927712, 0.0024656599068398695, 0.0034425303643741386, 0.003314460606595587, -0.002892922230703863, -0.005019042195896743, -0.0018003330927058247, -0.004843127924513551, -6.988864226570421E-5, -0.00392650240985154, -3.762236547807363E-4, -0.0038050345303092654, 9.947489177279528E-4, -0.004169703807355375, 0.004509467047492584, -0.005090604121139458, 0.006013730176952851, -0.004819229486455412, -0.0016645687506985638, -0.001987675837648723, -9.6926839590709E-4, -0.0040775929333895875, -0.0021995960089140967, -0.002492008399595306, 0.004581922941380274, 0.0038213585028067138, 0.003877698372500241, 0.0038746191468124478, 0.004250166079840998, 0.0037702137610220753, 0.005297924018560946, 0.002156234377414147, 0.0028579611604412415, -0.0016211101357864342, -2.5238324546578497E-4, -0.003543345236010609, -0.001706753342245554, -0.0018068866413787897, -0.00671590634598166, -0.0037635721495748045, -0.006331095475081218, -0.0042139152065673955, -0.007200150570217201, -0.004963087596630169, -8.840804107555513E-4, -8.227838011761898E-4, -5.471552890989396E-4, -0.0015433502490531767, -0.001800340840623802, -0.001281999870256413, -0.0037906002472883897, -0.0018616204317391648, -7.090363468717549E-4, -0.006282124203769393, 0.004590765712860009, -0.008605212212169715, 0.004078924716378398, -0.007859294771803345, -0.003496366977092184, -0.0020417554753517464, -8.134970811671076E-4, -0.006210157682150335, 7.686075134417271E-4, -0.002822107147330199, -0.010494161757718464, -0.009156517506110141, -0.010491968368019642, -0.007057917335743584, -0.007796731067782959, -0.004862944128534859, -0.004819402002091016, -0.003457948061230304, -0.005414141022809803, -0.0021726547097914396, -0.005303831100115232, -0.0017318098236923335, -0.0027860786260708627, -0.0014807445967650787, -0.0016515473414560997, -0.003493637425859153, -0.004101724028397662, -0.0040766806950470885, -0.0054423554140557336, -0.004917496655444355, 0.00306832694535479, 0.0010901596014740388, 0.0047405839587336025, 6.009360529872211E-4, 0.00529311502786209, -4.3512504862837625E-5, 0.0038919635003302733, -3.210219344017046E-4, 0.004727330619223586, 0.001601856517174621, 0.004579900518966685, 0.0023807088483851348, 0.004113458046073041, 0.0021182197173766995, 0.0031502373971115, 0.004208731405627341, 0.0053590761594798485, 0.005156081392468666, 0.005490854688182789, 0.005158412032311573, -0.008293917540028383, -0.010033599225444929, -0.007622365979227659, -0.009979000675461251, -0.00794407957255667, -0.010423214147844076, -0.009480840822281724, -0.013600372743611687, -0.006336161964139886, -0.011316805874311575, -2.1110432267819508E-4, -0.006555693673265697, 0.0019559329168695994, -0.0013061239616883789, -5.775247149444177E-4, 0.0015022202056362384, 8.834592333517796E-4, 4.4536471784508726E-4, 0.0016102618267557255, 9.156397807213714E-4 ], [ 0.0017746353254149705, 0.0023202403907608016, 0.0014292630777563609, 0.0026000679284436503, 8.681589415640113E-4, 0.002650427210695562, 2.1108004629750743E-4, 0.0018957085495463397, 4.596023404365986E-4, 0.002163558573953276, -5.920713841270006E-4, 0.0026937523253481115, -0.0019234431174488672, 0.003758404966883205, -0.0013343407022259636, 0.0013878290454031094, 5.8596313987686226E-5, -1.5695584846644228E-4, 5.309851530144027E-4, -4.158155542205444E-4, -0.004919047502363972, -8.596984942300692E-4, -0.007498362008103608, 4.047093882311461E-4, -0.008607012245459119, 0.001755384658322496, -0.008158548669772323, 4.634516962310338E-4, -0.008086713819398865, 0.001327606694912015, -0.009277332902473755, 0.0012427379231383885, -0.0087078580633023, 0.002346548566256853, -0.00385901897409706, -0.002249886864877484, -0.0030199680666485873, -0.002014130998908485, -0.002773153589083597, -0.003106727951128837, -0.003089507955445545, -0.0013453711701930126, -0.003947699359974059, -8.001829181967237E-4, -0.0035969700217288116, 3.1843717127426894E-4, -0.0021270806312844743, 9.095350179011357E-4, -0.0015908036008184948, 0.001266043880542823, -0.0012843901904371516, 0.0011597101679488378, 2.0772177766419195E-4, 0.001331193291366966, 0.0033170696135318106, 0.0025454794493720277, 0.0019484377484284623, 0.0028874484248199235, 0.0019789978870053495, 0.002709682715579852, -0.002491844529386333, -0.0018578276905059493, -0.0035238948910893838, -6.387995761533916E-4, -0.0057190125280652745, 2.358472482529446E-4, -0.00711336328227877, -6.70385452812413E-4, -0.007160779116249381, -9.028818192025348E-4, -0.007955165543161159, -0.0010843236533810648, -0.007213256680116547, -0.0018265172486672772, -0.004208253735579857, -0.007227122185893519, -0.005181485164984008, -0.0036438615044222977, -0.006159373115674862, -0.004371274736305763, 0.0020455760278654993, 0.0028690030556476937, 0.00185185955463042, 0.002954147625904048, 0.003192484506727297, 0.003398422138036013, 0.0045348125809280175, 0.00400109637262703, 0.003639632766302686, 0.004328790969421423, 0.0024832814778439722, 0.003353056388170639, 0.0011276894052000268, 0.0023169007696437123, -6.344433873423569E-5, 5.215400828907811E-4, -5.932245675228199E-5, -7.450722925933944E-4, -3.1657420546106415E-4, -0.0