{
  "weights" : [ 0.7625662283925193, 0.7708854082181856, 0.7730542640001882, 0.7879901735858935, 0.7822748702026099, 0.7865810408450625, 0.7886809643333369, 0.7917015272542706, 0.7844380774960462, 0.7757142795016425, 0.746885596911687, 0.7495419352209066, 0.7433256725204901, 0.764640509277934, 0.7157763964357718, 0.7430735241387583, 0.6927078993621121, 0.7071285043102319, 0.6717566273070834, 0.7003904429291802, -0.5028765850573931, -0.4938767923949466, -0.49281049484318806, -0.46109848140321547, -0.4673903606841484, -0.4477777910150358, -0.429461934850214, -0.39813305578310554, -0.38879935815794553, -0.3506450665880219, -0.35816617801717204, -0.3119167169840148, -0.3269821091183186, -0.33380213323301766, -0.3315585281773902, -0.41279286874877674, -0.32645426757293977, -0.43537963315385386, -0.3651437909133862, -0.40768721785411444, 0.36724231138870295, 0.3716517870892946, 0.3645936229011517, 0.3829635843655726, 0.38508611262958403, 0.40436655106160596, 0.41694589494959655, 0.44392476628658156, 0.45442491668362767, 0.4979465250494606, 0.5214579555621474, 0.5287556946030171, 0.511031443074354, 0.4731912112320664, 0.5066577869108966, 0.45150971695627956, 0.5088823455889061, 0.4853781671346242, 0.5221785373480008, 0.5044462145015777, 0.16619086714592493, 0.14661876914397118, 0.15402206332077814, 0.13354882980801908, 0.1287354591727744, 0.10944300936015972, 0.09095677946957625, 0.07751111098649603, 0.04800084257732831, 0.04980797353411527, 0.02176934268334901, 0.09479184276943739, 0.08177924353670052, 0.18774746716097118, 0.17377940856488805, 0.15113824422432892, 0.24691732404741776, 0.14212591657015394, 0.20654722206075507, 0.17987928270091091, 0.6118557202113153, 0.6171926278536665, 0.6156681590625552, 0.6308722222323248, 0.6308913381689659, 0.6400659029370536, 0.6607910138872168, 0.6687139655276234, 0.6896948145934785, 0.6783975367320019, 0.6796723257049582, 0.575851566748864, 0.511248044899673, 0.27971785971633156, 0.1674209443408195, 0.1298908150618702, 0.12337847093668292, 0.11755828497375526, 0.11815397307083123, 0.13384582199127545, -0.1906729743556521, -0.19062603813933354, -0.19730784766851908, -0.20070046890827153, -0.21332021630963943, -0.22168594276500075, -0.2273944614784845, -0.24198428679343514, -0.24509032199132313, -0.25439178631313597, -0.27347272673303613, -0.2814065084351064, -0.29411521747213876, -0.281261276609306, -0.16816252880053012, -0.11901172999259514, -0.07849583923128572, -0.1006933740475924, -0.08289110581753883, -0.10429678820414708, -0.4013595673454552, -0.40599348886309755, -0.4091828117834611, -0.41614836252434206, -0.42066359947147297, -0.4304482246689749, -0.43869127500853095, -0.4397246542261049, -0.44759354746863855, -0.43409457924510364, -0.4164026018535434, -0.3562529610161894, -0.3041518317280616, -0.19227726085254235, -0.0743676859590316, -0.05699972383193546, -0.0036447997302763097, -0.032145748886312296, -0.014328195162566813, -0.03616423455238254 ],
  "covariance" : [ [ 6.053055417093138E-4, 3.9585668144839396E-4, 4.46927060135766E-4, 1.8730370408849784E-4, 1.4905988643367608E-4, 3.313534636470959E-6, -2.2888971899465678E-4, -4.2127858475344643E-4, -5.972766617724906E-4, -6.014192832698184E-4, -5.945353265785168E-4, -1.4023298951214291E-4, 1.249086656663258E-4, 7.143589353516708E-4, 4.82467568084062E-5, 0.0016587827944493014, 0.00113718132159733, 0.001208813211104929, 0.0016855841756339383, 0.0010910369379250897, 9.239578849636786E-4, 5.649860582113848E-4, 8.636729984968807E-4, 4.8794683107207916E-4, 2.4363530006812895E-4, 4.398965822350499E-4, -3.0595082042325996E-4, -2.4442981771168905E-4, -0.0011865246336973854, -6.166149526119777E-4, -0.002664556414153924, -9.125104749173089E-4, -0.004180630387933969, 1.901040052539219E-4, -0.004998993028634142, 0.0018774957047929313, -0.003904942220238988, 7.940451959230214E-4, -0.002411612927631774, -4.0696267436481483E-4, 2.1974565926771836E-4, 3.9455984073895276E-5, 4.592769533130174E-4, 2.4989059121038957E-4, 2.7225303236871163E-4, 4.029202606445137E-4, 3.3352304563338125E-4, 2.9846942699882453E-4, 1.5680197898156582E-4, 2.992776263179913E-4, -6.334105656701937E-4, -1.7297700744218575E-4, -0.0018087955459208176, -2.58941733202894E-4, -0.0011605427629621952, -8.570985104282298E-4, -0.0011921326043351844, -5.851006884303567E-4, -0.001326600349655507, -8.797783952025148E-4, -4.841883424213481E-4, -4.6572333303056886E-4, -5.305012482851201E-4, -4.4169304933808695E-4, -7.634900922885621E-4, -3.890776801365772E-4, -0.0011253041130769676, -5.382717104624899E-4, -0.001240347757979439, -5.582433466010409E-4, -0.0017963964791792007, 9.211700091342451E-5, -0.0037593194665198177, 2.8043104639142785E-5, -0.005896092588622275, 0.0013790298765856074, -0.006850365629853616, 2.0101127258397565E-4, -0.005264989735157474, -0.0015191008259743933, 2.8196280716765424E-4, -1.2508214853829553E-4, -2.15573856962673E-5, -3.9727698604183034E-4, -5.181580689633845E-4, -6.970452086361241E-4, -8.575666207840235E-4, -0.0011735398231241354, -0.0013720574495036018, -0.0016695878968998423, -0.0015464497472859606, -0.0026435721902290294, -0.0013754566959052383, -8.562038176569816E-4, 0.0010654666436467025, 0.0011492758744738492, 5.06280007058528E-4, 8.675355429529775E-4, 7.351063760610549E-4, 7.819683815586883E-4, 3.853428738379916E-4, 2.930763634086266E-4, 2.140411052827995E-4, 3.089508229199016E-4, 2.688768588408365E-4, 4.811526050410468E-4, 4.507472157654067E-4, 7.805200481094317E-4, 6.930351790089989E-4, 0.001172849268294814, 8.737457522887668E-4, 0.0015103295447406171, 0.0016346779643883586, 0.0025383986987095805, 6.041981852244882E-4, 3.338894345884556E-4, -6.694402865049928E-4, -1.9310216660282275E-5, -3.4038922487449643E-4, 1.7534123423691374E-5, -3.590549541407429E-4, -5.38592011034013E-4, -3.2962481639364137E-4, -5.779683066682448E-4, -5.014342365470367E-4, -7.959487279048185E-4, -8.630899091460233E-4, -0.0010843902156197351, -0.0013720062888338243, -0.0015300299651712164, -0.002003733298778473, -0.0014851109734220662, -0.0027096828807615324, -0.0018116818341735673, -0.002621059126638989, -0.001377502499366111, -0.00139376737503009, -7.587532305530404E-4, -0.0015111881838005456, -0.0010196572605778195 ], [ 3.9585668144839396E-4, 6.977699595460905E-4, 3.440029756148178E-4, 4.2843133789008E-4, 9.603245558688823E-5, 1.7111252856451292E-4, -3.873525230071995E-4, -4.104240719971312E-4, -7.480983660058808E-4, -3.5995010575511717E-4, -6.44002224389177E-4, 3.4526803512973503E-4, 3.869575244859659E-4, 0.0012254583671325683, 8.13876842864495E-4, 0.00111875829691749, 0.0014778380127812062, 6.683282926722558E-4, 0.0018879036134137835, 8.761563848183129E-4, 6.921489536246192E-4, 0.0010549507999510505, 7.791699955066999E-4, 9.125429820498625E-4, 4.5121103145836827E-4, 5.360409868432055E-4, 2.2706527393359145E-4, -4.2840820309660694E-4, -6.546429447317931E-4, -9.408262307144857E-4, -0.0019856389375712586, -0.001574945527796359, -0.0033763175175652695, -0.001009403280152056, -0.003987429775953523, 7.525305810981315E-4, -0.0035274374554083825, -3.486389574374859E-4, -0.0022308300741263683, -0.001095025771946082, 2.6914485377790533E-4, -6.364660800689649E-5, 5.2920461278894E-4, 3.156915477943614E-4, 5.582467323128311E-4, 4.1985220952177733E-4, 0.0010453455381229052, 3.3033290034307323E-4, 8.020213142459386E-4, -3.951701548748703E-5, -7.243598928356808E-5, -9.188977739702141E-4, -0.0014468977819331558, -0.0016270900124958619, -0.001648987136327021, -4.7469753657991814E-4, -0.0011830175681336074, -4.952323927582552E-4, -0.0012579123255399604, -8.554329486908705E-4, -2.7363482044419856E-4, -2.2434979637583864E-4, -4.6585015980309623E-4, -5.446730713787582E-4, -6.876325774779711E-4, -8.313249776462334E-4, -0.0013035618887825094, -0.0011230778678520254, -0.001734483111714448, -6.60828547047994E-4, -0.0021288763262499906, -6.308523364939652E-4, -0.003228716573737401, -7.957976086429E-4, -0.004164741679874964, -0.0020143132565320814, -0.0052107916048159285, -0.002380173974315541, -0.0040828152154342755, -0.0028186666579401035, 2.937327658277028E-4, -8.284985919343721E-6, -6.110989193903096E-5, -4.3978095610317533E-4, -6.640338367125039E-4, -7.025320144786381E-4, -0.0010936516305310505, -0.0012014605470259973, -0.0015824656216079421, -0.0015161543052388288, -0.001919979714332387, -0.0016531592478867762, -0.0016224451676944381, -3.7955176802501815E-4, -3.5143738671006026E-4, 0.001110688078149917, 6.886470116356565E-4, 0.0010056007145836888, 7.869493488500811E-4, 9.015509164908338E-4, 2.4112266935207558E-4, 2.943403818721356E-4, 1.7005069983553933E-4, 3.277763656246674E-4, 3.06888875746354E-4, 5.178470843226589E-4, 5.887399484328436E-4, 8.299928094211903E-4, 9.015206888460916E-4, 0.0011801197549640343, 0.0011372995163205831, 0.0017365583819205924, 0.0019232913147216825, 0.0024753970326571346, 6.648957606335927E-4, 9.426442932229139E-4, -4.464834472634963E-4, 2.611198399521701E-4, -4.1544605376065747E-4, 9.203486058324866E-5, -3.649369688930194E-5, -3.5300105843720725E-4, -9.522753262829482E-5, -6.652235202206827E-4, -3.828056583348612E-4, -0.0011459858677533, -9.158973114273584E-4, -0.0016118501986247765, -0.0016499127317357314, -0.001955158968039732, -0.0024845783254528065, -0.002234221563595513, -0.003204074239993886, -0.002221875508313454, -0.001669921349191166, -4.180307649123981E-5, -0.0017125606912408624, -0.0010001220808237739, -0.0015306299755698883, -0.0011970011836393945 ], [ 4.46927060135766E-4, 3.440029756148178E-4, 5.112084245435499E-4, 3.929596653941697E-4, 5.184341624135662E-4, 4.930582928205737E-4, 4.8241905615409086E-4, 1.629603296883485E-4, 4.333667616736343E-4, 7.09700246888133E-5, 3.2615359910147235E-4, 5.156133076780864E-4, 6.588740207336324E-4, 0.0011137599533898777, -2.433056704201085E-4, 0.0011400192800163544, 5.696796800036736E-4, 5.842881580194292E-4, 0.0010739326623130272, 6.25243342539871E-4, 5.65703573220796E-4, 3.745669701494735E-4, 7.126647813210231E-4, 5.29600173749171E-4, 4.479042856827221E-4, 7.273937475335309E-4, 2.6304562908315926E-4, 9.720051982154816E-5, -3.0737473820115E-4, -3.242222745970849E-4, -0.001876011203070808, -4.6501440425219767E-4, -0.0032935153039393666, 9.041052391019367E-4, -0.003727286693530454, 0.0022077179111547342, -0.0031088730085790314, 0.0010026289782754595, -0.001618043476851128, 3.500996591636202E-5, 4.397212109073969E-5, -1.4556283913585747E-4, 1.5277473693417823E-4, -1.7977205105760912E-4, -2.2368640168612424E-4, -2.6431562513353044E-4, -4.400659295372309E-4, -4.597800701226202E-4, -8.253295743391405E-4, -6.297141963923707E-4, -0.0014367817196447286, -0.0011265875654886696, -0.0022571775772060538, -7.711376566308526E-4, 6.187855327406395E-5, 2.5825999094473796E-5, 6.114144148789961E-5, 1.42445765821919E-4, -1.5822137437374438E-4, -1.579987270016395E-4, -3.898663390089191E-4, -2.750235763477675E-4, -5.196409525032855E-4, -2.615272231278887E-4, -6.861897260313757E-4, -2.590504440100363E-4, -6.462353488073651E-4, -3.3215009804700446E-4, -3.3330870478848434E-4, -9.207698768061288E-5, -4.923370651036166E-4, 0.0011491549337543918, -0.0023257492614246976, 0.0011382886762717741, -0.005384393253801131, 9.407986326943007E-4, -0.005951283556272599, -3.256786341887454E-5, -0.004054820910422901, -0.001371639599586218, 9.224339243799978E-5, -1.7336739965673648E-4, 2.4264949529382998E-4, 4.3084855120870567E-5, 2.7025276803953774E-4, 3.269475335259065E-4, 3.306552997257901E-4, 1.509302243231506E-4, -5.546770127473803E-5, -4.742063912290038E-4, -7.174225873683652E-4, -0.002516053277791024, -0.00143955978783487, -0.0020373642635249764, 7.19970635035976E-4, 8.52143154395779E-4, 8.466245609902849E-4, 9.096255396980918E-4, 8.541679583751894E-4, 8.659203954038586E-4, 3.444331409796878E-4, 2.2147104753696034E-4, 2.751199375516868E-4, 2.2483857081288079E-4, 3.2186611669555364E-4, 4.5265209634824807E-4, 4.370100298916448E-4, 7.180257087609657E-4, 6.109450058132239E-4, 0.0011177843266418383, 5.998869397428193E-4, 0.001431885724315496, 0.0012378155713701675, 0.002549001684582433, 0.0010497770580674846, 4.4054283297158373E-4, -3.5283714274916584E-4, -1.0228930482718682E-4, -2.815611367483432E-4, 7.060439229773849E-5, -3.135036747390276E-4, -4.7868898647990694E-4, -2.355087599793531E-4, -3.768559064462815E-4, -1.922846431569001E-4, -3.3693840839144355E-4, -2.7506246107669746E-4, -2.5322818151719356E-4, -3.472547888816685E-4, -2.742745833351185E-4, -3.762208168381511E-4, 4.119712420633249E-4, -6.779191590813939E-4, 7.622727172982865E-4, -7.345636381670331E-4, -1.7222808757550332E-4, -0.0010067840032477403, -4.977262293337054E-4, -8.991702051846988E-4, -6.547011597442026E-4 ], [ 1.8730370408849784E-4, 4.2843133789008E-4, 3.929596653941697E-4, 6.503383764612517E-4, 5.309355050349145E-4, 7.672591405948223E-4, 7.002707413471908E-4, 3.3615811019138984E-4, 7.561482574825743E-4, 2.596445014052562E-4, 7.374355695290318E-4, 6.645717290030327E-4, 8.678543916187867E-4, 0.0011161798002272802, 1.9462650548937653E-4, -5.0595924233791915E-5, 9.28506373279145E-4, -4.4312129128487983E-4, 0.0011445157535570673, -9.742665025239883E-6, 2.9398494108397253E-4, 5.851419273801997E-4, 5.673285465232418E-4, 8.936940420116484E-4, 6.340569561315388E-4, 0.0010131789380502648, 9.118834603845945E-4, 3.5781676308515345E-4, 6.25451495846958E-4, -9.098092653341382E-5, -5.316395737509221E-4, -4.6483820579971936E-4, -0.0016985131540422453, 6.572050346094775E-4, -0.0026660686491778093, 0.0017376907235517253, -0.0020989487213543775, 5.028541531939677E-4, -9.77647279976582E-4, 7.938958905413763E-6, 1.8370155968613517E-4, -1.0403076250828769E-4, 2.482545772001769E-4, -2.0936474298885422E-4, -4.156559314864455E-5, -3.499625724407263E-4, -1.872936491542533E-4, -4.4133084088946177E-4, -5.120960528086413E-4, -7.415973531251273E-4, -9.855398564410102E-4, -0.001467191424363423, -0.0013741282002374287, -0.001700025588798454, 2.280147069359674E-4, 5.735655044523256E-4, 3.171020354369536E-4, 4.722803677420678E-4, 9.060968587638857E-5, 1.8979191130449045E-4, -2.336988554628186E-4, -1.512083857556169E-4, -4.714822173888962E-4, -4.549024994273006E-4, -5.213625875092729E-4, -6.253188469008045E-4, -5.595322347618096E-4, -8.141257873553445E-4, -3.529859738156859E-4, -3.1948483997194967E-4, -2.8039792355925126E-4, 7.22607545613569E-4, -8.450913984186491E-4, 0.001074740746789761, -0.0027925685102824865, -0.001241153332313706, -0.0029940633720651607, -0.001703486727515668, -0.001847905094108199, -0.0016653840112252657, 1.4005135261347613E-5, -2.14384315727201E-5, 3.1885663510110816E-4, 3.4869059113227065E-4, 4.5881431222816817E-4, 8.377651695747013E-4, 5.942592408015443E-4, 7.359050092665522E-4, 3.8861179045444877E-4, 3.5472278298924833E-4, -3.792109650533605E-4, -0.0011257729477686098, -0.0013926086687163545, -0.0018078299587314683, -4.8765736647239156E-4, 7.562029539637527E-4, 7.021279970737123E-4, 8.696199913859578E-4, 6.43534773377393E-4, 7.557498471412304E-4, 2.4399034421125919E-4, 2.0900351724165834E-4, 2.2508473995278697E-4, 2.156191604903176E-4, 2.3252766649234884E-4, 3.975711638361237E-4, 4.083288744539844E-4, 5.64552249089565E-4, 5.276416147816897E-4, 9.071715563372111E-4, 3.698277834934752E-4, 0.0012695671016467354, 5.154520228747069E-4, 0.002233046750234227, 9.739085829493384E-4, 7.247332005988301E-4, -2.8379280159937016E-4, -5.174271382675524E-5, -4.762726096277291E-4, 9.422093668237639E-5, -1.0142613301385828E-4, -2.7638409012396863E-4, -7.662870847953673E-5, -3.2592596245311804E-4, -2.3703189033481725E-5, -3.1068527321610284E-4, -1.6081243327463276E-4, -1.987603447092869E-4, -2.0690290108849675E-4, -2.5626688873292124E-5, -1.7554500458750219E-4, 5.262398133202954E-4, -2.4558110134815137E-4, 0.001396012426330947, 1.9982225452047186E-4, 9.643196638325407E-4, -8.964097625778422E-4, -2.4043640240402396E-4, -6.915189652762464E-4, -3.364728469387534E-4 ], [ 1.4905988643367608E-4, 9.603245558688823E-5, 5.184341624135662E-4, 5.309355050349145E-4, 0.0011347022367153004, 0.0012072444678066416, 0.0017192275504022486, 0.0012707159676785555, 0.002298300721941817, 0.0013037623402263894, 0.0019489821206654676, 0.0014018876559909064, 0.001276317644384566, 0.0012800881688928144, -0.0012568225152265464, -7.057931018839425E-5, -0.0013486429530297054, -5.025820312017418E-4, -7.621035900816144E-4, -4.978127574700881E-4, -5.968648584489107E-5, -2.366957830518989E-4, 4.752256065118838E-4, 2.856446006092752E-4, 9.31415671521932E-4, 0.0011178627590648286, 0.0013717929361791125, 0.0012419506513886478, 0.0017862024235037104, 0.0012254596212346288, 7.626368154593755E-4, 0.0019251144217490006, 1.5347907632212092E-4, 0.0035808114771585732, 3.0452582046651844E-4, 0.00352460940245563, -2.843391637380565E-4, 0.002566524191720697, 0.0010635245021811159, 0.0019317907564384376, -2.9346660833621407E-4, -5.123185675825012E-4, -2.72106299959737E-4, -9.181886047758123E-4, -9.471516491776434E-4, -0.0013704815104057491, -0.001628709316388656, -0.0015531907321721643, -0.002138620570222879, -0.0017410764265648113, -0.0020205020228605637, -0.001746656648122079, -0.0018652816385745805, -7.782256731140504E-4, 0.0027798815268086498, 0.001878926266582046, 0.0023231221602636916, 0.001698437308334708, 0.001986646549313983, 0.0014404677564145382, -9.957525890368424E-5, 6.679629016125751E-6, -2.1244986192777484E-4, 1.4154196979957102E-4, -2.816432895529986E-4, 2.2439734613247158E-4, 4.317936544550101E-4, 4.1219541498001337E-4, 0.0013792505277067488, 0.001149044165639923, 0.0017837387748452773, 0.004094750402205182, 5.046444004980692E-4, 0.005167843959393764, -0.0035339711580733334, 0.004003939685333666, -0.0029248890323880514, 0.0030026531867503427, -9.981847301371991E-5, 0.0014495422852619524, -3.4704587267365993E-4, -3.953596095674238E-4, 5.735305258502568E-4, 6.124385431192222E-4, 0.0016895734853866052, 0.0019833630649349677, 0.002626048116018455, 0.0026498012377659183, 0.002834136794663996, 0.002121706286283369, 0.001791846330218828, -0.0017272929333541382, -0.0010841817886784396, -0.00411144335540443, -3.3228373409852096E-4, -1.3494189474103627E-4, 6.3558543380293E-4, 4.608846313108403E-4, 4.247578895991301E-4, 4.991708774491954E-4, 2.618081957092438E-4, 5.8864231154331364E-5, 3.224788850539191E-4, -5.1728119767035126E-5, 2.7224090424412265E-4, 1.342545951004699E-4, 1.124636330552642E-4, 1.6571310230697437E-4, -6.63947943570582E-5, 3.244256918911421E-4, -5.570319796806391E-4, 9.177887236451017E-5, -5.702449997394372E-4, 0.0010609376661978465, 0.0015628992902003839, 3.3012394805769635E-4, 3.777366502853745E-4, -3.7191773697514225E-4, 5.7397946172545186E-5, 8.801729423118576E-5, -1.8466878087226225E-4, -4.501519508895214E-4, -1.1987083489287536E-5, -9.062839680256718E-5, 4.4493859409289817E-4, 5.896620151313617E-4, 9.802005825752366E-4, 0.001565576081114629, 0.0019477644119610539, 0.0025765252277804413, 0.0033700637273401247, 0.004905792622534384, 0.0044770610422334815, 0.006673915919280906, 0.003923516217055777, 0.0021980175540756777, 5.961738004593471E-4, 6.92600842781879E-4, 0.0010490374794552158, 7.019250011793249E-4 ], [ 3.313534636470959E-6, 1.7111252856451292E-4, 4.930582928205737E-4, 7.672591405948223E-4, 0.0012072444678066416, 0.001521703462537748, 0.0019875893298738016, 0.001521110737287371, 0.0026035015386221, 0.0016665348496744023, 0.0022583464043049403, 0.001841566576122836, 0.0013101071296748943, 0.001653749670387585, -8.729563116088204E-4, -0.0010000868278217138, -8.678149890004893E-4, -0.0013370493234901464, -3.4042921403811487E-4, -9.505362645171931E-4, -2.0898473852169674E-4, -1.0992205915138915E-4, 4.26565881056014E-4, 5.496684371277753E-4, 0.001022385955751732, 0.0013615630708510966, 0.0017626811396757092, 0.0012981986845516118, 0.0023030816715992213, 0.0011338469859121848, 0.0012831974315815008, 0.0016397833654648501, 3.635919972240912E-4, 0.003673050216285972, 1.1846019812326012E-4, 0.0036424752494448338, -1.640526447718952E-4, 0.0023091613536891853, 0.0011821634943930798, 0.001840443082979129, -1.81711665731162E-4, -5.218941636467935E-4, -2.2885481583449847E-4, -0.001037509245457147, -9.661442462433234E-4, -0.0016276008764714224, -0.0017350677944594248, -0.0018700804288655094, -0.002183824244402832, -0.0023357193906056134, -0.002032398946311114, -0.0025017284895795114, -0.0015877141821852723, -0.00159878267880003, 0.002847680028486954, 0.0024240700096792222, 0.0025919658469344456, 0.002055966100137026, 0.0021672426180739837, 0.0017637789665604696, -6.226456696185598E-5, 9.342947450657806E-5, -2.5068921140522054E-4, 4.778603721712952E-5, -3.032052711527327E-4, 3.603172997802373E-5, 4.343399187693372E-4, 1.7458432480609007E-4, 0.0014047794174555813, 0.001066345255329545, 0.001960651472370059, 0.003619961273663815, 0.0014519810829011132, 0.004770668997523693, -0.0026190376771683633, 0.002399782085728341, -0.0019916788850820122, 0.0015974012002714665, 4.781923938810464E-4, 8.106372900916194E-4, -3.82495000116074E-4, -2.85448335871236E-4, 7.153722459231715E-4, 9.267037911874338E-4, 0.001949954699826651, 0.0025546980699328744, 0.002939093893051906, 0.0032432358442686686, 0.0032013993813503725, 0.0027809283153941706, 0.0018980086368295204, -7.605159525902759E-4, -0.0015914514232222051, -0.0038107412452211345, -0.0011939081721935871, 5.7128456649828884E-5, 7.129358299454044E-4, 6.611554581371327E-4, 5.254111888923015E-4, 6.265088049941679E-4, 2.486422149512924E-4, 7.49207005378721E-5, 3.416485711531737E-4, -1.641449140913827E-5, 2.7665257200716023E-4, 1.7117355861637348E-4, 2.547857819783202E-4, 2.1660339123776937E-4, 7.932838369816895E-5, 4.344648588130232E-4, -4.0260930111376636E-4, 3.274675673499625E-4, -7.473287499168538E-4, 0.0014176503022065815, 0.0015817161895310356, 9.537142293967993E-4, 3.2749174041498243E-4, -2.2074137983407068E-4, -1.555737196692045E-4, 1.79837984692289E-4, -9.627551621709988E-5, -3.811126383158173E-4, 8.891596075975391E-5, -4.4841258207425554E-5, 5.693284624816099E-4, 6.578066162192578E-4, 0.0010772903264740616, 0.0016079211100273943, 0.002138040601789325, 0.002664428078038246, 0.003571026378918439, 0.0048790866895946075, 0.004897038710028893, 0.006981962696085748, 0.004505239895440521, 0.002929158996157007, 5.103821646049889E-4, 7.929913510977411E-4, 9.695806295029162E-4, 8.340209564156955E-4 ], [ -2.2888971899465678E-4, -3.873525230071995E-4, 4.8241905615409086E-4, 7.002707413471908E-4, 0.0017192275504022486, 0.0019875893298738016, 0.0032802265294132557, 0.0024213468515266456, 0.0045427964359259655, 0.0023278440227297234, 0.003946900322991133, 0.0017126987225294726, 0.0017564928959987553, 8.065411015241611E-4, -0.0025104649548175623, -0.0020330230025652433, -0.003065776402640762, -0.002180321822957187, -0.0026244397227670824, -0.0020279149573292454, -7.612430709427941E-4, -0.0011519639243598614, 6.352343041872258E-5, 2.411758251933826E-5, 0.001217666373777257, 0.0016737463301303647, 0.002524455605809679, 0.0025717260739955687, 0.004242983042025448, 0.003077432013121347, 0.004094421639019211, 0.004664086701963242, 0.004333950637319716, 0.007068870642835183, 0.0041504611406146235, 0.0051424346069319045, 0.003151446206238216, 0.004332923967037286, 0.004070135987118167, 0.0041979705364233845, -5.239760799528735E-4, -7.140217165091905E-4, -7.573840065196836E-4, -0.0016996188446788169, -0.0017870462216580604, -0.0024982483079830234, -0.0032628469624168747, -0.0025990574892139746, -0.0036543118116791544, -0.0024514379646791407, -0.0025981704689339484, -0.00168638843890461, -9.266848790667829E-4, 7.041744527651431E-5, 0.005734960919341633, 0.003822077443943775, 0.004565272228456438, 0.003348007188171574, 0.004123233849804258, 0.0032008702879736664, 1.115802814161271E-4, 1.8937894438269152E-4, 3.76342717564882E-5, 4.981863555054143E-4, 1.2779915481896456E-4, 8.156228730156991E-4, 0.0017360012839764748, 0.0011896700215787632, 0.003510304231682224, 0.0020419928778233403, 0.00451043985484957, 0.006662311881073065, 0.004504642169886085, 0.008876033490957391, 5.1426818162641564E-5, 0.007330626333439688, 0.002000764297078049, 0.006183957821260137, 0.005088990730869467, 0.004859474039598194, -8.033045575359932E-4, -4.905174572382576E-4, 0.001053151358763001, 0.0016332540418260901, 0.003387136791638548, 0.004154589219256044, 0.0052755598469319065, 0.005579308417424664, 0.006147675898548226, 0.005181763837761561, 0.0047993063245325655, -4.474035067631663E-4, -3.792179623334258E-4, -0.006026328047533907, -9.315360710872894E-4, -0.001320155979043746, 2.0072633047530503E-4, -3.0624541755944266E-4, -2.2971258338117372E-4, -1.73765163685972E-4, 1.9039459573633917E-4, -1.7387413664788455E-4, 3.5482060398549237E-4, -3.8369411652439854E-4, 5.667986282161913E-5, -3.3455355019882505E-4, -3.4601838060307403E-4, -6.719110308719256E-4, -9.714492011083118E-4, -7.625213309306407E-4, -0.0020699087527781654, -0.001637895515897162, -0.0032495332323560708, -6.562079585411768E-4, 0.0016255880830825028, 4.048631394316509E-6, 9.033138193603758E-4, -7.68959578759788E-4, 2.2127490392273558E-4, 9.837209250942072E-5, -1.905763444500592E-4, -3.6218504845107855E-4, 1.0522748264465996E-4, 4.2182045712447716E-4, 0.001048687566243388, 0.0019252082541371352, 0.002284852899566754, 0.003832827935906052, 0.004479555321953695, 0.005843340006020919, 0.007467049668078559, 0.009828715179748938, 0.0100821750585187, 0.012986842101547375, 0.007941179244181359, 0.004232160866584955, 0.002524489389157696, 0.0023337845333822925, 0.0031092569641101124, 0.002482755032056945 ], [ -4.2127858475344643E-4, -4.104240719971312E-4, 1.629603296883485E-4, 3.3615811019138984E-4, 0.0012707159676785555, 0.001521110737287371, 0.0024213468515266456, 0.0022997623727842808, 0.0034470990786038356, 0.0028046233029791925, 0.002894240692191244, 0.002584722611963247, 8.847366331145622E-4, 0.001315624992912224, -0.0015616185734605745, -0.00210982476041659, -0.002782416821647505, -0.001994455554015872, -0.0023280416241102334, -0.0018781618436064017, -0.0010013692770058547, -0.001112575575134792, -2.7097767637256434E-4, -4.927365094764368E-4, 7.766734555597876E-4, 6.983160396296584E-4, 0.001653945241542707, 0.0017223915733885408, 0.0030403458867823223, 0.0019857085231990918, 0.003140301382880945, 0.0032807749222894343, 0.0034228675086142427, 0.004832783399487343, 0.0047475272259382435, 0.0032175028017962094, 0.003336165229745499, 0.002918740233308758, 0.003680475389324612, 0.003045710434100121, -5.877839509464452E-4, -7.032646958281104E-4, -7.960177589886283E-4, -0.0015704965147293158, -0.0016816953736340557, -0.0024771188764611965, -0.0028825913616648494, -0.0028078487500768573, -0.0032249908639219705, -0.003457801239286399, -0.002166303770845994, -0.0027994549313426534, -4.191198888315077E-4, -9.039139191106906E-4, 0.00490524299115444, 0.0034740734923937814, 0.004404617543147322, 0.0030013252403958187, 0.00393304496942355, 0.0030109510262471295, 3.340191048803728E-4, 5.009041081995031E-4, 3.6096568112003064E-4, 7.926735499708575E-4, 4.537930320832747E-4, 9.962270088543536E-4, 0.0018147326976358567, 0.001623591797916963, 0.00322969843269085, 0.0024721873229552114, 0.004281295962029962, 0.004938241633626108, 0.00454965395633547, 0.0064007185936804266, 1.3973506097116848E-4, 0.004973318080753279, 0.001841970885518924, 0.004523815399509551, 0.003917103738831583, 0.003635692368454269, -7.681281498088102E-4, -4.2109534377527086E-4, 7.681804609382593E-4, 0.0011785200261072084, 0.0027896544386202065, 0.003370170371250879, 0.004339617310444492, 0.004862276544262231, 0.0051798776223953066, 0.00473107358563566, 0.003974056462502613, 0.0011942487069911108, -6.70418518779817E-4, -0.0034666482149626043, -0.001796263317445486, -8.625486117643562E-4, 1.3797199395667724E-4, -1.430782696956249E-5, -5.629922114623134E-5, 9.910266746731376E-6, -1.8386233165080401E-6, -1.847943543268191E-4, 2.107215891244889E-4, -3.370600467755305E-4, 1.2856852390363818E-4, -2.694111432747969E-4, -1.7148381798192416E-4, -4.141792836138516E-4, -6.547218747914744E-4, -5.528937746264813E-4, -0.0012360929680018356, -0.0012310168959564572, -0.0022109129965358566, -9.892815814767063E-4, 0.0013632544106811587, 6.453904305037721E-4, 0.001058169229822411, -2.767653359389991E-4, 4.4990619641202984E-4, 1.714735593263938E-4, 8.214948400361306E-5, -9.739776113611623E-5, 3.7387830245472453E-4, 5.252884946984594E-4, 0.0011890721184802198, 0.0017495624507031923, 0.0023188144707472214, 0.0032873983414312743, 0.004307823623355489, 0.004862410972118763, 0.0067907869454929635, 0.007589571760329615, 0.00926969976088078, 0.009974460483786526, 0.008011942190429477, 0.003776865338378303, 0.0023217736639431024, 0.001706471983294507, 0.002749128813988452, 0.0020177492232167395 ], [ -5.972766617724906E-4, -7.480983660058808E-4, 4.333667616736343E-4, 7.561482574825743E-4, 0.002298300721941817, 0.0026035015386221, 0.0045427964359259655, 0.0034470990786038356, 0.006605183842688595, 0.003268463165782435, 0.005808541539613062, 0.0019319494803262769, 0.002594996144726314, 2.893262465783435E-4, -0.0037631561864713034, -0.0033384870505309776, -0.005556121628423375, -0.0033785272460373585, -0.00518376291442851, -0.0033679387210268944, -0.0016090474723445746, -0.001957866831506566, -4.676514435823906E-4, -2.7689120789804657E-4, 0.0015558091778784294, 0.0020478103882875485, 0.0036138333991952093, 0.003997242521657247, 0.00658634484688434, 0.005292507521785162, 0.0074393370255353515, 0.007985369946392354, 0.008981136766875425, 0.010225965334683415, 0.009342833922624742, 0.006267474752065187, 0.00690265096303878, 0.005956668684828726, 0.007456966765710834, 0.006452016907267572, -0.0010650110034212386, -0.0011442172597369465, -0.0014667903501714146, -0.002385728030002883, -0.0025894211839305515, -0.0034903993717922627, -0.004465782584075482, -0.0033690017287597504, -0.00499815492796067, -0.0027056300385129737, -0.003028140445752083, -0.0010876387770001675, -3.7037533408885276E-4, 0.0010139179955493509, 0.008354385852000613, 0.0056939046602395415, 0.007124916753231355, 0.004798955724719906, 0.0066636147126366225, 0.004871903086549959, 5.402952115721178E-4, 5.947899146073779E-4, 4.3541330768301004E-4, 0.0010657175114065004, 5.9155252432507E-4, 0.0013626842873284278, 0.003047711181461973, 0.0020269558193335814, 0.0053946694882765515, 0.003203801816817347, 0.0069948199255943115, 0.009910377198321146, 0.008084178183278515, 0.013257619719393862, 0.00418588452765902, 0.010752115756754037, 0.006854028613025395, 0.010149506481325572, 0.01069541645163313, 0.008730398864158663, -0.0012696264079696063, -6.979659148035851E-4, 0.0013751250332578414, 0.0022792941588724506, 0.004934314556847131, 0.005811946040906528, 0.0078024525943122, 0.008116105446622984, 0.009462215115208832, 0.007880995557452503, 0.008032231281166915, 1.5335081560756048E-4, 0.00103122551470305, -0.00883334219543193, -0.001480368321379907, -0.00334708050330687, 1.6545029429613703E-4, -0.0013987241150316132, -8.034306786873346E-4, -9.618417055308498E-4, 4.7977004072644286E-5, -4.2730851002782514E-4, 3.65082335015539E-4, -7.927493914111529E-4, -1.0322780290461651E-4, -8.447355826137427E-4, -9.492429182522716E-4, -0.001581679928240216, -0.001991789102156853, -0.0020479080028961674, -0.003765489705073389, -0.003693830248682359, -0.005758850548281227, -0.0029353350702785146, 0.0018751013391776336, -5.266088137433196E-4, 0.0017167123134025609, -0.001173863871724332, 6.061383706973339E-4, 5.031473770186668E-5, -1.94415108996138E-5, -1.7525514848242842E-4, 2.8876020265818114E-4, 9.182031941110754E-4, 0.0016211217620231695, 0.0030356773322328, 0.0035842423249667467, 0.0059342446112191066, 0.006816104214392398, 0.009170314848906609, 0.01144197113315295, 0.015059365368881321, 0.015579090655578422, 0.0198485044323278, 0.01270130678998689, 0.007244281808546092, 0.004582837008609706, 0.0038237347062275518, 0.00567312137217261, 0.0041955614810871905 ], [ -6.014192832698184E-4, -3.5995010575511717E-4, 7.09700246888133E-5, 2.596445014052562E-4, 0.0013037623402263894, 0.0016665348496744023, 0.0023278440227297234, 0.0028046233029791925, 0.003268463165782435, 0.004201509791209811, 0.002511667050182468, 0.0047158239644459615, 4.421130886735471E-4, 0.0030464503792906775, -0.0010058607431914343, -0.0019987380885853074, -0.0028517192086230186, -0.0019101070114952209, -0.0021373409148155373, -0.0016412839807718085, -0.001316035005370008, -0.0011691908680577648, -4.28138846617696E-4, -9.532722782306768E-4, 6.194987156592022E-4, 3.9098964378644335E-5, 0.0013413484163744326, 6.138510819877479E-4, 0.0024241748247943247, 2.124929115868676E-4, 0.0019548877239270526, 0.0012757474890514322, 0.0017324311574420728, 0.003148203531959484, 0.00527952101548537, 0.0018894814134822959, 0.003007187635786966, 0.0016003488648911222, 0.003206095360279762, 0.0018526470887774366, -7.373174096468549E-4, -9.430753103002108E-4, -0.0010523340526535521, -0.001996486760162471, -0.0022111425043186794, -0.0033040398411259336, -0.003468768827654531, -0.0042782793657574775, -0.003950513356059154, -0.006292748560687374, -0.002968993573743505, -0.005944959527009194, -0.0012456944042822057, -0.0025812585111700103, 0.005315646314177821, 0.003986091709031524, 0.0050807602077036764, 0.0034451080255461152, 0.004506605987174862, 0.0032938916371805923, 4.2199013504545975E-4, 8.687995497258999E-4, 5.239286980813194E-4, 0.0012906297239938587, 5.99282179762479E-4, 0.0014873467636480355, 0.0021090292039074145, 0.002321039457329876, 0.0038236035632868834, 0.0035484142765684285, 0.0052115724260531045, 0.004163420885942943, 0.004805188656871631, 0.004318452704091815, -0.0022415312626329863, 0.002123968820653568, -2.1630158996944896E-4, 0.0018614395105553147, 0.0018110462932003496, 0.001262857719479036, -8.238916783309489E-4, -4.614636347054739E-4, 8.296625435203763E-4, 0.0010869532528138383, 0.0029209388868778755, 0.003607564651857777, 0.004441226857169324, 0.00528567963743453, 0.0049975790913233415, 0.004986777848947041, 0.003010349161581705, 0.0022178896169657942, -0.0022118327231475535, -0.0016839790308001438, -0.0028405316425002317, 1.5102892953894838E-4, 5.1215334115124E-4, 8.681110952941659E-4, 5.339501483191153E-4, 7.339255706024626E-4, -1.6608815594835603E-4, -2.564398782092695E-4, 2.2286446909972296E-4, -3.058447800462586E-4, 4.1749045106431526E-4, -8.89909519269125E-5, 3.430395564530284E-4, 1.0353426307810806E-4, 3.1120829152512885E-5, 7.966145724955188E-5, 5.488518606410142E-5, -1.5570773189702922E-4, -2.8982082564343685E-4, -3.562728018477604E-4, 0.0017578365202659987, 0.0018199178532665803, 0.0015680744972036856, 3.3342548652944004E-4, 8.206780154694578E-4, 4.251849791499649E-4, 2.4281226259113413E-4, -6.116925215537252E-5, 7.005300539392465E-4, 6.337115489153551E-4, 0.001625019663038227, 0.0018956538393065231, 0.0028842268860459633, 0.003275164046045704, 0.005160258452574294, 0.004633669728947547, 0.007601553898593096, 0.006803355624154822, 0.01009383852115599, 0.00867706155344515, 0.009632140699673766, 0.003681880717648663, 0.001956640019494576, 9.176528004887364E-4, 0.0024130265548576177, 0.0013726966214423347 ], [ -5.945353265785168E-4, -6.44002224389177E-4, 3.2615359910147235E-4, 7.374355695290318E-4, 0.0019489821206654676, 0.0022583464043049403, 0.003946900322991133, 0.002894240692191244, 0.005808541539613062, 0.002511667050182468, 0.00525821335214029, 0.0011970976879347455, 0.0024852140397160615, -2.3468675243564836E-4, -0.0030483119202954186, -0.00335490327580905, -0.004492923445550651, -0.0033426238902730557, -0.004442953650716046, -0.003229286193251852, -0.001483318466281028, -0.0015749141466762351, -5.127627137306002E-4, -1.0106618430795927E-5, 0.001381319020092955, 0.0019573835733815758, 0.0032661453354493374, 0.003874096970464567, 0.005898659972398822, 0.005097566430777067, 0.006910139898557384, 0.007265993143551129, 0.008487507645634475, 0.00867366107234927, 0.008183887434097653, 0.005296157024068251, 0.006327979648104932, 0.005082212590025351, 0.006623641286252629, 0.00570969085168842, -8.725942607125837E-4, -8.712496667478143E-4, -0.0012111772862239028, -0.0019353883892038674, -0.0020509450227578236, -0.0028198974023925204, -0.0036438332631919096, -0.002481427817934841, -0.004173770539754852, -0.0016587909208054326, -0.0024485251054977217, -3.96498941536689E-4, 9.448845652431585E-5, 6.115368105039506E-4, 0.007091378522683768, 0.0048217430137968715, 0.006270871812607507, 0.004033391589590207, 0.0058409089138923, 0.004261172693635708, 5.440677045443142E-4, 5.249668329624257E-4, 3.54461124753572E-4, 7.114466763356417E-4, 5.871372748423682E-4, 8.271399336940359E-4, 0.0026337099966605593, 0.0013895634799694352, 0.004507539556377471, 0.002353396806554168, 0.005968614924203681, 0.008439244798924826, 0.0075724949894801444, 0.01175215031908208, 0.005253042684383969, 0.008459792193109732, 0.007471583649261083, 0.008355895370803798, 0.01028392983835141, 0.00777781741052362, -0.0011323816557054897, -5.153751192223236E-4, 0.001172827762463248, 0.0021002356712157846, 0.0042673659508130945, 0.005089086948278386, 0.006755668330364984, 0.007092541804861313, 0.008353049027010012, 0.007030044647544965, 0.007294870728986774, 4.321211507971429E-4, 0.001517951465161164, -0.00808343582555752, -0.0013689132679750064, -0.0031988208763581265, 1.7304131398338663E-4, -0.001378567376824934, -8.018793303965531E-4, -9.927875825042518E-4, 3.7170166902515596E-5, -3.23364376066675E-4, 2.755692054891036E-4, -6.597508210178493E-4, -1.8046876659169876E-4, -7.228241843008471E-4, -9.87727617847617E-4, -0.0014504474188048518, -0.001907829618455827, -0.0018712467121578542, -0.003670602670452199, -0.0033386407096196793, -0.005734860992449743, -0.0026512694373562193, 0.0016084941265651935, -7.460339606104512E-4, 0.0013166547488540452, -0.0011977876105499466, 3.089857559902553E-4, -4.9839165194950894E-5, 5.713763723892849E-5, 2.399845551403007E-5, 2.2883565336476012E-4, 8.535990129353324E-4, 0.0013532917533233312, 0.0025973703031912936, 0.0029857535120756356, 0.005168695762113887, 0.005622578541925456, 0.008048288910561368, 0.009585632608152027, 0.013000657806576136, 0.013121445443062337, 0.017469897992425647, 0.010678935012259748, 0.006727993761977582, 0.004007945204249158, 0.003456774199784361, 0.004962192382766487, 0.0038289402443479506 ], [ -1.4023298951214291E-4, 3.4526803512973503E-4, 5.156133076780864E-4, 6.645717290030327E-4, 0.0014018876559909064, 0.001841566576122836, 0.0017126987225294726, 0.002584722611963247, 0.0019319494803262769, 0.0047158239644459615, 0.0011970976879347455, 0.007232026328344281, 5.117611244826891E-4, 0.00625927030979521, 7.474393799534788E-4, 4.0055161323450795E-4, 4.5144465399627647E-4, -3.6579403388603673E-4, 0.001440147651486879, 3.7716955356034275E-4, -5.153303060283349E-4, 4.1831967851199236E-5, 4.378112585027585E-4, -4.3258639307358295E-4, 6.584260211810556E-4, -1.4052196558180804E-4, 3.8090036610835635E-4, -0.0015433334295055614, -8.024864891408229E-4, -0.004136115208489813, -0.004500710588287013, -0.0050374167240027305, -0.007461958127219783, -0.0023176271469566687, -0.0024512712860292104, 5.216657945329793E-4, -0.0037637949767356394, -0.0011277233380862272, -0.0023761050353051138, -0.001918751949456243, -3.296774821041461E-4, -7.269330561321938E-4, -5.517464253951192E-4, -0.0020229454250071306, -0.0023014885044781315, -0.003535814455706982, -0.0035893169638903247, -0.005484667140942906, -0.0049086017546398145, -0.009688671810458573, -0.005617895407354871, -0.011661693829446516, -0.005256586345291284, -0.007312696014294948, 0.0039569201328731275, 0.0024472085543633185, 0.004070087315872921, 0.0025737560914150543, 0.003111985376256095, 0.0019305882800390748, -2.3170099633855565E-4, 6.545197097089334E-4, -3.172881421854635E-4, 7.73932477925758E-4, -1.5208272153249103E-4, 8.299880423622754E-4, 7.874606066614955E-4, 0.0015471614527546376, 0.0027746141708320207, 0.003137188208051617, 0.0042209141071904025, 0.001414958167363923, 1.8399898131361923E-4, -9.532227586171993E-4, -0.013471370076985352, -0.006285758800727019, -0.011702383253346257, -0.007275675448099453, -0.009361580500041232, -0.007400841468403961, -4.7646180119201233E-4, -3.8694595950724924E-4, 8.937782075229989E-4, 7.0107560846335E-4, 0.0020233644789522647, 0.002947567395925162, 0.00272291787865280