{
  "weights" : [ 0.6740959722272659, 0.7003597509734845, 0.6759483432799652, 0.720452719295118, 0.6833414963856834, 0.7347097796313812, 0.693500656607498, 0.7492012326157911, 0.6982384300358875, 0.7746513722231635, 0.6978919275068736, 0.7878003045653161, 0.6975385394627066, 0.7698235358648843, 0.6946839264933389, 0.7390250076410133, 0.6929111133973228, 0.7280391604068089, 0.696696628689478, 0.7036983452266075, -0.1416751536930506, -0.17662877020470022, -0.12468081421422224, -0.21642138603328054, -0.13014513973669894, -0.24692061000581658, -0.17608503499000824, -0.26224177471854326, -0.23508358903257298, -0.266644796499394, -0.2995353155962608, -0.25723680051407893, -0.34271583356847096, -0.3096690639678573, -0.28564909744660505, -0.3479096284600336, -0.35346319704212964, -0.33096661113905224, -0.3504232445536416, -0.3451196365381255, 0.6292006488358495, 0.6198847892707268, 0.636026803956144, 0.5922895732294754, 0.6427147384696291, 0.5645025163207846, 0.6341046853858748, 0.5327669172806492, 0.601454818782613, 0.49666241048434895, 0.5521378518506166, 0.48896676825590785, 0.5126091079658341, 0.4954446797236923, 0.5513120507559132, 0.5021314816633752, 0.5131044992496592, 0.5340648424516391, 0.5223679453654234, 0.5355293988908914, -0.08946013436721467, -0.07335064498235705, -0.0682420811460092, -0.06829262601001782, -0.0290330623344342, -0.02682794655212066, 0.02843933561462158, 0.03336057911608489, 0.08297961241086799, 0.10183755108051722, 0.11402820178342998, 0.1704614387476292, 0.10853265408468693, 0.15744087083902397, 0.1535862355532419, 0.13457417783866055, 0.12615891032583965, 0.15302116771360363, 0.1218179052034048, 0.15125533058402976, 0.89895089080422, 0.8826325056205298, 0.8679626026943672, 0.8249808039098737, 0.8173188931292155, 0.7183823211504959, 0.7178421928495202, 0.5747521019659843, 0.5722455592195506, 0.4048297326638395, 0.39940028008508843, 0.23606114981622392, 0.2517791586975847, 0.13635814304722466, 0.1490775870673256, 0.10423767474129206, 0.11382344526860261, 0.10215649274682335, 0.10579071506121218, 0.1042451960164562, -0.14975768524836053, -0.17127752588797496, -0.15690220961333104, -0.1944755865632199, -0.18089840486797604, -0.2232165880605844, -0.2243781359807398, -0.23452761012461013, -0.2513951596551777, -0.23328588813173617, -0.2516736212043711, -0.2013276260535252, -0.21166206017710487, -0.17518107493994656, -0.1533534065972187, -0.13529488077215213, -0.12268388506681152, -0.11563775796811943, -0.10710649276021449, -0.1087909759831989, -0.20362439246568503, -0.19855291701082994, -0.1965342401281166, -0.19159776853258167, -0.1829955868391069, -0.1688926620300247, -0.1698364587712455, -0.13656187174730597, -0.15076507906946082, -0.09762143470822547, -0.11813428592950166, -0.05282980917056379, -0.0726369433532396, -0.02425116895367075, -0.01415093852912538, -0.013730802867693645, -0.021173671406877453, -0.008325093491025885, -0.018841647470303993, -0.016397448391328277 ],
  "covariance" : [ [ 0.01569479103028918, 0.01227648017803689, 0.015559921196959084, 0.009542388626749951, 0.01403928520296006, 0.006963583464716538, 0.012005951772529357, 0.00436216579734836, 0.008978854450597635, 0.003060720704869288, 0.003999118111878263, 0.0039068417359899655, 7.738625604127192E-4, 0.004222617984827353, -0.0018535311870355366, 0.0025527265413806616, -0.001211967182102795, 5.813211964487779E-4, -0.0011329298274239455, 2.8884331108323036E-4, -0.010620986276476937, -0.007052130213399312, -0.00974685048480953, -0.008930532887810571, -0.008225257593647544, -0.01141293541777667, -0.00444602746869911, -0.014911176928840846, -0.005620122183988191, -0.00973103225552412, -0.011773819350090222, -0.0012571778994954121, -0.015877313467312075, -0.0013262006317155185, -0.0035200062228458373, -0.00315070599394886, -0.006035204794889423, 0.0016155343820959114, -0.007091024967534, -8.971284040539655E-4, -0.014723836916438908, -0.013926658158262646, -0.013313827020121599, -0.013300802458563701, -0.011655604320454531, -0.011958031629984725, -0.009053559313682681, -0.010141624795143703, -0.00661753705503226, -0.004805626500896175, -0.004102729063851248, 6.104604405730977E-4, -0.0031675794959447534, 0.0015172867972199104, 0.006738966197920604, 0.004154391413411377, 0.005439292092704038, 0.007018691081148888, 0.005589589197108277, 0.006307398881434073, 0.005512960961915654, 0.00396562861659773, 0.0031839306755192687, 0.00204232303950963, 0.0012997394091670772, -0.0014410574488062469, -1.7667795193773272E-4, -0.005550645743882075, -0.0021167430681419933, -0.0056055539744012525, -0.006667277994077101, -0.005228673924420576, -0.012623072992608172, -0.011757224628767654, -0.009767693684932072, -0.019981793544290513, -0.01463322015051007, -0.01583915295537852, -0.015792683118738843, -0.015837867714782804, 0.0056857433460833105, 0.007319095876025153, 0.007815385417244424, 0.009215467307871077, 0.009187391522178278, 0.012408610063863571, 0.012086087355772521, 0.014568043331862247, 0.012425779856842655, 0.015790138733780767, 0.012602509882162195, 0.01351085900781884, 0.009039017419688603, 0.0082651762898461, 0.002946778806382218, 0.007962624948768786, 0.003005252943931977, 0.007523798208454233, 0.0036597252471086686, 0.006158681421636755, 0.002879379216294699, 0.00493332243982802, 0.00394163713345972, 0.005488118307564029, 0.005187797811178542, 0.005627544392091007, 0.006609952423193136, 0.004318262389786052, 0.004884924482355288, 0.004061353788023397, 0.0011649596472172493, 0.003625310461201119, -1.7954323206290524E-4, 0.00210256871262475, 9.187056949532747E-4, -2.0045370868622078E-4, -6.326520019116515E-4, 0.001203594798722969, -0.0016345510222469397, 6.648459808878459E-4, 0.003438645761235085, 0.002442533280601739, 0.0034581403695211786, 6.278605673328578E-4, 0.0031264519848630823, -0.0024220692606149175, 0.0025440743787088684, -0.005700917450393459, 0.0011417965319294185, -0.007420023874749639, -0.0014391827420030144, -0.007469397158135837, -0.005141153409539171, -0.007501635796895414, -9.242633142709665E-4, -0.005525659767753446, -0.0022493766062475122, -0.002322776784909576, -0.0032755672945116603, -0.002310319780311181 ], [ 0.01227648017803689, 0.011847241533523557, 0.011512477886039325, 0.009008384196276703, 0.01095262974430355, 0.006766106340729818, 0.009614276055400335, 0.004455444797527527, 0.007128421691382648, 0.0029690109598008553, 0.003622188368279055, 0.0031875643819258546, 0.002034845816163494, 0.002635096872064945, -1.4567363583433017E-4, 0.0010008356687601588, -3.7962277939628696E-5, -4.8066199272727637E-4, -3.9030771828249734E-4, -9.301736319207367E-5, -0.008303619152643577, -0.0079808488988122, -0.006530185841155434, -0.009473313971157773, -0.005483840957523598, -0.011512810378526049, -0.0024510040469646935, -0.014849561326978565, -0.0036344146457169915, -0.010016788220479203, -0.010906041057552454, -0.001460560765532729, -0.015516039401880198, -0.0014607535769928194, -0.003934032714508071, -0.004707075411767907, -0.005258588545497371, -4.841481676839515E-4, -0.0059566228968162185, -0.0020758188699122166, -0.01182574281485548, -0.012728751291273896, -0.010305867892264623, -0.011680396350602177, -0.00964227020069805, -0.010232266835191229, -0.008194635931232153, -0.008513053381160802, -0.0066442112064150835, -0.0035260446760941194, -0.005406644477845195, 0.001573790388716039, -0.005099393075054729, 0.0024868959776675604, 0.0037891613653478653, 0.003956109286824284, 0.003262016481593826, 0.006532063081670727, 0.0031853256745194127, 0.005642205813348183, 0.005375009073179698, 0.0015974373862012044, 0.0037561192443095084, 7.840557085894348E-5, 0.002052550378791972, -0.002717722041366842, 0.0018273742209760772, -0.006615721273932042, 0.001218330909181437, -0.007392725201734492, -0.003289979316026648, -0.006346311353277733, -0.009908549502764461, -0.010754223103223753, -0.007477094472173832, -0.0177789536846914, -0.012244289363002807, -0.01367106896938712, -0.012940403465177877, -0.013878989823343872, 0.0038207941439498887, 0.0072024066553189854, 0.005571410710093212, 0.008560558018356397, 0.0067394680916247895, 0.011076549090370745, 0.007502499007344833, 0.0134077613712677, 0.006311658867824182, 0.014866974898961108, 0.005924326572179757, 0.012839988170563553, 0.004321576792869563, 0.007804396183975131, 5.983502955886939E-4, 0.006534251234827239, 0.0017581061812426127, 0.005841573791770365, 0.0026402406236218246, 0.0048363249195360405, 0.0023528002317223275, 0.0034535701125975745, 0.0036854697577585645, 0.0035863626143041267, 0.00476947428583248, 0.003265110286311948, 0.006136794754093746, 0.002028433791747568, 0.0050949113389784475, 0.0021875944665925165, 0.0020504035068703184, 0.0022220501793200976, 6.230954053595108E-4, 0.0011790538844598333, 0.0015492225498251494, -3.7187898917836896E-4, 4.3666028191499636E-5, 7.944965749688964E-4, -8.399779152171871E-4, 1.694672301151564E-4, 0.0026466648984464682, 7.941510038128737E-4, 0.0024599182466735134, -3.3602246435615526E-4, 0.0018591669211124185, -0.0024372616151285046, 0.0013615132327825293, -0.005135942674156303, 2.3407185326109045E-4, -0.006577710057245133, -0.0021152913065795287, -0.005896235208714546, -0.005777515533641044, -0.005264875607054261, -0.0019918028276289645, -0.003886661256605854, -0.0029724070967892193, -0.0011696061504762342, -0.0033986008136841213, -0.0015109758533680203 ], [ 0.015559921196959084, 0.011512477886039325, 0.016059971839245814, 0.009230523291940502, 0.014248587769752873, 0.007407704185436721, 0.011776170825685427, 0.005498911110214632, 0.009017763619645354, 0.004576157758799484, 0.004228152432194614, 0.005703361330681874, 6.79712671686337E-4, 0.006160314333591136, -0.0018871536401487581, 0.004872573092692968, -0.0010510418445300962, 0.00229594981589449, -3.717879822618549E-4, 0.001649216535939556, -0.01494073281057354, -0.00995136933917793, -0.014307991559775251, -0.012102125979645656, -0.01198771430584745, -0.014870397066442772, -0.007579002187430083, -0.018052917970608182, -0.008479165177081444, -0.0123661021541136, -0.013484270522426046, -0.003844297507722412, -0.016893525481924278, -0.003784372445054242, -0.003565405206691906, -0.004639856546328076, -0.006543628594954742, 7.098962515469686E-4, -0.007512000122715004, -0.0017929629638910212, -0.015358549923896176, -0.014059352078238732, -0.014489548640209241, -0.013832835567052889, -0.012616436530747888, -0.013249174356809537, -0.009709198600749664, -0.011959408705134933, -0.007457767238824544, -0.00721320496053656, -0.00470278225931689, -0.001990848934824799, -0.00343410525958156, -0.0011570712262168807, 0.006873270327680475, 0.0018315418200680325, 0.005484102705866553, 0.005470522620641618, 0.005395833538159438, 0.005185228142773935, 0.004182407454968923, 0.003958758942724065, 0.001173412404945005, 0.0017985825801650718, -4.041028167502767E-4, -0.0022000560491043965, -0.002233082721441463, -0.0064508705424742175, -0.004768809988337803, -0.0066604239181123695, -0.009472898561587076, -0.007061687053871956, -0.015143076962749878, -0.01443838431196713, -0.011798367560352572, -0.02329605791200882, -0.017078225244407146, -0.018701290052890278, -0.018631001400858216, -0.018739942829990797, 0.003168388897957299, 0.004326452722856207, 0.005552848313744967, 0.006453663843327827, 0.007023878247719006, 0.009816148351184422, 0.011286013381050052, 0.011670490199261373, 0.012668338924223189, 0.013044042763236906, 0.013576898837844553, 0.011959582988111008, 0.009912045169210924, 0.007466897873211705, 0.0038976529562391084, 0.008309248951666182, 0.0037793856753332105, 0.008108836169084161, 0.00449347731147234, 0.006848863787745166, 0.003466557575515283, 0.005935970524271264, 0.004662571642245104, 0.006666620651518847, 0.0063346537102644766, 0.007266153115359074, 0.008218192366719378, 0.006295976238925492, 0.006497676913837556, 0.0063178787496251205, 0.002633030700119628, 0.005436675868696351, 8.449514028418268E-4, 0.0033762498275203556, 0.0018144771125466492, 2.1121442489633073E-5, -1.9503596667290907E-4, 0.0011324516741333221, -0.0013417117085173275, 6.751777376642536E-4, -1.2337766769332688E-4, -8.395383101145945E-4, -9.979831887671313E-5, -0.002539310036165637, -2.587036087203162E-4, -0.005565913419497059, -8.188099302640943E-4, -0.00842826779093228, -0.002026045003011111, -0.00965444433629773, -0.003820755186875078, -0.009496217146215714, -0.006149370896515308, -0.009479202345237686, -0.0010956699789784663, -0.007207527328536953, -0.0023151200965649027, -0.003623876598897874, -0.003754878379491252, -0.003406574376067987 ], [ 0.009542388626749951, 0.009008384196276703, 0.009230523291940502, 0.007136665790912284, 0.00847647415490411, 0.005843114436196569, 0.007287138700583574, 0.004235195338638943, 0.005566881740181854, 0.0032127896278782366, 0.002909734432927491, 0.0034019218963175723, 0.0017429273615883287, 0.002989965526429639, 1.4034973781271002E-4, 0.001769837625695057, -1.4070928613648276E-5, 5.757624630840083E-4, -8.940695582824875E-5, 6.799536692385189E-4, -0.007410928036097062, -0.006784732839899682, -0.006033571251660754, -0.008381245054858212, -0.004550344601950713, -0.010515249052588075, -0.0015830660051533779, -0.013227958873495893, -0.0025589343470813243, -0.009067296592905463, -0.008052082460849107, -0.00276065801574382, -0.011208954761366192, -0.0021928461459398293, -0.0035400156815442486, -0.0035032717044877733, -0.004148282315567797, -7.701307171662435E-4, -0.004111398828176263, -0.0019433097131432964, -0.009348010738542844, -0.009845466211575182, -0.008403516391998623, -0.009237064049792578, -0.0076520030088100275, -0.008528807521248613, -0.00635699445053009, -0.007370558184446127, -0.0054101104877111285, -0.0036894104380440955, -0.004403282476498197, -7.958959300644175E-5, -0.004028829965581849, 7.327887865501837E-4, 0.0020398272297355645, 0.0026323823805779628, 0.0023906727221876876, 0.004249157343862065, 0.0026549066375827473, 0.003770841024328708, 0.0036895514772166227, 0.0011917350909588643, 0.0022248077787322294, -1.3849141639078692E-4, 0.0010482529803189885, -0.002469161162872383, 8.74599159146259E-4, -0.005524681035730481, 6.082961074051874E-5, -0.006006961423963135, -0.003595469431233441, -0.005760555064529585, -0.008310195511754954, -0.00870507268652764, -0.007144588700021444, -0.013959576712564672, -0.010834511256043997, -0.011609550761761364, -0.010907117221184823, -0.01201979156612947, 0.0022117204763301584, 0.0044452145420051685, 0.0037517950533647905, 0.005482454773957589, 0.004845765887661186, 0.007186017591043931, 0.006264845576395161, 0.008477826551028765, 0.005915950131081864, 0.009484000034577857, 0.0060896467701136705, 0.00849021412277656, 0.004817624947643288, 0.005209910573724323, 0.0015264386223849972, 0.004823874721217902, 0.0020901660662108338, 0.004671814567494246, 0.002655107306776656, 0.004099452653451457, 0.0020166974180456532, 0.002947240425202903, 0.003051687161469384, 0.003010740591193934, 0.004200586070797374, 0.00280989220091427, 0.0056190414934604305, 0.001985284488889296, 0.004810489686994276, 0.0024099866310825393, 0.002341491569710102, 0.0023361656290334454, 9.79745710042334E-4, 0.0014790225996836857, 0.0015001287563126949, -1.749570707871814E-4, 3.607767754443632E-4, 4.391928174190457E-4, -3.737641169810759E-4, 7.113621175409384E-5, 9.417953229969556E-4, -3.7152884092598996E-4, 6.835212198060713E-4, -0.0012164653099954836, 2.5531262207028097E-4, -0.002893825801862461, -1.6674501058717165E-4, -0.004861107440690335, -0.0010840461818735986, -0.005838605949014574, -0.0025703396509733378, -0.0054547853322767185, -0.004803844981912874, -0.004980100766921511, -0.002060235506957398, -0.0035669598436123286, -0.002385888079897665, -0.0016744086592300385, -0.002681864999787586, -0.0018092699719640746 ], [ 0.01403928520296006, 0.01095262974430355, 0.014248587769752873, 0.00847647415490411, 0.01371457195278285, 0.0069172257451327705, 0.011649673326827542, 0.005989264557559527, 0.00918517786980621, 0.005532905775798922, 0.005283521012158832, 0.006609312630619684, 0.0026417992820935584, 0.006517406479481405, 8.29705415466554E-4, 0.005704520355567031, 0.0014430417813703351, 0.0031192665296582173, 0.0021616149250883723, 0.002893581257622722, -0.01919087285381255, -0.014128983174791103, -0.018637464540538655, -0.014681494945319274, -0.017191508920930083, -0.016075006239219695, -0.013200533060145517, -0.018209183095891555, -0.01385824920248704, -0.012371112629618484, -0.018545102326169755, -0.003466098154188459, -0.021315439439653472, -0.0032399906849529102, -0.007833318816413703, -0.004255684867258526, -0.010168116903462338, 5.849400113923939E-4, -0.010217787553933943, -0.0029597249676774984, -0.014734420579348217, -0.014143463159917206, -0.013695453338245765, -0.01406609070376308, -0.012647548395606603, -0.013880760646186246, -0.010199733262639442, -0.01321401664074853, -0.008366942166117573, -0.009033883222695778, -0.006478187341123287, -0.003966780373940493, -0.0055676783637814906, -0.00239559310415148, 0.003834596593565299, 2.1494070770917148E-4, 0.002269411385055762, 0.004099708688069187, 0.0018378703600115769, 0.0033401410089038915, 0.0025983731425452275, 0.0016913401001809802, -6.134588970609545E-4, -2.9338373679245174E-4, -0.0027111463678096267, -0.004140022157796599, -0.005085233551896217, -0.008440343849335036, -0.007831949929418084, -0.009210496706513398, -0.01269639634397362, -0.009306488663323063, -0.018932137850046642, -0.015753664758315827, -0.016251157780194793, -0.023996446601285224, -0.02117772258840206, -0.01970879765619491, -0.02182531763634076, -0.020577138893302063, -2.79780683075965E-4, 0.0019495902148643075, 0.0026896466338031896, 0.00419631989858822, 0.004727291285025193, 0.0078042241386707435, 0.008928662852447582, 0.010592327499535141, 0.009954967282582206, 0.012367767938324895, 0.010655560561113853, 0.011735591122190487, 0.007497560309350483, 0.007860587412838236, 0.0028188429703706382, 0.0083187309671668, 0.003210815079996687, 0.00791627647942379, 0.004086407573095465, 0.006594967663355378, 0.004533790756389124, 0.007268019939364102, 0.006143685996680002, 0.008620458885216179, 0.007686241316840073, 0.009555963720430924, 0.009543348039880451, 0.008532663027648282, 0.00805032161284219, 0.00811084490007789, 0.004225182775329027, 0.006657618744314305, 0.002199796233445737, 0.003857670766938084, 0.002429091346625778, 8.308777536492023E-4, 7.733361737177383E-5, 0.0018687667208058104, -9.014762137451287E-4, 0.001142526750677464, -0.005385847978352152, -0.006261941434503296, -0.0051726936743083166, -0.007595016777198304, -0.005481869138753546, -0.009820130390742072, -0.0060119268940854315, -0.011891655096735749, -0.006833744947618995, -0.012055851047406776, -0.007930672536667998, -0.010730451898180646, -0.009283960473178638, -0.009582367334981648, -0.004174776349438866, -0.007405355691176153, -0.004962677861874678, -0.003907741956615296, -0.005991477166670351, -0.004369467840729905 ], [ 0.006963583464716538, 0.006766106340729818, 0.007407704185436721, 0.005843114436196569, 0.0069172257451327705, 0.00645096704039505, 0.005473956464109428, 0.006759290268897748, 0.00473712279901195, 0.00667379982878096, 0.003520243629250355, 0.006971780824300592, 0.0031622734048874276, 0.00642422262876091, 0.0020283676643295407, 0.0061502721000720436, 0.0017609857065232842, 0.0042358128277507155, 0.0026863539119982367, 0.0040139262199233566, -0.014506408185387863, -0.012800634457116338, -0.01328951813234769, -0.014177789097499937, -0.01084466525478359, -0.016054444553631475, -0.007287193670336079, -0.017475642159159803, -0.00796768955651138, -0.012476185389714766, -0.011561791268695323, -0.007013656612890415, -0.012322974354083369, -0.0056190627304950605, -0.00504438403680042, -0.00523332305242371, -0.005509012482005746, -0.002407372969125596, -0.004573169753799107, -0.0036038865081043834, -0.008124185268487873, -0.009025607903893326, -0.007892509695402236, -0.009117642687395183, -0.007505649548239389, -0.009995819823659203, -0.006382178969745212, -0.010237130750002982, -0.006544522573635447, -0.008171817314405364, -0.006377857596427952, -0.00571857661866902, -0.005642284587132162, -0.0045673515302939414, -4.353547392415014E-4, -0.002604707948415303, 3.703164083817866E-4, 5.6776834155642366E-5, -4.9310111890302796E-5, 2.3415474995372698E-4, 4.71297015069807E-4, -8.983884233705585E-4, -0.0018037861750926287, -0.0023086337318065572, -0.0028376140614051453, -0.00478850217834781, -0.0035473466829489516, -0.007845767112380761, -0.005304256045609644, -0.00853209682663479, -0.00930344901249734, -0.009811196334043804, -0.012606465271589894, -0.012454349988273706, -0.011610404716825572, -0.017753065566986873, -0.015449787975142576, -0.015331792958379678, -0.015598672145260659, -0.016344104029327282, -0.004132480238313758, -0.0022354834668012226, -0.0019338704091110739, -0.0011385812566938663, -1.870141287437136E-4, 1.97008297240094E-4, 0.0030480274388912714, 9.82881459321899E-4, 0.0039003696116564138, 0.0021444701330505123, 0.004823249304126416, 0.0036113078911862283, 0.004251437489199394, 0.002733639685357031, 0.0024569206341936226, 0.004107115923189768, 0.0030389156593137808, 0.004570759788842811, 0.0036135874129887323, 0.00446760156269809, 0.0032783327038996566, 0.004663138350145159, 0.0046753371425812765, 0.005080124428502545, 0.006569083832342379, 0.005582239707588075, 0.008762227235467124, 0.005504158371254978, 0.008310951576966565, 0.0063750452486354805, 0.00604807311095039, 0.005460467139767207, 0.0038066543203175616, 0.003886628192377996, 0.0035206734260609107, 9.979251665532445E-4, 0.001665774007891769, 6.533022462466323E-4, 9.6421525469606E-4, 3.047296070229547E-4, -0.007669708334444127, -0.008841871272030191, -0.008068043478960644, -0.009061877349348343, -0.008610496240127032, -0.009860266110738416, -0.00899679997034255, -0.01057436256128812, -0.009342878470930118, -0.009956926876652217, -0.008753363079176676, -0.008488402894739046, -0.007697305203231179, -0.007361354229128966, -0.003998888772973062, -0.005896338155424256, -0.003649789526465065, -0.003938391175383169, -0.004297367090109919, -0.004040460084855252 ], [ 0.012005951772529357, 0.009614276055400335, 0.011776170825685427, 0.007287138700583574, 0.011649673326827542, 0.005473956464109428, 0.010421166526622904, 0.004277062387428351, 0.008420093134033132, 0.0036876159448640637, 0.004842247472286298, 0.004904229094044565, 0.0026968213636641043, 0.004896115682593608, 0.0014113354458601928, 0.0041092157075373744, 0.0014953941238261363, 0.0024940419161411753, 0.0018390270417006798, 0.0023249664535366058, -0.014783860665221221, -0.010947346643985348, -0.014273602544756923, -0.010964367904110319, -0.013513848067600816, -0.012026856033408813, -0.01011526682688816, -0.014183774540591049, -0.010636040877063421, -0.009451390155540544, -0.01566315770212747, -0.0013714482003175487, -0.01877583724684815, -1.9302140946350383E-4, -0.010181667008408786, -1.465903892285468E-4, -0.011140326553510839, 0.0022040321921561108, -0.009842449854684791, -0.0019277658825146173, -0.012273219167637338, -0.012072675978304439, -0.010967624333411929, -0.011950231949754456, -0.01017318149441047, -0.011500394069512608, -0.008340204841086094, -0.010686068510508899, -0.00683171663072908, -0.006783391457094716, -0.0055373739490954576, -0.0025795424420097064, -0.0052736394154829285, -7.436932779723918E-4, 8.770482674468499E-4, 0.0022010056493666553, 1.2761179278562049E-4, 0.004024975553448261, 6.179828316357817E-4, 0.0027883256246134087, 0.0025330970134762112, 9.051718675113418E-4, 9.976924931157875E-5, -7.418844925835059E-4, -0.00199844028769755, -0.003742808768893258, -0.004124592632141893, -0.007317854887036644, -0.006087917785564128, -0.008403837798668174, -0.01011618509954791, -0.007294416154392034, -0.01620365602523358, -0.010693445612027178, -0.015961105350378504, -0.016326296299027952, -0.019515701706430404, -0.014623870068347034, -0.018338982638536203, -0.01618532541010409, 7.346973273398287E-4, 0.002631170329134701, 0.003508916477424618, 0.004406198642304782, 0.005530712761124855, 0.007299805217886351, 0.008781893429698488, 0.009894596463523286, 0.00925980091167649, 0.01163360297722961, 0.00966943504818532, 0.010376380416928545, 0.0069680834621063505, 0.0069743538170904265, 0.0023613336501563612, 0.0067284105652691654, 0.002426695479788383, 0.006413193541931799, 0.0030357930969162113, 0.005258072677071976, 0.0038000093625123535, 0.0060843581467624076, 0.0050701020135477445, 0.007374022697128868, 0.006120071449684458, 0.007943505924933226, 0.0075828581586135785, 0.006721808744099919, 0.006238990915302932, 0.006288867090328147, 0.002839130295248538, 0.005117761526718617, 0.0014002400112698562, 0.002696949806927993, 0.001280271352039932, 7.925595998044726E-4, -2.475025209555722E-4, 0.0017832547649566034, -9.550031081943516E-4, 0.001128535034320159, -0.003768057852257702, -0.004480647384982044, -0.003550049843195791, -0.0056779095510628005, -0.003904332464804849, -0.007512425116210855, -0.004398593129341706, -0.00935406322078585, -0.005157488705228086, -0.009707556337851475, -0.006490020506437473, -0.008732325428604078, -0.008421298585660056, -0.007375380324822931, -0.0052762795594283865, -0.005102239268056927, -0.005420265414743604, -0.0028157340595528465, -0.005530862434334875, -0.0036175731598789744 ], [ 0.00436216579734836, 0.004455444797527527, 0.005498911110214632, 0.004235195338638943, 0.005989264557559527, 0.006759290268897748, 0.004277062387428351, 0.009667838672056357, 0.0043928652537562115, 0.010839032015336208, 0.004982787072799761, 0.011132197406374875, 0.005700125551153837, 0.010159688568661097, 0.0053248813418958416, 0.011237119459259384, 0.005082104109654297, 0.008277964447754627, 0.007096264828960106, 0.00800828570691781, -0.02550953427813117, -0.02175784391948366, -0.024678138078893515, -0.021996980605128117, -0.021859999590525533, -0.022635270854135234, -0.018061177165071312, -0.021868705492543498, -0.01829164424250089, -0.016027538915332196, -0.01912720529135732, -0.01113006777599663, -0.016913817078617038, -0.00907851283561452, -0.008632761805370223, -0.007446710140667899, -0.008896265899947643, -0.004148301800051203, -0.007162560620368904, -0.0060621931546334, -0.007488845200403028, -0.00878717347276116, -0.00785315602708668, -0.00980364089726008, -0.008182227300749306, -0.012499838715932642, -0.007224547130035057, -0.014547960384714492, -0.008343081993158861, -0.01443314645025031, -0.009190211213458616, -0.012784834226034577, -0.008213334134229654, -0.010657532626137575, -0.003625501015692754, -0.00913700729129337, -0.002805572173047691, -0.004683684371945046, -0.004481604065087457, -0.004133690515393146, -0.0037800546550275276, -0.0038871809443748726, -0.007157401097552531, -0.005442367194485032, -0.008359803319510742, -0.008222021076019796, -0.010250231662978398, -0.011371129944644471, -0.013441538274863139, -0.012375884471786164, -0.017987981311141342, -0.01523281341530114, -0.02038374541461378, -0.018015343794062187, -0.01941790231146906, -0.0237805827621613, -0.023042551234231087, -0.02082842480003478, -0.023428098513368027, -0.022716938564999813, -0.012394778534361845, -0.01029698920435701, -0.009134558175664489, -0.008934592393075976, -0.00640360193047907, -0.007589442577807073, -0.0010674265967465266, -0.0065643022164219335, 9.840552233941259E-4, -0.005124115604684378, 0.002614758547393765, -8.696983185061463E-4, 0.002537397658386815, 9.042629499888375E-4, 0.003064941617127354, 0.003966276430626707, 0.003919873852090484, 0.0048727956097765, 0.004610801602211474, 0.005062869648185257, 0.005437655291732898, 0.007709712153116308, 0.00748950102110661, 0.00901751224145468, 0.010012239141363783, 0.010598287433713768, 0.012854599810175595, 0.01125444239229935, 0.01274549893873889, 0.01199993085879685, 0.010672251498143158, 0.00969365013464352, 0.007494695464009496, 0.006734950619116637, 0.006105919775101793, 0.002671183244651448, 0.0030841029547659434, 0.0014844790964214268, 0.002439576554014865, 9.563155126479383E-4, -0.019768515358591397, -0.02078244039455678, -0.02007751598470502, -0.02031311216628697, -0.020746995066687698, -0.01992893502362469, -0.021070817383969036, -0.019033099956346375, -0.020571339173803056, -0.016147108772297997, -0.017530353469699392, -0.012740043180408748, -0.012587529492895736, -0.01026858532702092, -0.0074740162355108825, -0.008903246007342411, -0.0063699063472179435, -0.006565183359901251, -0.007445119774754679, -0.0069894766950862695 ], [ 0.008978854450597635, 0.007128421691382648, 0.009017763619645354, 0.005566881740181854, 0.00918517786980621, 0.00473712279901195, 0.008420093134033132, 0.0043928652537562115, 0.0075115703467204045, 0.004197402921614177, 0.004829705644137987, 0.006035932643669553, 0.0031128821450129365, 0.0062737593703836095, 0.0024282411517012313, 0.006123570632131923, 0.00213067991190725, 0.004706481251795647, 0.0029921909725121702, 0.004118860586824436, -0.016367803749769545, -0.012606282446271579, -0.01600545478099688, -0.012237038116758714, -0.014940009394886086, -0.0131575715016959, -0.011351899416147894, -0.014842677768166133, -0.011355224793096308, -0.010363034564044736, -0.015689006481464252, -0.002734989564586946, -0.018153267199057153, -8.498339053102045E-5, -0.013368269390477788, 0.0022318548181576455, -0.013479488766476519, 0.0027635101819364974, -0.010313847019779216, -0.0021062183711353464, -0.009881387110567384, -0.010153038022849226, -0.008916188155777688, -0.010447846712943083, -0.00842176662222813, -0.01080987484057105, -0.007157456108286263, -0.01070644003875353, -0.006602582633913322, -0.007940258968050291, -0.006160371527941385, -0.005071718268435202, -0.006202265797393794, -0.0030150887683332113, -0.0028347126692939532, 4.982001879398224E-4, -0.0028892783487338234, 0.0013781239435199477, -0.0019077324871947404, 2.0384555063352274E-4, 4.938767902186267E-4, -7.815111534141816E-4, -0.0020136454138915162, -0.0022959980977932636, -0.003880354489266704, -0.004930503982526811, -0.006165387625367806, -0.008056042268922835, -0.007886704808891316, -0.009983437660995437, -0.011441816191029866, -0.008413435533827968, -0.01703548529575779, -0.00925951123037774, -0.018745100328345796, -0.01292556662161737, -0.021691276329021965, -0.013115708248572305, -0.019007394568801426, -0.015687061228503014, -0.002577763788430002, -0.0013875216263658982, 4.7878288025719794E-4, 1.3189532455743684E-4, 0.0028076031878430884, 0.002383975525297734, 0.006640226651506757, 0.004484020360175807, 0.007634821467548191, 0.00664748944035368, 0.00846669995934994, 0.006473091149928611, 0.006587690368937778, 0.00476370512262829, 0.002643988527320425, 0.005268632978756781, 0.0023944613446198236, 0.005359595867422616, 0.0028733134716678035, 0.004596754895787482, 0.0039465983397283, 0.006248187923966657, 0.005146123028268718, 0.007692892772061471, 0.006349061763861914, 0.008475946903212551, 0.008139185482135172, 0.007562554440760338, 0.007095957788894385, 0.007666081072888992, 0.003992078069716348, 0.006190588695170612, 0.002417216153188509, 0.003455386260111277, 0.0016102727826882391, 0.0013478754584709874, 2.426736784204232E-4, 0.0017179363450659383, -3.0570317181738676E-4, 0.0011706323037551768, -0.007961350311134447, -0.008370620477113993, -0.007828471065142537, -0.009073936585703928, -0.0082144358819661, -0.010159658165059458, -0.008649513109849441, -0.011049117400835978, -0.008968221597483929, -0.010719543530347972, -0.00921577726391605, -0.009489260844617237, -0.009617218452397363, -0.007623893300566398, -0.007191995394902092, -0.0049578125768115905, -0.006492497489700424, -0.003461306503319386, -0.0061047743932748635, -0.004470700832033131 ], [ 0.003060720704869288, 0.0029690109598008553, 0.004576157758799484, 0.0032127896278782366, 0.005532905775798922, 0.00667379982878096, 0.0036876159448640637, 0.010839032015336208, 0.004197402921614177, 0.012907052382818099, 0.005530034001991285, 0.013077314844331825, 0.006792003604515378, 0.011785506493291943, 0.007168489494425317, 0.01324547955367785, 0.0068787693531787, 0.010043339909939825, 0.00928249576575899, 0.009818133294685115, -0.030331773242704196, -0.025315204201209397, -0.030028503138873883, -0.024494315790602503, -0.027223976840292548, -0.024326602019536826, -0.023286311310751276, -0.022420813768359235, -0.023423496854473196, -0.01595147960366121, -0.022724447660323215, -0.012237506183091766, -0.018471415568236546, -0.010661670098792342, -0.009834280022881952, -0.008282500674310864, -0.010264888054130582, -0.004965917049441091, -0.008036954611158527, -0.007068378241913711, -0.007005883339992935, -0.008102794521954277, -0.007814443070799421, -0.009484683566774468, -0.00845788678591653, -0.013125191390384315, -0.007371890909906957, -0.016055539007029176, -0.009024909318230212, -0.01693943975039666, -0.010176111428495805, -0.0161798229831127, -0.00875449840266862, -0.014004712558969692, -0.004776344940521485, -0.012241374765001431, -0.004236268482574918, -0.007181742733613261, -0.0063066270693160655, -0.006357734718017996, -0.005859166625714571, -0.004984857325154455, -0.009836959435752735, -0.006332490759715956, -0.0113265789936804, -0.00914702042993096, -0.013947357975488493, -0.012235343377078683, -0.01827090005291572, -0.012875808337018842, -0.022787547279130994, -0.017223653117567655, -0.023621967414160415, -0.020608662856659413, -0.022303890790569367, -0.02618424594329968, -0.026048761539599077, -0.02324612006436126, -0.026189431541304507, -0.025392157419591523, -0.016093866597698497, -0.013943809224515371, -0.012364690751582998, -0.01226334822128677, -0.009161883529008196, -0.010630784376491786, -0.002539144294225664, -0.009509651117546175, 3.567221958618017E-4, -0.008210932789182338, 0.0023193849581385744, -0.002827313980103439, 0.0022894027067090917, 1.8708637736399654E-4, 0.0033308041289260145, 0.003927723284157199, 0.004197992305703174, 0.005008792082480321, 0.004906245790655823, 0.005260822531776408, 0.006524402428657617, 0.009218262789325398, 0.008814304772583837, 0.011046045098612376, 0.011612929072746556, 0.013207973876428313, 0.014705569203066132, 0.01413443105079611, 0.014752109721385378, 0.01460029181987978, 0.012644057374270271, 0.011638258892584682, 0.008866359729113864, 0.008111191637103821, 0.006745391757154897, 0.003567644666797447, 0.003393584630819791, 0.0019963719329544696, 0.0028953297629681703, 0.001396794072299901, -0.0251936899307104, -0.025923904214247673, -0.025393885973454548, -0.02518560520363807, -0.026023492973303114, -0.024289669267307943, -0.026338695696374828, -0.022540410700722407, -0.02566013172629975, -0.018415388839493892, -0.02144236879069799, -0.014440006443739408, -0.014457737636413332, -0.011646263560872895, -0.008947863455088844, -0.010320977646890793, -0.007605271853861422, -0.007926394382189709, -0.008826928517128142, -0.008466680385929593 ], [ 0.003999118111878263, 0.003622188368279055, 0.004228152432194614, 0.002909734432927491, 0.005283521012158832, 0.003520243629250355, 0.004842247472286298, 0.004982787072799761, 0.004829705644137987, 0.005530034001991285, 0.0045409818515829686, 0.006459992329207954, 0.00468634295501846, 0.005967956069734842, 0.005002030755833448, 0.006808702202668064, 0.004332315241915111, 0.005465759124413708, 0.005359385798041859, 0.0053158185605105155, -0.017824852940748526, -0.014485907835958111, -0.017553279371938433, -0.013540668118887766, -0.016650284171358005, -0.013442560874676737, -0.014046335460695256, -0.013181604404703312, -0.013827764256716765, -0.009799065624089037, -0.015307693809187745, -0.004983262111528576, -0.01532523550794695, -0.0019338929447754983, -0.013602526271313229, 9.38924337685857E-4, -0.012118722838792423, 3.6445932134322734E-4, -0.008748879639579413, -0.0036044356798441927, -0.00607756169545748, -0.006725269142573498, -0.005640190680240538, -0.007596858653061117, -0.0058719581110663836, -0.009035160618413005, -0.0053234623753979525, -0.010101810910951832, -0.005672886101157038, -0.009517290318400677, -0.006293881431134204, -0.008011512715859063, -0.0066281278023957784, -0.005287076644719639, -0.006458953280666256, -0.002906388791300639, -0.005272246012357886, -0.002097320887868831, -0.005021834761914616, -0.0029890139837754587, -0.0025896626225237213, -0.003286201666557776, -0.004742640874259488, -0.004538421868401816, -0.006047165778964457, -0.00642265961342639, -0.008091334695362372, -0.008480183444326548, -0.009985040137346024, -0.010156973469029718, -0.012874086685321967, -0.009776206756626833, -0.016824342792068767, -0.008698336945423026, -0.01971183607168811, -0.010665804150312437, -0.020727355059275594, -0.011934867916412024, -0.01807001653708382, -0.014790762953772019, -0.007308771441710512, -0.005954799293623313, -0.004434722563498774, -0.005004042196780407, -0.002046698039765594, -0.003915997744050119, 0.0016392324522691395, -0.002385543972653907, 0.00277660728940057, -8.435249305349943E-4, 0.003938105595348303, 9.41755173295903E-4, 0.003232835095720784, 0.0018406251219210816, 0.002405281610135363, 0.002977362130764917, 0.0023731355151519807, 0.0034984315908767618, 0.0026674037483453085, 0.003344804158954249, 0.004125913799169127, 0.006089321770921948, 0.005449920029979905, 0.007642982283451228, 0.006577706157641711, 0.008668046497748971, 0.00822077054001163, 0.008420963519140536, 0.007820986672252974, 0.008417244095462621, 0.005963499280132309, 0.006526298404572785, 0.004408418123095729, 0.003759528691236356, 0.002912453663208944, 0.001939443607312701, 0.0013799791101772726, 0.0016025416628459852, 0.0010361619156519291, 0.0011305560350725343, -0.013724610005266409, -0.014048041644237685, -0.013605442438750809, -0.013995056896305265, -0.013971989086105877, -0.013793702382060636, -0.014234364733547259, -0.013233088826494642, -0.013845980354039339, -0.011505873305843052, -0.012502199912491374, -0.00921394184129925, -0.010449704473598692, -0.00653645053081219, -0.008777461792275799, -0.004618251639712908, -0.007076450824641549, -0.003879596283034568, -0.006596048988335441, -0.0050254261986863455 ], [ 0.0039068417359899655, 0.0031875643819258546, 0.005703361330681874, 0.0034019218963175723, 0.006609312630619684, 0.006971780824300592, 0.004904229094044565, 0.011132197406374875, 0.006035932643669553, 0.013077314844331825, 0.006459992329207954, 0.015418759593998924, 0.006207908665586825, 0.01533742724507331, 0.00604457607507671, 0.01724873565796408, 0.006140341042681485, 0.01341699017047424, 0.00959727457671113, 0.012088559542697101, -0.03577617822029235, -0.029812777667178728, -0.03550931875658503, -0.02871602688959425, -0.03226324801174187, -0.028746899558326197, -0.02727235928488881, -0.02756857151353937, -0.026532170761534024, -0.020170841169422457, -0.02731492976441184, -0.012664033311159343, -0.024739683402052376, -0.009422539883647132, -0.014806100504460556, -0.005462890106781559, -0.01660303085843968, -0.0018800187415786485, -0.012568070734274107, -0.00647877450746693, -0.00823133434015096, -0.01012120826574205, -0.008911134055691427, -0.011647982447667283, -0.009609219282534057, -0.015517055009455922, -0.008770520882269591, -0.018669877972292758, -0.010750529584818917, -0.019124555855360714, -0.012304803663472122, -0.01813277623987348, -0.011089001066460692, -0.0160464805632477, -0.005586997349927823, -0.013491883197761097, -0.006466860312387735, -0.007852984089011911, -0.008159176105896159, -0.007253745717603494, -0.006363772503831343, -0.005592706116887163, -0.011274907763000008, -0.007223774908377092, -0.013109565810368644, -0.0106504185523449, -0.016669269053158506, -0.014607123897597357, -0.020434175574631924, -0.017460517277128003, -0.025445351442375724, -0.01940306199093051, -0.02845940218950941, -0.02233949237982397, -0.02736186512489617, -0.02838165118745553, -0.03274962944150008, -0.02487273522641123, -0.03199509879616362, -0.02816974385419582, -0.018371273915239197, -0.01695712295665655, -0.013733681099572957, -0.014853556011085768, -0.010012054938629672, -0.012494983216761568, -0.0023406661634265847, -0.010741655928066453, 0.0010192744791851613, -0.007522320364624242, 0.003094215601626541, -0.002050188595312378, 0.003170815441982073, 6.199865868086198E-4, 0.00321330302892573, 0.005101049329529768, 0.0039864