{
  "weights" : [ 0.131548903179505, 0.13023142427318976, 0.1270573194650423, 0.1194574030889227, 0.12712218839128195, 0.12688032237671193, 0.12647059355179716, 0.11290437769999409, 0.13386914334838013, 0.11858813560149925, 0.10957578491520557, 0.10541715623641308, 0.0940127355390845, 0.09204379842186011, 0.05934832089933977, 0.08883704588260034, 0.04216960229074626, 0.08101698423524696, 0.052931942260672056, 0.061488512000092116, 0.0020274613837337344, 0.003116165275999246, 0.007726100684979906, 0.00313033262832373, 0.007543732515511716, -0.0015232082051205506, -0.004395508179199509, -0.010318449913069861, -0.019286580361276916, -0.018840136047711366, -0.01570017603940115, -0.014141246078955835, -0.003565755059919234, -0.004805628508194818, 0.001507150430585569, -0.010635512968425567, -0.007074083790094417, -0.009835724530752344, -0.010564438397752287, -0.016511201430230157, 0.9456388813371377, 0.9484444562350487, 0.9513874084700588, 0.9571572804944692, 0.9640883391790092, 0.970923256292148, 0.9792497336516008, 0.9887937142648471, 0.9809184723073918, 0.9805345892829381, 0.9643726529438743, 0.9590841503730569, 0.9256975968255959, 0.9287363747551678, 0.8949459729571149, 0.8928658240702373, 0.8883885027473292, 0.8883495955104217, 0.8888656396148378, 0.9074516517064877, 0.21805146540752765, 0.22145980215086902, 0.20801123876757127, 0.20393785616989635, 0.16149532186825757, 0.14391188523647053, 0.06495348583964228, 0.021209120826053824, -0.08990629429514595, -0.14209983127461825, -0.2182718594935959, -0.2683210253495074, -0.358487236624892, -0.35532069841867286, -0.4428389856900929, -0.43558855446140227, -0.4551219665117623, -0.44746455703443444, -0.4518495147686341, -0.41117548317274066 ],
  "covariance" : [ [ 0.0013801272360744513, 7.137452249435022E-4, 0.0016980736376125897, 6.905529072844123E-4, 0.0015580834185427643, -9.993787310061278E-5, 0.0019459692808390502, -4.500285985306906E-4, 0.0011269483326363625, 2.658636441735629E-4, 3.251854220410837E-4, 3.486952328577963E-4, 8.69535109639657E-4, 1.5036161093977772E-4, 4.91285483351625E-4, 8.980539710325213E-4, 6.812421441592975E-5, 6.271296928000827E-4, 9.085119141755964E-4, 6.878859563857196E-4, -0.0018720259054960634, -0.0018444510122915428, -0.0017388848006733826, -0.0018762928259952701, -0.0013696565961229818, -0.0016461695246958402, -0.0010608557526949895, -0.0013035305327423275, -7.659526223269248E-4, -0.0011319634545436136, -7.956967106639148E-4, -0.0010741990369016363, -4.977785552490078E-4, -7.942816678166302E-4, 6.0799250681678085E-5, -9.782997157271299E-4, 6.834194050630347E-5, -9.041492178263236E-4, 1.066783703199927E-4, -6.490986183861541E-4, -3.7540341503710913E-4, -3.162553324295913E-4, -5.143913809350426E-4, -4.0365201616245544E-4, -4.947499840661786E-4, -4.435839446615016E-4, -1.776707360603081E-4, -2.1636086900960432E-4, 5.142177519275675E-4, -2.804193904687061E-5, 9.864526619278947E-4, -1.3509132381691214E-4, 8.768818489437637E-4, -1.2545374779732632E-4, 6.880385995090336E-4, -8.187776771849672E-4, 6.223592386819436E-4, -0.001029394098499851, 7.336833869938517E-5, -5.284458683641134E-4, 0.0024494449719823534, 0.002143469473738591, 0.002784340553301128, 0.0021346779141149493, 0.003403537498526316, 0.0028034937033714997, 0.003681674088404321, 0.0025834553134876236, 0.004227888110484625, 0.0012221250008743658, 0.003978617039090802, -4.0150532464838703E-4, 0.0026907847371278972, -2.157692836228024E-4, 0.0014302429418041934, -0.0015796421297744527, 0.0012571329916563406, -0.0019664829580422543, 2.7561503344025826E-4, -0.0010075899884944657 ], [ 7.137452249435022E-4, 0.0010974754319112074, 5.963349356746686E-4, 0.0014073530581006877, 3.4752769892854897E-4, 0.0015970975498072319, 4.115434073173439E-5, 0.0015626148250234484, -1.0587798687529043E-4, 0.0011909157363952164, 3.0814592068177204E-4, 6.09645726791291E-4, 0.0010341279064573377, 3.112454794924775E-4, 0.0010653103916937467, 5.409011984240754E-4, 8.190006274136529E-4, 4.207609593041635E-4, 0.0011031710625248549, 0.0010178179922274125, -0.001313798087500872, -0.0012618658757531226, -0.0013294864703157063, -0.001274028426267169, -0.0011185062434981147, -0.0011598937781681562, -8.951449962111443E-4, -8.867502221644813E-4, -6.479631559870758E-4, -8.930994850432353E-4, -6.989809902653258E-4, -0.0010516902992292192, -6.012336091195993E-4, -6.928229623562983E-4, 1.0400315484680992E-4, -8.53088175662413E-4, 2.894049447442409E-4, -7.085637241932902E-4, 2.578314158000957E-4, -1.7466859002576523E-4, -2.9018136070875955E-4, -3.718832659759927E-4, -3.327772955329241E-4, -4.4882173655347345E-4, -3.370797835828389E-4, -6.307250332299075E-4, -2.1417369215051492E-5, -5.195634744129367E-4, 4.704239438277054E-4, -2.940874679230495E-4, 6.799550354764691E-4, -1.9815858411572707E-4, 4.706836438085831E-4, -1.2237150247255388E-4, 4.476876553136315E-4, -6.563127102224779E-4, 5.386464263134281E-4, -8.263230182312355E-4, 2.2509867153056034E-4, -4.103799746484953E-4, 0.001643613193066959, 0.0014930549249844876, 0.0020247806916170955, 0.0015195601553078478, 0.0023929769130045485, 0.0022163959857616714, 0.002305194432361593, 0.002185682304122524, 0.0028685314099792824, 6.59529286968994E-4, 0.002984641003381928, -5.257650433926192E-4, 0.0017571619310562249, -2.456573394045776E-4, 0.0011446639467167646, -0.001324198379525794, 0.0012808986038348744, -0.0015950069599662679, 6.813986973290201E-4, -6.966201193406359E-4 ], [ 0.0016980736376125897, 5.963349356746686E-4, 0.0023374480314908215, 3.677884265312828E-4, 0.002287812130627128, -6.751139673027665E-4, 0.0030503838700177348, -0.001136915413527209, 0.001921334174856841, 1.8843307961055882E-4, 5.09891005296935E-4, 7.915334734811072E-4, 9.846553270384654E-4, 4.057337084325493E-4, 7.264709351651579E-4, 0.0013723753710213732, 1.291726277473923E-4, 0.0011008473533090021, 0.001034251058768953, 9.36539420039285E-4, -0.0019535808049253893, -0.0018189940165543614, -0.0018243349101189652, -0.0018454837980835818, -0.0014068867566839295, -0.0015941857983818334, -0.0011114067445478959, -0.0011921913725022797, -8.094743162220273E-4, -0.001038741722348537, -9.217227988980825E-4, -8.686466894317948E-4, -6.019824264494792E-4, -7.761508611334284E-4, 1.1081820745080258E-4, -0.001099889589332947, 7.916514343846337E-5, -0.0010608213148580268, 3.9786441336829524E-5, -8.733719011304839E-4, -2.9055244892920644E-4, -2.3187862029501815E-4, -5.371498643965232E-4, -3.658681696219187E-4, -5.798774113070439E-4, -4.0100657700265684E-4, -3.2392810989031876E-4, -1.612719933873258E-4, 4.947562644571159E-4, 1.2640208106658595E-5, 0.001096287118778326, -1.9588452249895657E-4, 0.0010714997068367834, -2.965561630054737E-4, 9.401894376274557E-4, -0.0010936699651967884, 8.113775943693693E-4, -0.0013063627212097125, 1.0525320942261935E-4, -6.564958852117709E-4, 0.0021048534941795188, 0.001827642677348706, 0.0026541884048149824, 0.0018476544293703563, 0.0036939815834022135, 0.0024486415232184977, 0.004561107351597432, 0.0021583560241350374, 0.0054746150841285665, 0.001000263389755192, 0.004822950855477458, -7.103169534788102E-4, 0.003452189211075481, -7.000442728948324E-4, 0.002107081325285315, -0.0022058560001589774, 0.0017089462592768296, -0.0025426343939189485, 3.9123990516131416E-4, -0.0012872941642794126 ], [ 6.905529072844123E-4, 0.0014073530581006877, 3.677884265312828E-4, 0.002011360816386855, -2.2454186178026887E-4, 0.002452277324609045, -9.815041575552883E-4, 0.0023825780881287866, -9.228150130287027E-4, 0.0014622395686336863, -1.232348184820358E-4, 5.870461969449172E-4, 8.193545789743956E-4, 3.437506047043762E-4, 7.320784593104141E-4, 4.446539320471458E-4, 5.283880369887557E-4, 1.356180617112002E-4, 9.678322989539986E-4, 9.374080779009993E-4, -0.0016427487360916, -0.0015553281864200718, -0.0016574507967670473, -0.0015821886743865843, -0.0013539176101328833, -0.0014639179151503536, -9.715518608454392E-4, -0.001116239930404324, -7.138138874285768E-4, -0.0010254876073456918, -7.593505284231245E-4, -0.0012474368073648932, -7.042756691389659E-4, -8.551173921565416E-4, 2.3345919140082088E-4, -0.0010458016031881195, 5.31594606389194E-4, -8.654742302941625E-4, 4.476924140002784E-4, -6.612315584568327E-5, -4.943847141248654E-4, -6.268985141129042E-4, -4.461737237831311E-4, -6.75003186440874E-4, -3.3588823691619E-4, -8.653075001787257E-4, 1.3731600088371263E-4, -6.874691035303416E-4, 6.863151454203998E-4, -3.682441338904139E-4, 9.184334010534546E-4, -2.0960668854772539E-4, 6.840597164530607E-4, -4.466810329263089E-5, 7.645914775966805E-4, -7.992055993630534E-4, 9.170610809794448E-4, -0.0010359318051501153, 4.3684644939556965E-4, -5.153405751296135E-4, 0.0026983841425380463, 0.0025928737243530505, 0.002947346916486447, 0.0025280395651893126, 0.00315296356070398, 0.0031756674149203976, 0.0028981876972945736, 0.0028678297436310726, 0.003452766564616352, 7.907981645737361E-4, 0.0037650922684551113, -5.373686629677099E-4, 0.0022431656432298744, 4.194055117705003E-5, 0.0016525630614961438, -0.0015690633462229254, 0.0019697458158002357, -0.0020269813055944622, 0.0011038598049835852, -9.165950356062845E-4 ], [ 0.0015580834185427643, 3.4752769892854897E-4, 0.002287812130627128, -2.2454186178026887E-4, 0.0030797271899755223, -0.0015856024441640612, 0.004550280320392797, -0.0017835921427661284, 0.0031296848404363145, 5.242212177454888E-5, 0.0017481420235086994, 3.7765441543012677E-4, 0.0018931575184961591, -2.2355524721256076E-4, 0.0015372859435729466, 0.0012316547585576238, 7.884390738509897E-4, 0.0012834191381338824, 0.0015370920954896213, 0.0010760283775353688, -0.0018942637970586077, -0.0018979368880096196, -0.0018077467347661139, -0.0018436300931358239, -0.0015709338083930394, -0.0015624614821200108, -0.0014867067490948569, -0.0011985537494834104, -9.346415232137963E-4, -0.0012927892964386472, -8.808764095813051E-4, -0.0012026493990402827, -3.4173315437727083E-4, -8.92511378716825E-4, 9.531568391811584E-5, -0.0011047345029942235, -4.701964491269523E-5, -0.0010523709778938156, 3.422778599770129E-5, -0.0010302391938155895, -9.800864600124568E-5, 8.477862412532071E-5, -4.5933882048368165E-4, -1.2993837501294782E-4, -6.578780764729973E-4, -1.438997526423051E-4, -5.953142205476656E-4, 3.4399675053292325E-5, 1.1496128302611928E-4, 1.2941435528846098E-4, 6.044022955800413E-4, -2.08187556871888E-5, 5.807418520608821E-4, -1.3135530796928727E-4, 2.6925720942842796E-4, -8.476590984682525E-4, 3.075208895065161E-4, -0.0010727967361889152, -4.450233293673253E-5, -5.002163872421981E-4, 0.0012306108363572706, 7.848405885439178E-4, 0.0018905519109986642, 0.0011694652377668801, 0.0026572327239507937, 0.002033739598654867, 0.003118662989961765, 0.002150209827075848, 0.003992588751657475, 0.0015165734050031573, 0.003230277340708202, -6.742649532010816E-5, 0.0022928855336028136, -3.491541936061478E-4, 8.50849591760072E-4, -0.0016688857569018215, 7.773689318877282E-4, -0.0020011837810718102, 7.166588795925116E-5, -8.797802118056472E-4 ], [ -9.993787310061278E-5, 0.0015970975498072319, -6.751139673027665E-4, 0.002452277324609045, -0.0015856024441640612, 0.004772236873970806, -0.003169484761860423, 0.005375297486643082, -0.0019062587587689059, 0.003026091877603292, 6.867979667492729E-4, 0.0016599599209118315, 0.0022453951805377088, 0.0011307953450205778, 0.0028988176809341087, 8.641922356802787E-4, 0.002404806095931779, 4.983508918297121E-4, 0.0021696821108286787, 0.0015512232151333053, 0.0012758479281416999, 0.0015140801813400477, 9.766323130295652E-4, 0.0013500017768063187, 9.256564413370443E-4, 9.922802462660383E-4, 9.62324350402699E-4, 8.987294285057033E-4, 7.504889982060541E-4, 4.869249337089452E-4, 3.8548083329475785E-4, -2.487227086641237E-4, -2.139552093569022E-4, -4.946622311537452E-4, 7.974943186178638E-4, -6.313195742432022E-4, 0.0011887920377624793, -5.394716821448685E-4, 0.0010169129698912923, 5.374436973853591E-4, 4.174699992666228E-4, 8.189523283966748E-5, 3.797340163583942E-4, -1.1835219021835236E-4, 2.119716792833324E-4, -8.628908377129178E-4, 3.179123477815464E-4, -0.001221244747890407, 3.049371486632195E-4, -0.001010745585581757, 2.9012184172282844E-4, -7.71141433954453E-4, 2.10550496996231E-5, -5.340017902642958E-4, 7.843431633118874E-4, -0.0010793257836899947, 0.0011923552097434641, -0.0011727067943994507, 9.581302726382162E-4, -5.758495587335202E-4, -0.002886264477232464, -0.0026876408579421607, -0.0019833937762177424, -0.002450763066094467, -0.0011898462856747517, -0.0013450887276928638, -8.03874879946636E-4, -4.394748977720861E-4, 6.467778767961921E-4, -0.001540673909042197, 0.0023673124325361192, -0.0022812287989961667, 0.0013831274589587467, -0.0012364827794881532, 0.0024119516980582113, -0.0023193976694962978, 0.0029847929829508245, -0.002380731254834597, 0.002428921108376839, -0.001011184933476591 ], [ 0.0019459692808390502, 4.115434073173439E-5, 0.0030503838700177348, -9.815041575552883E-4, 0.004550280320392797, -0.003169484761860423, 0.007063912310835986, -0.0033240316460980625, 0.004819938390263741, -3.787728550289583E-4, 0.0025422323864803904, 3.067682209243975E-4, 0.0023916342903139384, -5.73360619026994E-4, 0.001891848755047131, 0.0016306339840224113, 0.001054191200005599, 0.0017701418559077616, 0.0020976809139741084, 0.0012541277287274786, -0.0023585175833502276, -0.0024130770135159145, -0.002251903913182537, -0.0022933117565790955, -0.002032812832392575, -0.0018925795848364368, -0.001977156379329411, -0.0014551342784871, -0.0011263761653592481, -0.0016203677457310838, -9.640985583853987E-4, -0.0014400660943356823, -1.1183624058913404E-4, -0.0010735147380901977, 1.6650876312331524E-4, -0.001252731589160936, -1.2910108716378564E-4, -0.001237321104139491, 7.580117361084338E-5, -0.0014345566448068572, 1.525882524136871E-5, 3.636903043991123E-4, -5.641214321676207E-4, 1.342461469602425E-5, -9.113923641049423E-4, 6.533660586271792E-5, -9.501465229355796E-4, 3.0814866733235957E-4, -9.361327037624223E-5, 3.9592523361503215E-4, 5.101261138784059E-4, 1.2626690343303583E-4, 6.144460550918905E-4, -1.6681276139571385E-4, 3.9345041420254146E-5, -9.07703927292531E-4, 1.1214825796122601E-4, -0.0011621922982736795, -1.6174636456749606E-4, -4.913766910494863E-4, 0.0011713852779397958, 5.168041616731065E-4, 0.002078304212875866, 0.0013100259713649933, 0.0030202428968622097, 0.0024501723127822437, 0.0034971638498747532, 0.0027427690815989727, 0.00428875994671518, 0.0025827107835117266, 0.0028875132210639276, 6.065107910869047E-4, 0.0022906042967791506, -3.650768653804015E-4, 3.406135533461583E-4, -0.001696678453281455, 3.5025831842084855E-4, -0.002078820950812035, -2.081644515401961E-4, -7.906390146795979E-4 ], [ -4.500285985306906E-4, 0.0015626148250234484, -0.001136915413527209, 0.0023825780881287866, -0.0017835921427661284, 0.005375297486643082, -0.0033240316460980625, 0.006546871315169862, -0.0017445967839401738, 0.003691338856621101, 0.0017708522774610813, 0.0018302631670593838, 0.0036140391711519788, 0.0010739846975471523, 0.004384994194635929, 0.0011418825447259311, 0.00370684350412754, 7.319845630614038E-4, 0.0034095015823546997, 0.0018110899309253365, 0.0028593234250208982, 0.003040405185206506, 0.0024203656394328173, 0.002814666570502621, 0.002109592662352644, 0.002225056209309359, 0.0019435234158687628, 0.0018430110126323154, 0.0016721417131379125, 0.00109510072933692, 0.001262779380437114, -1.8421668146524346E-5, 4.8248187019958133E-4, -4.8516933285135783E-4, 0.0012289787655188514, -3.845856733794351E-4, 0.0015447317567661419, -3.634231370370813E-4, 0.0015484001693575524, 7.502151984785414E-4, 0.0010520477339034206, 7.516460873855152E-4, 8.491528949661066E-4, 3.59691997210769E-4, 4.280600257060321E-4, -7.168669260998923E-4, 2.7034988658387155E-4, -0.0013880936772282947, -7.804687635227492E-5, -0.0012363680948744103, -2.1535276695852057E-4, -9.877532758306611E-4, -4.7105759136957515E-4, -7.392629822423711E-4, 4.499837756442181E-4, -0.0011306519439128416, 0.0010870673901508911, -0.0011689477759342917, 0.0011715304812665631, -5.437520700061353E-4, -0.0062895365489826945, -0.006134225282918883, -0.004919523264066371, -0.005343554036771432, -0.0039061538254255867, -0.003530441708027027, -0.0035938434219576, -0.0015337258948802017, -0.0019739676310892244, -0.001792972767065983, 6.350860326221453E-4, -0.0026258138596804235, 3.489045227583638E-4, -0.0016366071733693852, 0.001967775447205814, -0.002363900802889161, 0.0029371362801481004, -0.002298257905156774, 0.002944914650405919, -8.563034201943506E-4 ], [ 0.0011269483326363625, -1.0587798687529043E-4, 0.001921334174856841, -9.228150130287027E-4, 0.0031296848404363145, -0.0019062587587689059, 0.004819938390263741, -0.0017445967839401738, 0.003810685725464057, 6.992816207270495E-5, 0.0030905504146613028, 1.0917193848101591E-4, 0.0030896899866116835, -5.64188958973305E-4, 0.002664282220302943, 0.0011569127126294708, 0.0014125564293675712, 0.0014226102031334909, 0.0018705955769456513, 9.500241619230234E-4, -3.100179630769617E-4, -3.8244898265849306E-4, -3.0360434861371094E-4, -3.6136573097897493E-4, -3.3509100355823355E-4, -3.020428902985276E-4, -6.123984073763207E-4, -2.265205546961612E-4, -2.1148578345318687E-4, -6.447286265134979E-4, -1.7414473660109592E-4, -7.724668560954012E-4, 1.770810267038459E-4, -6.835623675107729E-4, 2.333207069512551E-4, -7.257594093210985E-4, -8.147279743386122E-5, -7.401287962481246E-4, 9.250870271818184E-5, -9.390725077480078E-4, 4.7384098593918213E-4, 6.97353063532499E-4, 3.754032992890067E-5, 4.2428476733282394E-4, -3.408112530468586E-4, 2.584703476619561E-4, -6.761141555207484E-4, 1.1272085358436532E-4, -3.98894366300904E-4, -4.967754335538432E-6, -5.5430411666807525E-5, -1.2164892895237463E-4, -8.258500500536893E-5, -8.57488709916223E-5, -1.6913294468998467E-4, -6.947296479045519E-4, -2.0049024491050922E-5, -8.641973194067363E-4, -6.50745769118441E-5, -4.199771837509275E-4, -0.0021100414839542525, -0.0025193612247461665, -0.001295617775523668, -0.0019105202647061235, -5.659851823265382E-4, -8.942400075606889E-4, 9.080465309833832E-5, 3.625412188097669E-5, 0.0013707930353217925, 4.8258442349251383E-4, 0.0014559382495293548, -5.762650754620879E-4, 0.0011222785106073337, -4.273199950237012E-4, 3.012316333641105E-4, -0.0014357723101006692, 2.8311136108053717E-4, -0.0015987408200213449, 6.823819424445126E-5, -7.442731985251214E-4 ], [ 2.658636441735629E-4, 0.0011909157363952164, 1.8843307961055882E-4, 0.0014622395686336863, 5.242212177454888E-5, 0.003026091877603292, -3.787728550289583E-4, 0.003691338856621101, 6.992816207270495E-5, 0.0027201360942548844, 0.0016605592058017613, 0.001991289881913192, 0.0028047856643416127, 0.0010526331556186032, 0.003577451633898803, 0.0014565950013443775, 0.002854562378506228, 0.0014375687839984508, 0.0027165760852889114, 0.0020407357122742263, 0.0010807978145330318, 0.0013256997411710057, 7.745328738252746E-4, 0.0012394567623681368, 6.570214650421684E-4, 9.764221008061704E-4, 5.64065025538397E-4, 9.374604986450879E-4, 6.026622046173835E-4, 4.436957684195339E-4, 2.500071943290587E-4, -1.0382433414197394E-4, -1.7240816017086673E-4, -3.5822289398513847E-4, 6.105727359733735E-4, -3.924926680882496E-4, 7.332541292889264E-4, -3.271182297202933E-4, 7.729895348377877E-4, 2.63989182382939E-4, 7.429846038908496E-4, 5.232243242338435E-4, 4.187710724529669E-4, 1.6921242683578836E-4, -1.0069574424612695E-5, -5.548848012953035E-4, -1.2740993268825257E-4, -9.437982198372591E-4, 2.1211269702634782E-5, -7.894640792095435E-4, 1.1752918946062959E-4, -7.154234949083027E-4, -2.4828922337137208E-5, -7.453392515623038E-4, 4.23704897643255E-4, -0.0010570413608332373, 5.889884844525027E-4, -0.0010887985980779012, 5.145771891221444E-4, -5.299937389452432E-4, -0.003979885580084857, -0.0038845213722636628, -0.002588451350954728, -0.003229986647451897, -0.0012219083086144385, -0.001883361851084891, -3.814905718158081E-4, -4.7563624097050254E-4, 0.0010149210493173673, -8.097927310650381E-4, 0.0019730496646791257, -0.001991457292235536, 0.0013920944128110037, -0.0019066445037819598, 0.0019135484927094231, -0.00232422574938413, 0.0018876231194066284, -0.002122912216005749, 0.0015791257391770648, -8.479063140951249E-4 ], [ 3.251854220410837E-4, 3.0814592068177204E-4, 5.09891005296935E-4, -1.232348184820358E-4, 0.0017481420235086994, 6.867979667492729E-4, 0.0025422323864803904, 0.0017708522774610813, 0.0030905504146613028, 0.0016605592058017613, 0.005617515053313189, -4.3754016905145593E-4, 0.006324433685649474, -0.001263179830543703, 0.005394285981983637, 9.017376063634532E-4, 0.0028951423289485883, 0.001255287034603684, 0.003226738844873546, 0.0010810508713974677, 0.0021113235238545205, 0.0018858353316004, 0.001923068622945431, 0.001768936733835994, 0.0015357551466148136, 0.0013463558134052696, 8.85243000891975E-4, 9.967524149438326E-4, 0.0011139673030073755, 4.416008508123282E-5, 0.0011239662934863462, -9.464999708100068E-4, 9.131211607720488E-4, -9.224940331890564E-4, 7.88347813117405E-4, -4.734691605556041E-4, 3.543421532137632E-4, -4.4227018289985735E-4, 8.361627484789636E-4, -3.3441505786847516E-4, 0.0012878734742326505, 0.00145235256323711, 8.649272129313902E-4, 0.0010425904510759814, 2.742518597529026E-4, 2.979277674062911E-4, -4.6070909636183687E-4, -4.8288281514518585E-4, -8.525747074188054E-4, -7.492661254273627E-4, -7.418928581160153E-4, -5.450492469235826E-4, -0.001053162926506951, 1.5147512266427369E-4, -5.222716298009729E-4, -8.26750497739879E-4, -2.339318702014088E-5, -0.001083931569588646, 2.76117942171924E-4, -6.303888187742284E-4, -0.007054342555950034, -0.007409740451292586, -0.005898271666045665, -0.006358066328774883, -0.005465878776329886, -0.004356881415004619, -0.005132474222390473, -0.0016707132486033884, -0.0029326206413788692, -9.023256471396191E-4, 1.742037549076431E-4, -0.0020754878568149566, -3.469658228349499E-5, -5.513243834073895E-5, 2.046528679758939E-4, -0.0017436928544223658, 6.224471268862089E-4, -0.002005050771019959, 9.854444148058679E-4, -0.0011263488158770548 ], [ 3.486952328577963E-4, 6.09645726791291E-4, 7.915334734811072E-4, 5.870461969449172E-4, 3.7765441543012677E-4, 0.0016599599209118315, 3.067682209243975E-4, 0.0018302631670593838, 1.0917193848101591E-4, 0.001991289881913192, -4.3754016905145593E-4, 0.003371889951735809, 1.5842438862032808E-4, 0.002377585651040271, 0.001994365309604409, 0.001987409724515487, 0.0022076222480541204, 0.001994352138594806, 0.0016657295552475514, 0.0021925875313025074, 9.533800030180314E-4, 0.0015196641414050942, 6.445870092569299E-4, 0.0014917505654153175, 6.155335858450917E-4, 0.001350108301013824, 6.166489296941689E-4, 0.0014116503820317647, 4.307743201698383E-4, 0.0011904251641603456, -1.6597457678067703E-4, 0.0012864465241107592, -6.253066355551003E-4, 5.029714997237622E-4, 2.587043975067873E-4, 1.112035867740573E-4, 4.3864886116411564E-4, 5.606515489148591E-5, 1.814324687839383E-4, 2.524596180994756E-4, 6.868775988064312E-4, 3.5461006693846215E-4, 2.8532469697575895E-4, 5.514856158505318E-5, -1.4245388203549113E-4, -4.2719866173389565E-4, -2.2843315981120802E-4, -6.063414511872197E-4, 1.350955775175979E-4, -4.350216870417902E-4, 2.8296947139379384E-4, -6.761945503251863E-4, 4.7380499739908794E-4, -0.0013553998303894423, 7.892597928914109E-4, -9.634705445745746E-4, 5.098380499525679E-4, -7.3606357364556E-4, 2.772144514976647E-4, -2.988640864869561E-4, -0.0034446645386145363, -0.0030300063506756734, -0.0019445665677659634, -0.0026587744326697672, 2.6941482699332283E-4, -0.0023078534905655924, 0.00225844136602847, -0.0017467848472897903, 0.003212357130684581, -0.0013290628689423486, 0.0020298905137338475, -0.0018272910972272991, 0.001925988402686891, -0.0034198483573102353, 0.0025979995594401614, -0.002318749798861139, 0.0016982304406898577, -0.0015380555869193798, 0.0010505855946907827, -4.646799584847226E-4 ], [ 8.69535109639657E-4, 0.0010341279064573377, 9.846553270384654E-4, 8.193545789743956E-4, 0.0018931575184961591, 0.0022453951805377088, 0.0023916342903139384, 0.0036140391711519788, 0.0030896899866116835, 0.0028047856643416127, 0.006324433685649474, 1.5842438862032808E-4, 0.00809211551902957, -8.15398398924185E-4, 0.007220857967772862, 0.0017395751439214587, 0.004491343019095175, 0.001598846355171402, 0.005174460136361743, 0.0017790223949850333, 0.0028470445170269525, 0.0026022454723966465, 0.002599242485968555, 0.0023189075568485285, 0.0022244791400375507, 0.0017387427803991972, 0.001606081474322968, 0.0012402096852373132, 0.001727958256017389, 3.6994467265873474E-5, 0.001575312327086536, -0.0014134376554903391, 0.0012705562623545495, -0.0015206976572474593, 0.0014223989781276707, -0.001118966601355621, 0.0011112717977705784, -0.0011333294088192109, 0.0016045764377445595, -5.103234831394148E-4, 0.001592483604569608, 0.0017540297583760304, 0.0010132926749614668, 0.0011485209622317074, 2.658082215619976E-4, -5.0634956537096875E-5, -4.038666975439228E-4, -0.0010083573642885113, -7.298519959240898E-4, -0.0011865648899449326, -4.5763510155020793E-4, -0.001014037824220489, -9.131873863409406E-4, -2.4125426896807965E-4, -1.5130065749939444E-4, -0.0015809332514482679, 7.194315970573459E-4, -0.001918593724416838, 8.70878037286308E-4, -0.0010059281811543189, -0.008900675778383018, -0.009486354427451361, -0.0071382478887264495, -0.008123560469520827, -0.0060688201360430205, -0.004913616532563289, -0.005662455606474331, -0.0014452672444494744, -0.0026903554786649867, -0.0010766336294904164, 0.0014858884236803927, -0.003205911259291944, 8.525484434909757E-4, -7.232087334566961E-4, 0.001202873730858962, -0.003150254415635944, 0.0023083060698057896, -0.00359431867332425, 0.0023870139228432887, -0.0017780899264463654 ], [ 1.5036161093977772E-4, 3.112454794924775E-4, 4.057337084325493E-4, 3.437506047043762E-4, -2.2355524721256076E-4, 0.0011307953450205778, -5.73360619026994E-4, 0.0010739846975471523, -5.64188958973305E-4, 0.0010526331556186032, -0.001263179830543703, 0.002377585651040271, -8.15398398924185E-4, 0.0020444795686736647, 7.590387952572161E-4, 0.0011479823710561895, 0.0013972097429868404, 0.0011001981311950216, 7.356675257050653E-4, 0.0012885552774792191, 0.001013079408709436, 0.0013731494523280786, 8.493372537156859E-4, 0.0013036661732020746, 8.220478533322135E-4, 0.0011937455759724967, 7.912141139769911E-4, 0.0011176610543932456, 3.880562126365609E-4, 0.0010457287430932338, -1.0067180569253538E-4, 0.0012188506587580506, -4.8160160938945005E-4, 6.360750141027401E-4, -5.6168395591907154E-5, 2.9846272696545744E-4, 1.332293420030716E-4, 2.1719816715173754E-4, -1.316273737952124E-4, 2.4919694709740905E-4, 4.0337840349499623E-4, 1.3654691502809358E-4, 2.220579902160019E-4, 3.6598243658164606E-5, -8.16313034779449E-6, -2.5561273757323155E-4, -6.675128182391745E-6, -3.6262398383168166E-4, 1.7237851725681962E-4, -2.9166672724590596E-4, 1.9877550620104868E-4, -5.12167288131949E-4, 2.8302166634010516E-4, -0.001063688695233239, 4.2901150564410794E-4, -4.056135658348226E-4, 1.5701579230303374E-4, -1.282972848542335E-4, 6.906997909327783E-5, -2.3286727394118768E-5, -0.0023452447719023413, -0.002039581135122961, -0.0014939732472199654, -0.002106047460720053, 6.628489298834218E-5, -0.0020446851697018807, 0.001414058039513155, -0.0018135904919677065, 0.0017862781155225157, -0.0014559189860238024, 8.350738157566898E-4, -0.0013970473364209477, 8.346396658296028E-4, -0.0026408859384728202, 0.001455848765722883, -0.0010996520699235023, 7.401695755609848E-4, -3.5011985569174833E-4, 4.323995379876577E-4, 3.2915731402242333E-6 ], [ 4.91285483351625E-4, 0.0010653103916937467, 7.264709351651579E-4, 7.320784593104141E-4, 0.0015372859435729466, 0.0028988176809341087, 0.001891848755047131, 0.004384994194635929, 0.002664282220302943, 0.003577451633898803, 0.005394285981983637, 0.001994365309604409, 0.007220857967772862, 7.590387952572161E-4, 0.00802683228466311, 0.002247423163469257, 0.0062104411501017805, 0.0023802689368985696, 0.005734884893744815, 0.0028847275167680902, 0.00410744537000998, 0.004074523052123525, 0.0036597524284569753, 0.0037971565898963925, 0.003053239355272486, 0.0031186351471950337, 0.002193563437389346, 0.0024477816038480215, 0.001982146809196381, 9.99949064822126E-4, 0.0015003860678554379, -3.031560187569193E-4, 9.505685440375352E-4, -7.572571914805444E-4, 0.0011844675731704207, -6.287115059335236E-4, 0.0010700978595115833, -7.076668806013834E-4, 0.001302868307639285, -1.8607976088176153E-4, 0.002024013971661545, 0.001973373247888241, 0.0013154541064927384, 0.001315227145189861, 3.0673328042600523E-4, -7.34721178729056E-5, -4.7679187236575327E-4, -0.0011631628396428747, -8.644885181792383E-4, -0.0013634632391333675, -8.327000848232099E-4, -0.0012954957828376725, -0.0012379253849455897, -0.0010753722555338794, -4.877808781891703E-4, -0.0014283642396406798, 2.7468143133018395E-4, -0.0014313911531043005, 7.719209862339892E-4, -6.833604311759516E-4, -0.011585977987302704, -0.011928344076992533, -0.009191704474180626, -0.010568290862903115, -0.0071543873673175825, -0.007417185564588949, -0.006051754591337315, -0.0036490060845350866, -0.003062012838076468, -0.0024867869249661765, -3.514599091819753E-6, -0.003830508658890415, -1.2999053342933707E-4, -0.0028405431749214238, 0.0010650285142865346, -0.003105397839760162, 0.0018582003350093412, -0.002704618398081174, 0.0023988458762068724, -0.0010272892272603935 ], [ 8.980539710325213E-4, 5.409011984240754E-4, 0.0013723753710213732, 4.446539320471458E-4, 0.0012316547585576238, 8.641922356802787E-4, 0.0016306339840224113, 0.0011418825447259311, 0.0011569127126294708, 0.0014565950013443775, 9.017376063634532E-4, 0.001987409724515487, 0.0017395751439214587, 0.0011479823710561895, 0.002247423163469257, 0.002009402791277794, 0.0017382682263569413, 0.001597874325661414, 0.0023031598967552438, 0.0014740959476075035, 6.402787701932803E-4, 9.519610061614198E-4, 4.77595365731406E-4, 8.474679016302803E-4, 5.484617347270381E-4, 7.114075678647748E-4, 6.576848034930843E-4, 7.390275401957361E-4, 7.036784175215374E-4, 5.2684093431458E-4, 3.428329920163103E-4, 3.1807298785834404E-4, 1.4525367578020114E-4, -3.036188203571561E-4, 7.65892397821783E-4, -4.296232068860065E-4, 7.447407337084672E-4, -5.224562749576001E-4, 7.759455910767261E-4, -2.2477811378043285E-4, 6.575326861585262E-4, 5.973029752105264E-4, 1.9559169283895936E-4, 2.006624214287026E-4, -1.8345785203670336E-4, -3.156020407783548E-4, -2.7291803959731965E-4, -5.029292616206589E-4, 7.179516029783718E-5, -3.445249503470725E-4, 4.6199370559737757E-4, -6.00948223117034E-4, 6.196875195896407E-4, -9.086077202296547E-4, 9.187269078841515E-4, -0.0012668451592840108, 9.399125027419618E-4, -0.0012924091111829149, 5.397370216620004E-4, -5.909570405127583E-4, -0.0029610466412999512, -0.002954267074596649, -0.0016383249636607196, -0.0022497881643441233, 1.1090959744149763E-4, -0.0011813324490047678, 0.001506778043091839, -2.6748329908753805E-4, 0.0025997604045251907, -3.4272132932253394E-5, 0.0026329470174088153, -0.0014905363670510766, 0.0024357887684480157, -0.0020629628160569666, 0.002459593265613014, -0.002601389726305322, 0.002246772280878507, -0.00250277246728555, 0.0014335896555451313, -0.0010704199019934573 ], [ 6.812421441592975E-5, 8.190006274136529E-4, 1.291726277473923E-4, 5.283880369887557E-4, 7.884390738509897E-4, 0.002404806095931779, 0.001054191200005599, 0.00370684350412754, 0.0014125564293675712, 0.002854562378506228, 0.0028951423289485883, 0.0022076222480541204, 0.004491343019095175, 0.0013972097429868404, 0.0062104411501017805, 0.0017382682263569413, 0.006285842706563477, 0.0016693703904720708, 0.005242808522719548, 0.002552092452146974, 0.003998766542042596, 0.0039032897622689735, 0.0035643901164957824, 0.003668012312445222, 0.0028883315874143364, 0.0031406898994722765, 0.002140691523051948, 0.002383104537425359, 0.0017867630371793464, 0.001070943220631249, 0.0013588382223958429, 4.712307950892043E-5, 0.0010879454285315146, -3.5649449322494684E-4, 0.0010006929317805545, -4.4408340932737886E-4, 0.0012017569773126932, -6.208755508220627E-4, 0.0011827752403405574, -9.464243740046136E-5, 0.0016710255573648062, 0.0016373050035969055, 0.0010653213722324336, 0.0010792717678726, 1.6867603141171184E-4, -7.670004882656751E-5, -3.41768572754329E-4, -8.709134548719147E-4, -7.740282052695229E-4, -9.848784272237783E-4, -0.001023841522407865, -0.0010232049709709757, -0.001294956522523258, -0.001345485045809378, -9.831908472828948E-4, -7.39734684060006E-4, -4.2638273604462065E-5, -5.066137057886785E-4, 8.046168746541251E-4, -5.2434554477139516E-5, -0.009844753108777816, -0.010261031009220701, -0.007825533415194423, -0.009057133150540934, -0.006100246893031526, -0.006288196620580836, -0.005847411284590103, -0.0033230199927241364, -0.004222062821256572, -0.0018562526921280973, -0.002793147885601373, -0.002250745849571407, -0.0020536692049881976, -0.002990048616500749, -6.082394211110897E-4, -0.0015273414470470452, 9.698734054148805E-4, -8.547663516647181E-4, 0.0022243650811414493, 3.197844600360786E-4 ], [ 6.271296928000827E-4, 4.207609593041635E-4, 0.0011008473533090021, 1.356180617112002E-4, 0.0012834191381338824, 4.983508918297121E-4, 0.0017701418559077616, 7.319845630614038E-4, 0.0014226102031334909, 0.0014375687839984508, 0.001255287034603684, 0.001994352138594806, 0.001598846355171402, 0.0011001981311950216, 0.0023802689368985696, 0.001597874325661414, 0.0016693703904720708, 0.001976156602155256, 0.0016292138327884296, 0.0018214068125145962, 3.5102472034262563E-4, 6.306224925723652E-4, 1.902252303999164E-4, 6.272805496932148E-4, 1.6613626451083568E-4, 5.600805815567977E-4, 5.655949244112184E-5, 6.483259982184101E-4, 1.543882874250479E-4, 4.6773755429603396E-4, -2.0549906907397613E-4, 4.967588069232084E-4, -5.077253200092831E-4, 2.281961518712519E-4, -1.1359013217191137E-4, 2.827584592573059E-4, -3.27621607807377E-4, 3.217796589319484E-4, -1.056080113841274E-4, 7.701387895974269E-5, 7.081162478231545E-4, 5.668672024605604E-4, 2.864970250293888E-4, 2.764804948189435E-4, -1.768415357209226E-4, -1.3606141078644158E-4, -4.057470971694029E-4, -3.9754253627883896E-4, -3.0460051080545602E-5, -3.455244214628061E-4, 2.1655800682457627E-4, -5.169885625376215E-4, 2.2804343541734523E-4, -8.224004838614814E-4, 2.2952444184027993E-4, -6.678032820232903E-4, -2.8320881372641407E-4, -5.637294392888895E-4, -3.6339292139339315E-4, -3.4966361528850743E-4, -0.0031776319284633177, -0.0030291326865204953, -0.0018297485331243853, -0.0025425366974611116, -4.2744799254167484E-5, -0.0017869073862838332, 0.001476937868009803, -5.78612003100303E-4, 0.0022885577780106512, -3.0659636439446774E-4, 0.00203799931557733, -0.0015774457563873965, 0.0017088812416733957, -0.0024048119677411, 0.0014633441006504536, -0.001666341608523872, 1.748921602204677E-5, -0.001070831459903802, -2.909260467060895E-4, -5.745258869325466E-4 ], [ 9.085119141755964E-4, 0.0011031710625248549, 0.001034251058768953, 9.678322989539986E-4, 0.0015370920954896213, 0.0021696821108286787, 0.0020976809139741084, 0.0034095015823546997, 0.0018705955769456513, 0.0027165760852889114, 0.003226738844873546, 0.0016657295552475514, 0.005174460136361743, 7.356675257050653E-4, 0.005734884893744815, 0.0023031598967552438, 0.005242808522719548, 0.0016292138327884296, 0.005722192923261898, 0.0021993743409090545, 0.0026734556709248633, 0.0025577330074911934, 0.002369580687367882, 0.0022827695177392794, 0.0020201142608878026, 0.0018729143776267622, 0.0017458732214239618, 0.001361293137628606, 0.0017842279540840884, 3.6473330194942337E-4, 0.001495871124450084, -7.663570616960273E-4, 0.001432523016183233, -0.001134391135689256, 0.0015554375449170392, -0.001005458344571154, 0.001610320132647437, -0.0011785042363869323, 0.0018879407720045081, -4.219139374762997E-4, 0.0014264740439392017, 0.0015667773326823692, 7.08668371977035E-4, 8.511874762311585E-4, -8.675108780212005E-5, -3.1651548119536433E-4, -3.689195392539504E-4, -9.337685166156792E-4, -4.351360935338495E-4, -8.362909617229749E-4, -2.467123146024878E-4, -9.82931315932568E-4, -4.013046330698202E-4, -0.0011479617126011372, -1.3979320841100306E-4, -0.0014140002227557523, 8.094584862628012E-4, -0.0014582413004436325, 0.0011113690390684215, -5.437817429300651E-4, -0.007578558370452081, -0.008224561845418943, -0.005524772041677693, -0.00662673661034958, -0.0037606612540719633, -0.0033234932036337174, -0.0036515988733631147, -4.3767857677533343E-4, -0.0021220342650889647, 2.6286281010113363E-4, -2.113948046522862E-4, -0.0018199027464566942, 1.298843468304846E-4, -0.0021555400653519435, 5.818303045701826E-4, -0.002569251385106582, 0.0022939173859657168, -0.0025971780982003987, 0.00274345415258076, -6.715624728566246E-4 ], [ 6.878859563857196E-4, 0.0010178179922274125, 9.36539420039285E-4, 9.374080779009993E-4, 0.0010760283775353688, 0.0015512232151333053, 0.0012541277287274786, 0.0018110899309253365, 9.500241619230234E-4, 0.0020407357122742263, 0.0010810508713974677, 0.0021925875313025074, 0.0017790223949850333, 0.0012885552774792191, 0.0028847275167680902, 0.0014740959476075035, 0.002552092452146974, 0.0018214068125145962, 0.0021993743409090545, 0.002312405418543694, -1.5333872047816667E-4, 8.010861045372231E-5, -3.5557185054403294E-4, 8.793945533377615E-5, -3.7402567761801075E-4, 8.507246056981655E-5, -4.593315966747337E-4, 2.3886420691986867E-4, -2.945758256047461E-4, -7.486663565932662E-5, -6.267937867835427E-4, -1.7537022763296271E-4, -7.779778867024844E-4, -1.3170800898649934E-4, -7.790173054894164E-5, -2.931364970772975E-4, -1.8031184969635912E-5, -1.827991629436694E-4, 1.71193709458783E-5, -2.5781362305863178E-6, 4.5176447391651964E-4, 2.5873306177346637E-4, 9.358045534087967E-5, -1.0985458413906902E-5, -3.3678254277706715E-4, -4.767405435025627E-4, -3.553011899797172E-4, -6.431791990187418E-4, 1.4524174601492467E-4, -4.91458250627223E-4, 3.051644032215494E-4, -5.286308405096348E-4, 1.5359179771348773E-4, -8.401240999509425E-4, 1.0653577236343454E-4, -7.493323916989079E-4, -9.211871910625543E-5, -6.896878258983546E-4, -1.1357126328938648E-4, -3.4268976455070787E-4, -0.0021657097809583787, -0.0021510207326995968, -8.069766811905051E-4, -0.0017472717708351538, 7.949967021023954E-4, -6.942595000861317E-4, 0.0017610797408738623, 2.863872743923326E-4, 0.002724137099293317, -2.1719872731077835E-4, 0.002309465438489767, -0.0014616505624120734, 0.0015091493366242244, -0.002307682887631106, 0.0012618010932725341, -0.0017982689344708419, 5.289666368659724E-4, -0.0013185688299613865, 2.8899297127767294E-4, -4.50446457147539E-4 ], [ -0.0018720259054960634, -0.001313798087500872, -0.0019535808049253893, -0.0016427487360916, -0.0018942637970586077, 0.0012758479281416999, -0.0023585175833502276, 0.0028593234250208982, -3.100179630769617E-4, 0.0010807978145330318, 0.0021113235238545205, 9.533800030180314E-4, 0.0028470445170269525, 0.001013079408709436, 0.00410744537000998, 6.402787701932803E-4, 0.003998766542042596, 3.5102472034262563E-4, 0.0026734556709248633, -1.5333872047816667E-4, 0.008625193243241078, 0.008547153656141412, 0.008175425544685684, 0.00813044561656264, 0.007064736844742905, 0.006964278884048583, 0.005896905563524784, 0.005355447199516981, 0.004507540711690896, 0.00411827428299849, 0.0039446600005086044, 0.0030481209053968726, 0.0027475441213306016, 0.0012906311843957484, 0.0012724083717658337, 0.001769098597216763, 0.0010502484020903655, 0.0012287068711360285, 0.0011589901362820225, 8.859130378934695E-4, 0.0026552699545782225, 0.002627307736870946, 0.0022890080126267273, 0.0022499096718818752, 0.0014967454632726432, 0.001138408746314083, 2.1542672399204736E-4, -2.4192316068733717E-4, -0.0016627192033637499, -8.761841797915761E-4, -0.0023206277595182487, -0.0010692283390665181, -0.002191958937554831, -0.001118831097826844, -0.0010931995335056015, 2.520202509636064E-4, -4.1237303864962067E-4, 8.18688245957185E-4, 7.750835605505232E-4, 4.765447961681627E-4, -0.015757008193071326, -0.015506679061951373, -0.014577183814089052, -0.014528068803195317, -0.013467951287527747, -0.013238241559344215, -0.012418802512961648, -0.009682565898724444, -0.01142023054504953, -0.004963166745534719, -0.008116815343034961, -0.0029015798224911464, -0.