{
  "weights" : [ 0.7612863954848486, 0.741692402347919, 0.7581345956385801, 0.7366596811159988, 0.746952690887374, 0.7331619630561749, 0.7309520167564861, 0.7320807381324497, 0.7483022076505697, 0.7490609379289577, 0.7867766102803161, 0.7346179549393792, 0.8088525263163597, 0.7357083884190314, 0.8110923131016754, 0.7021870703882744, 0.8055435277635288, 0.7140842029156445, 0.7766368386238073, 0.7343583477040537, 0.1856176072274505, 0.1812986795077544, 0.18267562831156897, 0.17740525543475977, 0.1947102899394155, 0.1986027148242235, 0.20993918106386722, 0.22973425779556697, 0.24163652613601203, 0.28393714803271286, 0.27139482769315193, 0.4019882930894896, 0.2546598237393376, 0.49446451625743254, 0.25125991018071125, 0.493949209540348, 0.30983619992094513, 0.4734952264024095, 0.3538065469502542, 0.4278134546656932, 0.5126431319042406, 0.5406626852886958, 0.5210715172351086, 0.5608105343517826, 0.5262888713342222, 0.5733200676629363, 0.536540998849921, 0.5727080025097305, 0.49573350675665256, 0.5284214838559992, 0.4194157360730204, 0.43734741798796545, 0.3581966989896277, 0.36171599824718764, 0.3775225419300539, 0.37478240888756953, 0.339252695396528, 0.3716037640154162, 0.3645396000454179, 0.36290624220339696, 0.2062051516782249, 0.2027586902785936, 0.20667041334863173, 0.18547410193409541, 0.17695492282593034, 0.15993624982175556, 0.09416239283411515, 0.1124992503141849, -0.01695980998255083, 0.018742909309936873, -0.14312386504897986, -0.11853272614257208, -0.24797578517223057, -0.13056678104207106, -0.2486505851829729, -0.17489880118887935, -0.21567264817719534, -0.21584757033370622, -0.20034601241496366, -0.2327127838111769, 0.8066623468901319, 0.7991753129840579, 0.7979020152340328, 0.7733052343421526, 0.7601207958155867, 0.7292714021943212, 0.665964926263813, 0.6383617527957285, 0.5060781388013209, 0.48680558317682177, 0.28380953141641946, 0.23138568886474514, 0.10610489034591108, 0.05157024584568903, 0.006499241698528526, -0.008234151290776627, -0.009428334528892215, -0.02068104856801095, -0.01388541525290877, -0.00900223597689525, 0.30096203852012965, 0.30480697578651417, 0.29534860014361847, 0.3096268730038427, 0.3055657228200787, 0.32369028025776836, 0.33613764736953006, 0.33956646210780234, 0.36437855514956113, 0.35929806154119714, 0.3502008218260831, 0.33667717898196636, 0.2732396094663667, 0.24117274112092021, 0.16491403969814503, 0.15483390106955416, 0.11139320317245775, 0.14071336845354804, 0.0956107905109246, 0.1380844688553141, -0.5667948539092387, -0.5629354837458629, -0.5610968206367998, -0.5411410569344939, -0.5459705550794178, -0.5111093407103354, -0.5013577378141743, -0.4616332238197745, -0.4268008301022928, -0.39052190282153343, -0.30478412193412924, -0.24046825658812437, -0.15224280167599402, -0.129007303869761, -0.04346821402888135, -0.05478309316285405, -0.04085730765145419, -0.052660789517979034, -0.03712649433630269, -0.05480430842533533 ],
  "covariance" : [ [ 0.006752107622593372, 0.006424248648683126, 0.006234080464262755, 0.006003113861691275, 0.005527755473499909, 0.004680308493786582, 0.004167385077285437, 0.003025847546042297, 0.0024418912822359155, 0.003410308612005284, -2.512982643272352E-4, 0.0031750694200303343, -0.0038974515587364062, 0.007083031698338114, -0.010824671888145664, 0.008748472177867957, -0.011195509941507443, 0.006009277351705077, -0.007792123986058101, 0.0010575291211415052, -0.010833411260850306, -0.009746688613740619, -0.010777524265770624, -0.007795659113582351, -0.011626046609755985, -0.005443614120927638, -0.012536422256993165, -0.004545588208478615, -0.009800411931795906, -0.007781390424697915, -0.004781573462882958, -0.00912121745519075, -0.0013065692060973601, -0.0153388164035789, 0.007190524810104769, -0.022555037430074247, 0.00979600872088921, -0.017938587312150367, 0.004216737422901594, -0.008948893608972393, -0.0034470228226311265, -0.0034801813982109873, -0.0026785204904610695, -0.003600809327018623, -0.0015042568912316304, -0.0033649058318747935, 8.181213895551404E-4, -0.0023356566595740223, 0.0011373374330944344, 8.806608477189733E-7, 3.549098863506816E-4, 0.002569785046527641, 0.0029882125919595028, 0.00402135848357246, 0.008588381681900818, 0.006651867449826087, 0.007989501938799621, 0.006788978945950736, 0.0072511483359361684, 0.006107176101818302, -0.0026320406928841194, -0.004049021565478171, -0.0022449333127926604, -0.005696689912738706, -0.0012023233452381644, -0.006035698197466061, -0.0019069793423514855, -0.0052023878486424134, -0.003495213606899021, -0.005994507933957801, -0.004212922105700004, -0.00878300367502852, -0.0018469755466263673, -0.011184313839926375, 0.007691079185982573, -0.011400511180229925, 0.0038192585717751358, -0.004898648569994968, -7.011314126908766E-4, -0.0019347393485461548, 0.01017155634554182, 0.008987214109571014, 0.009991274804534562, 0.008164860204223466, 0.009871775575916127, 0.007749579524748487, 0.009959799331315649, 0.007302754026101842, 0.008412592203066224, 0.0068140652787922, 0.0028685026268927896, 0.00448509550352052, 4.887150082559631E-4, 0.0020162805925902625, -1.6476200933838084E-4, 0.003045864666652578, -2.718028235466802E-4, 0.002931045447033679, 1.0242901215200292E-4, 0.002425569926341851, -0.0027753651878134372, -0.002231174576202681, -0.0024938535123561613, -5.821469586207913E-4, -0.0026080289570077127, 0.0014675523528138539, -0.0010737161554295273, 0.002825658278867528, 0.0020588316290840888, 0.0034277073248210064, 0.003255605653693355, 0.003563309681149956, 0.002314133355757905, 2.3940430794346503E-4, 1.5907071169689988E-4, -0.0025743826403082457, 0.002055015066532722, -0.003713389760551974, 0.0018530176987970508, -0.0016677228535514565, 0.009937071160334232, 0.009788754836926265, 0.009313789399326191, 0.008568904745188125, 0.008947585475281164, 0.007333436128686743, 0.00825126834056245, 0.0066826749302968365, 0.006888817974835627, 0.005677523282022696, 0.00782127507438429, 0.004681415992350443, 0.007976897720087073, 0.0034407472741822477, 0.0071437278985062675, 0.0016249065321031926, 0.004248434120432137, 0.001272518819505094, 0.00338910543750439, 0.002430425226865487 ], [ 0.006424248648683126, 0.007107219511470379, 0.005606729263484838, 0.007113966464633742, 0.005189833985326179, 0.006022527311932082, 0.004211341076844686, 0.004791345338406381, 0.0019797729220818816, 0.005055589383577537, -0.001137345534761981, 0.004590269066912288, -0.003700615171699473, 0.008183263830484731, -0.009797734448358703, 0.01008608169522099, -0.009905034354782292, 0.007292332926694014, -0.006315716813705858, 0.002255011666226691, -0.006772237311278725, -0.00534645086918939, -0.006466048299884148, -0.004103286730840937, -0.005674261544262375, -0.0021658522699778394, -0.00478727134317641, -0.0018236415616179672, -0.001084813176645813, -0.005362626729012373, 0.003334447847854532, -0.007584840715337514, 0.00476966695571389, -0.014256598243703004, 0.010153353186337932, -0.020744852640520308, 0.012101063697966, -0.01604154787614351, 0.005721060660142417, -0.006632527575371885, -0.0036037859139691525, -0.004959783787607434, -0.0025164778648649826, -0.005483596186294057, -0.002132868335463891, -0.005798550970142377, -5.54931954916229E-4, -0.005618340136617581, -9.127572622768576E-5, -0.00390522790376958, 1.2210719892656333E-4, -3.877984911178998E-4, 0.0038131208477524057, 0.0016825122919259749, 0.009617884031023026, 0.004936739815264707, 0.008046052286476922, 0.006044985589397274, 0.007183432430620071, 0.005457214751437081, -0.002392599367598116, -0.0037011542420170964, -0.0020353251809006744, -0.006002304196856853, -4.5815947743685684E-4, -0.006501432180814986, -0.0010665163337615516, -0.004936142454707914, -0.001653899090566671, -0.00474584111770274, -1.7976775176281297E-4, -0.0049071064752870975, 0.0031673624192632643, -0.006064467793891927, 0.01215614790038364, -0.0050417812022864016, 0.008511621670480887, 5.249781757608088E-4, 0.004892474840613398, 0.0027756207821004932, 0.008946947120478055, 0.007746955409098711, 0.00880159405955887, 0.00659087971399691, 0.008574393122534753, 0.00532895906975563, 0.008436578258962898, 0.004517519854711496, 0.007076162891132086, 0.0045057047417418295, 0.002295309569731096, 0.004634439867012823, 7.863542086619756E-4, 0.0032603648485158877, 4.8449600772537053E-4, 0.004119524640175973, 7.23660166824669E-4, 0.0037288475198305085, 0.0013563557678243372, 0.003054056062116019, -0.002866478809691583, -0.0026071317854731288, -0.0022661971574516396, -0.0013155610382567004, -0.0020707634740682063, 7.699412878779769E-5, -5.462079454180177E-4, 2.932630324170907E-4, 0.0017495849789564224, -3.3787030590003126E-5, 0.001958983567968331, 7.240276275633248E-4, 0.001370722159977759, -7.710561443907168E-4, -3.361552242888764E-4, -0.0031623558703799434, 0.002058079002438894, -0.0040414698446066865, 0.0016111781458773376, -0.0021129161397531425, 0.008598353522693425, 0.008177427287426658, 0.008356875140375935, 0.0068534811945222185, 0.007813688086091944, 0.005350344936393663, 0.006598543383772523, 0.004313654252778111, 0.004892928152842303, 0.002870002495250001, 0.005951856932197402, 0.0011494046005205388, 0.0061988000314535715, 2.8932449495684627E-4, 0.005712946709081392, -4.783269320422867E-4, 0.0028618304741126186, -2.312499641954752E-4, 0.002082089682076847, 8.831985892183721E-4 ], [ 0.006234080464262755, 0.005606729263484838, 0.006110146556642642, 0.0050584488996371765, 0.005698441362580975, 0.0038319206209099844, 0.004579713423836732, 0.002192607009009723, 0.003130026524317202, 0.002659660091674537, 3.601306396568293E-4, 0.002521468067654496, -0.0033763414703815485, 0.0067910913963212015, -0.010360855138845947, 0.008728037334704564, -0.010670857457141735, 0.006023400601540915, -0.007319765102999329, 0.001231141763820688, -0.00881975161793332, -0.0075220352105959025, -0.009143424829412621, -0.005331901289360068, -0.010452468277499578, -0.003031530499983059, -0.011507800164089423, -0.0021851772416669286, -0.008951785845633156, -0.005648832233255432, -0.003856692820169059, -0.006962995784831863, -4.9020014966981364E-5, -0.01420643857433534, 0.00784382229064403, -0.02177846808015225, 0.010287009603462299, -0.016696396934671877, 0.004326747667693873, -0.007765838675712173, -0.00343389511409207, -0.003147162791141302, -0.0029907864494764925, -0.0031982180225882096, -0.0018972593230009273, -0.0030356763236071348, 1.556951279357602E-4, -0.0020792816838603088, 1.715320986177468E-4, 9.530720332072672E-5, -7.76548942101963E-4, 0.0018556429647662467, 0.002097552861489278, 0.0030044356667604057, 0.008031354716206755, 0.005976767771174906, 0.0071304109650662546, 0.0059229880835024035, 0.006541658812925489, 0.005209661479756341, -0.0031559535038554066, -0.004047217630138384, -0.002859196928494559, -0.005252776991788261, -0.00199142732321053, -0.005507912058639584, -0.002208213178447513, -0.005156875496621359, -0.0029943933245507445, -0.006146666450474946, -0.003622089585740082, -0.008959394630093105, -0.0011915457367297321, -0.010771427082398708, 0.008405506976550313, -0.011030891262669847, 0.00470669158646206, -0.004358363873433629, -4.069248832045283E-4, -0.0010298513609097502, 0.008549445616441888, 0.0077760219195378835, 0.008176480003022344, 0.0071735740077685985, 0.007925124342283362, 0.00699338276740808, 0.008119833422126277, 0.006484322323720075, 0.006961258407526621, 0.006010587959133203, 0.0018243985840760322, 0.0034554200612112286, -2.4980754341621416E-4, 0.0013510251489234175, -3.637513714050988E-4, 0.0028611077276682415, -2.3397526697501196E-4, 0.002790283850675166, 1.2755410095103339E-4, 0.002362022852077673, -0.002014306454847173, -0.0014103429295296889, -0.002024941470283982, 1.2200960051457398E-4, -0.002432534376067513, 0.001960748300711821, -0.0014403253123375075, 0.0032278749212479433, 0.0010303510946208009, 0.003581422224032643, 0.0021033623060202015, 0.003305522463731571, 0.0014870483047195657, -4.933912106346793E-4, -4.5662802210175125E-4, -0.002810317517664725, 0.0016306477837557613, -0.00371158475570429, 0.0016671541239436348, -0.00169532589620297, 0.008916949961836432, 0.008905624554352705, 0.008305000192290843, 0.007843084568805139, 0.008128708217327855, 0.006754827079499796, 0.007592340573864507, 0.0062442715772786815, 0.006313729311690273, 0.005353880879505523, 0.007300985408177412, 0.004800017971454963, 0.007826135895746295, 0.0037370966957684065, 0.007242290965229886, 0.0015662103812455835, 0.004168158980737779, 9.88810482394631E-4, 0.003224891478466332, 0.0021461921336496793 ], [ 0.006003113861691275, 0.007113966464633742, 0.0050584488996371765, 0.007685399894989729, 0.004492324519628631, 0.007249719259565091, 0.003437032263244193, 0.006628566442410613, 9.964751419150302E-4, 0.0069296890765487085, -0.0021016029978270807, 0.005846885854440011, -0.0031467240973444797, 0.007756050050426725, -0.007650635485200327, 0.010275037309258302, -0.007917390684754604, 0.007788793947294632, -0.004369539831347103, 0.0032709006432608536, -0.0032792748867242092, -0.001762931205165795, -0.0027450211949988325, -5.327949584237102E-4, -9.859804068030533E-4, 0.0013508322022838576, 9.015931860844662E-4, 0.0016838984403335859, 0.004933557972290035, -0.0014301341556493949, 0.008588917573799993, -0.003123821752139475, 0.007934662902745249, -0.00931273781767692, 0.010976456701782503, -0.017359633621903195, 0.013494782301788258, -0.014130008106851867, 0.007058167595655389, -0.004531668677498418, -0.0035011136022584546, -0.005393015036715841, -0.0023381331289341555, -0.006489984661573134, -0.0022775556277124603, -0.007596744274160619, -0.0013202966949248337, -0.008131113426750639, -0.0011661632533348865, -0.00726893565047824, -6.68491225649091E-4, -0.003489387598656892, 0.003011397180364923, 5.922473500093086E-6, 0.009066182338669336, 0.0037839418314742374, 0.007678735246387414, 0.005370950998873855, 0.006724675735922495, 0.004801441491496477, -0.003020635320438101, -0.004138302615262365, -0.00270398398819833, -0.006329630510741759, -0.0011218053827293756, -0.006486837986554514, -0.0017279342261802741, -0.00426679288155965, -0.002083101136127621, -0.0031328318653188135, 0.0010159544511577463, -0.0015539391507841517, 0.006011222623168106, -0.0014841140378509781, 0.015448944422948679, 2.2159165454217972E-4, 0.012904612744835372, 0.004499625489971023, 0.009994117720038043, 0.00670069395321485, 0.007646912592717429, 0.006142457357536005, 0.007516327019090687, 0.00465594410378249, 0.007057285322527876, 0.002777429428210555, 0.006397092911743599, 0.0016594899839201178, 0.0046041367713594746, 0.0015178593761364578, 5.335884985955397E-4, 0.0027860145702194956, 3.3241588484323457E-4, 0.0029149487083318187, 0.0012757930296732408, 0.004826487345937309, 0.0016163553941197044, 0.004592548567265129, 0.002381233571572899, 0.0038998870718737763, -0.0020348230039227387, -0.0019874810748165142, -0.0014273220235368662, -0.001064344822380701, -0.0011856927283125838, -3.216783375410361E-4, 5.39984673739958E-6, -9.996457513110188E-4, 0.0015087479132543508, -0.0022588424110379806, 3.7903960552001994E-4, -0.001847414933521226, -7.246168155844593E-4, -0.002250082120858307, -0.0013653406753707763, -0.003226770396865059, 0.0019686427354774472, -0.00363891902650172, 0.001562143758165126, -0.00155235384484677, 0.007693854595120135, 0.007118183563772063, 0.007585409661791571, 0.005735173423850146, 0.007021734164343343, 0.004079031837870859, 0.005659700934253385, 0.002815368703624312, 0.004085109786364714, 0.0010215377076297845, 0.005043450676974821, -9.405947387927084E-4, 0.004555908323079291, -0.0014557018040275232, 0.00376809318045451, -0.001807238863771281, 0.0013268574962976933, -0.0011753926433284414, 7.284309812169797E-4, -3.096580334756495E-4 ], [ 0.005527755473499909, 0.005189833985326179, 0.005698441362580975, 0.004492324519628631, 0.00605710401948048, 0.003151998557734724, 0.005719118944356427, 0.0016078525203855843, 0.004249223023186144, 0.002062226301755366, 0.0010028260523551043, 0.0023043069996327697, -0.0029225139246676825, 0.00791542100174009, -0.009906415637831865, 0.0098173712437017, -0.009708510707954449, 0.006893581108186981, -0.006287034267610077, 0.0019750227822251825, -0.0044017837610120115, -0.0026014324255412007, -0.005116378525611793, -8.768536122219357E-4, -0.006077567245100419, 9.740205992147244E-4, -0.00633814643411865, 0.001388987996458685, -0.003411058001572725, -0.00283311863876678, 0.001624502287629167, -0.005445421558195678, 0.005296842133701531, -0.014832780389675296, 0.010858805502180166, -0.021076856913956346, 0.012060461728390405, -0.014490421989098315, 0.005019027680326666, -0.005381166963155382, -0.003696032223790587, -0.0038587185523793538, -0.003432972642450023, -0.0038200848281177845, -0.002996137687191562, -0.0037613783848701524, -0.0015778755105897782, -0.0033806221017563315, -0.0015258203167008001, -0.001533327329032514, -0.0018768538211987433, -4.752439157703985E-5, 0.0023928982726494183, 3.422948980447149E-4, 0.008660894771249707, 0.004229434093503709, 0.006308999598507455, 0.004568453298855781, 0.005870447957597579, 0.0038582939682481553, -0.003163087344341187, -0.0034983110088502986, -0.0029748902354877196, -0.004748606370233111, -0.0018924248850331448, -0.005175010622570846, -0.0013751845954096146, -0.005132951536225276, -1.3761630659383736E-4, -0.00610597633384275, 4.730362275055444E-4, -0.007608786906405346, 0.0029775622339527287, -0.008277091663766603, 0.011844323109215555, -0.007745009421022038, 0.007914892012973488, -9.631756457015481E-4, 0.002446290805399272, 0.002251929603581457, 0.006078791624203196, 0.006079336861609224, 0.005483736590397873, 0.005683399116041746, 0.005115617040955606, 0.005455072579714395, 0.005649108665872035, 0.004666950362756703, 0.005698591290244426, 0.004620506670706546, 0.0015519871231798855, 0.003446951180044602, -2.802925823682473E-4, 0.001990217936239375, -4.2273841737933577E-4, 0.0033028849049902336, 2.3061843809772122E-4, 0.002896749606683166, 7.354508049308132E-4, 0.0023676568953940394, -0.0016842068095904916, -0.0011070136606245598, -0.001761356391700769, 1.0696741460183493E-4, -0.002258238069962114, 0.001441202630942929, -0.0017918669367203862, 0.0020775715956804722, -5.070892147453933E-4, 0.0018061509201034221, 3.9705572832700087E-4, 0.0019378342987472256, 9.177744106589137E-4, -0.001269207279232562, -0.0011013505559148385, -0.003443256767564552, 0.001037872637849727, -0.004167989320108403, 0.0011606846346030985, -0.0025439779973550165, 0.006855358766197855, 0.006887552518102359, 0.006523230461094024, 0.005982300199810647, 0.006407512945145672, 0.004907640892342652, 0.005636889239124895, 0.004300472668541335, 0.0038993418271020064, 0.0033432612891489597, 0.004996745155896232, 0.0027613759811859605, 0.006733479242455675, 0.0020446057793407366, 0.007113651750920419, 2.536698244076154E-4, 0.00364442148352157, -2.3199708215133842E-4, 0.002554148171143314, 0.0010219259484827974 ], [ 0.004680308493786582, 0.006022527311932082, 0.0038319206209099844, 0.007249719259565091, 0.003151998557734724, 0.007973669934455457, 0.0020887383105565992, 0.008653553485548363, -3.4824792207300247E-4, 0.009242581720067079, -0.003254746974727619, 0.007307413852959236, -0.002120228966912191, 0.006737165131515652, -0.003916531416964917, 0.010029436694028572, -0.004626989602134745, 0.008084078046723779, -0.0013680169580357411, 0.004553773122868519, 0.0021217646408361666, 0.0035888888706810318, 0.0026871331971788227, 0.0048282195368633644, 0.005273707500834342, 0.00643661733030137, 0.008334742123914319, 0.006726924984692514, 0.012372468535291507, 0.004287464928216918, 0.0149373977466935, 0.003645160529722215, 0.011026078830980966, -0.0013699378425767982, 0.011478265297055925, -0.011864730591591238, 0.015195654514387348, -0.011100450320848752, 0.009226516615093012, -0.001545084924488412, -0.0028435545317423458, -0.005117819600937814, -0.0017861080236225586, -0.006942198554548359, -0.002159850994182057, -0.009140325312250301, -0.0024050751349122936, -0.010766191404293543, -0.002938929800106585, -0.011324777729045079, -0.0022883849778250654, -0.007859608432009607, 0.0014407004965894604, -0.0029964857985458324, 0.00721649774495303, 0.0015151274723921972, 0.006250894878811063, 0.0035601556227038487, 0.005050049873862914, 0.003096826364483546, -0.0040983442680889055, -0.004572139499923501, -0.003847224601375777, -0.006331444026973645, -0.0023538197526982553, -0.006153062274187343, -0.0026286704016893945, -0.003597642340331866, -0.002643551697462801, -0.0012395047634261873, 0.002485652213791319, 0.0027064849327958643, 0.009396181937992815, 0.00427453868563212, 0.019632556606003018, 0.006056198770322874, 0.018750444446340876, 0.008675616810133341, 0.016194986861867267, 0.011280649289425081, 0.004730907024606929, 0.0031031425723941014, 0.004583889117497875, 0.0013505725581357208, 0.0038094191848316015, -0.0012236433569753006, 0.0024894738733375467, -0.00280981744067137, 2.735639220392016E-4, -0.0031068306273376416, -0.00235496632933612, -5.959672845724105E-4, -4.8193211117526834E-4, 0.001733080502841355, 0.0022594343774059457, 0.0053395294756010125, 0.002573277031935787, 0.0054754308417178125, 0.003340381740642948, 0.004745495211352227, -5.156690707161619E-4, -7.329146539451542E-4, -1.6825962594905824E-4, -3.8725590695691905E-4, -8.497626393414554E-5, -6.338585997956599E-4, 3.942660167376231E-4, -0.0024254442152637453, 5.986083807320603E-4, -0.004962770249473711, -0.0020907626174719775, -0.0052546703695740965, -0.0037197374530181463, -0.004112281471649061, -0.0029198179525116654, -0.00289415576902546, 0.0015536056111412633, -0.002800318516291116, 0.001458835128773361, -7.847214258405783E-4, 0.005916922584649763, 0.00520434305186032, 0.006075908219548868, 0.0038874692221733333, 0.005697989393257544, 0.0023594611101358685, 0.004277382129149171, 9.858293945458852E-4, 0.003118392735509541, -0.0011874779178482945, 0.0038381361732790966, -0.0031524104689090605, 0.0024345675253296057, -0.0032625399488482257, 0.0010914153966320866, -0.00327505336070057, -8.122858476215493E-4, -0.002336362193033357, -0.0012889191897834517, -0.001885693517980269 ], [ 0.004167385077285437, 0.004211341076844686, 0.004579713423836732, 0.003437032263244193, 0.005719118944356427, 0.0020887383105565992, 0.0063412705167603675, 8.560066194637924E-4, 0.004976896865188755, 0.0012048813958824398, 0.001669803373072596, 0.0019493472566057938, -0.0021085987835957358, 0.008179278520652561, -0.0076471009167858855, 0.009471971702622834, -0.006760826933844681, 0.006686806050408704, -0.0038414156686006617, 0.002476894483717059, 0.0013654967684359476, 0.0034273222141477707, 4.310068460199857E-4, 0.004210661545251456, 1.7008226827741352E-4, 0.005229745776804582, 7.834479433382669E-4, 0.005308758170471587, 0.003648196715695189, 0.00102199700795383, 0.007718661004280972, -0.002914451195987487, 0.010878226173746498, -0.013285875436675344, 0.012554573205649839, -0.016914086866610705, 0.011881447532357526, -0.009663853334667601, 0.00484663644318121, -0.0017914202986138636, -0.0037545334377196747, -0.004280722775998941, -0.0037408860913466365, -0.00411934549505968, -0.004087726632099764, -0.004171640774632104, -0.003495939940052563, -0.004627064959164743, -0.003264593390759438, -0.0035364272875220517, -0.0027275677892945726, -0.0024401290772663024, 0.002597857543780651, -0.002755311074558594, 0.008188722220590344, 0.0019969579023741734, 0.0046150737763945, 0.002765855598337349, 0.00441774209111716, 0.002073662177126382, -0.002642341467182799, -0.0026437214011971037, -0.0025373453776500517, -0.003708216323640469, -0.0014958959685706312, -0.004105915166487395, -2.1145733096144636E-4, -0.004338092229775029, 0.0034218298593114336, -0.005221117687599925, 0.005500127600700772, -0.005136735596430544, 0.008230667082253942, -0.004543260524894034, 0.015005800918516667, -0.0027386670937216443, 0.011312945589878151, 0.0033132151135747264, 0.006261140930982347, 0.006034659660455499, 0.002624468541045007, 0.003539066882351786, 0.0018530798156432605, 0.0034494618242409385, 0.001363024438386437, 0.0032928479099527427, 0.0023308820536489124, 0.0021641305664713084, 0.004167476785635834, 0.002149433926926567, 0.002091468721022692, 0.0027772115105086786, 3.8335349408061395E-4, 0.002591634501128612, -2.522386831650328E-4, 0.0035378756647832165, 8.849488474916865E-4, 0.0027581016726745226, 0.0014874951814761706, 0.0021503781481579357, -0.0011631144322166453, -6.259011842034267E-4, -0.0012509157562120708, -2.2961839470010757E-5, -0.0016714841638846025, 5.183002999560698E-4, -0.0018564167506639208, 3.4018749009652943E-4, -0.002082173444550018, -6.696124843268146E-4, -0.0014402065410333974, 1.1342961610951645E-4, 7.880992207002298E-5, -0.0014901758327590933, -0.0019719151925011976, -0.0032170619375792592, -9.01092221782323E-5, -0.003814394563457211, 2.175196335965467E-4, -0.0030808496651791076, 0.0036679716809621143, 0.0037947585921811115, 0.003650028111834921, 0.0032008919828556233, 0.0035521177066645325, 0.002219337004175997, 0.0025213751323551995, 0.001523492134709042, 1.6864038756951336E-4, 6.442829269625331E-4, 9.165202340388487E-4, -5.474116769504716E-5, 0.00406623943284512, -4.327905894749447E-4, 0.005749195869042479, -0.0013938876047823881, 0.0024182352616679277, -0.0015989230399642506, 0.001310394539877354, -4.280384905476671E-4 ], [ 0.003025847546042297, 0.004791345338406381, 0.002192607009009723, 0.006628566442410613, 0.0016078525203855843, 0.008653553485548363, 8.560066194637924E-4, 0.011826106875035016, -0.0019935393181603586, 0.013174833761671313, -0.004839406117463458, 0.010416487604619443, -0.001663595697854679, 0.008346880132936822, 7.053524760560451E-4, 0.011706337125056851, -4.0821416341653427E-4, 0.009929763193275926, 0.002722489705711737, 0.007088368754806356, 0.00924273205535934, 0.010532696355070882, 0.009615546782899578, 0.011211320949474784, 0.013050326268366035, 0.012539418041941752, 0.017456585317962556, 0.013430850150295161, 0.021354328613887835, 0.011562137350883427, 0.02301746869182628, 0.011110353850017731, 0.014208641451836467, 0.006153686794882374, 0.013336637506121842, -0.007970196025489821, 0.01955715510942312, -0.010737876723063661, 0.014031956290804407, 4.93864065595914E-4, -0.0019185090231005667, -0.0050401068798149595, -8.128006896306678E-4, -0.0078543974505927, -0.001940378731258042, -0.011487556435079822, -0.0037910787842759456, -0.015445473452226858, -0.004695345823253171, -0.017917272731694286, -0.0037420130696688035, -0.014194193251152159, 0.0012716549806009105, -0.00867849827014932, 0.006298405324182464, -0.0021057310010387806, 0.005174434517721219, 0.0010217354605878079, 0.0034010052291453758, 6.958612030985277E-4, -0.00545712465912411, -0.005153346515217115, -0.005298313071524856, -0.006489277092062554, -0.003604318794970788, -0.005938122253848052, -0.0034090175709325246, -0.002679461954469554, -0.0024917121218288258, 0.001188506359726076, 0.0058537013754726645, 0.008665510555137564, 0.014872400876937798, 0.011848328794028886, 0.027610416079911392, 0.013020883469319839, 0.028575004630664425, 0.013613322273142079, 0.025852945928999234, 0.017324281935415367, 0.0012742838386753234, -2.1261491955793617E-4, 0.0012389495089100886, -0.002309148977589173, 3.2588549668802116E-4, -0.005925820246395232, -0.0015046200604140884, -0.008294022792552699, -0.0035311311833761674, -0.008289855850737897, -0.004237499360459079, -0.00333127609821813, 1.4113758620855826E-4, 0.001392061592775738, 0.003954456041856016, 0.006996838066448679, 0.003696714361998556, 0.007435587972747654, 0.004448496669003843, 0.006104612012458112, 6.581817812183668E-4, 1.1732142152570029E-4, 7.625914755245568E-4, -4.268837290214761E-4, 6.204473872271078E-4, -0.0018535301695024719, 2.799693389671748E-4, -0.005052853277132841, -0.0011498841154859657, -0.009199922554182829, -0.005089675683972389, -0.009511778130223051, -0.006162010244100885, -0.005978413049274919, -0.0040257306330823, -0.0024122969123189977, 0.0015073651988702327, -0.002216669474497315, 0.0017003331190764866, -8.287109805706768E-4, 0.0040877712999246325, 0.0031369490858262545, 0.004750757500798979, 0.001804463635703078, 0.004482970600327917, 3.7218236644204596E-4, 0.002632549774888252, -0.0016303703898151649, 0.0014138463320473805, -0.004863725566413653, 0.001629667439926927, -0.007370376614595522, -2.2128444573424767E-4, -0.006928813569783015, -0.0022317682509564963, -0.005774968102455814, -0.003642307127573741, -0.004096863259093166, -0.004103989427947061, -0.004171774578571143 ], [ 0.0024418912822359155, 0.0019797729220818816, 0.003130026524317202, 9.964751419150302E-4, 0.004249223023186144, -3.4824792207300247E-4, 0.004976896865188755, -0.0019935393181603586, 0.00463946150465065, -0.0019918880376401022, 0.002513245761618192, -8.451567503365288E-4, -0.0010059803416632817, 0.004350708541293311, -0.0059220625993951365, 0.004983987820561936, -0.004920976841845745, 0.0031622951600806136, -0.0032610871662378284, 5.655323248429898E-4, 5.623341439034858E-4, 0.002009229227672102, -3.6691176080188865E-4, 0.0026361007607780974, -0.001359133143598958, 0.003076818332331704, -0.0017053640930012452, 0.0028049374001096524, -2.3794116796445677E-4, -2.9640822695806927E-4, 0.002586174637802488, -0.0032168306416705595, 0.006986208217482351, -0.010688796189741612, 0.007878659274142524, -0.010867010105066494, 0.005660431181093741, -0.004276603615578546, 0.0010305827511498853, -5.297905511904137E-4, -0.0026802987148990287, -0.002249969438691215, -0.003079576063106889, -0.0015446975539338, -0.003160625365568221, -9.387404648280439E-4, -0.002514981979217624, -4.734343197618047E-4, -0.002394110949212001, 7.372483761186074E-4, -0.002136682734876139, 3.894593353280149E-4, 0.0011694316447730083, -8.994452699690922E-4, 0.004712057908301646, 0.0016489673500759833, 0.002091600989948662, 0.0015790348262642352, 0.00229497393188906, 0.0010955401392371813, -0.0012930083720679917, -0.0011491788416526706, -0.0012319098348678218, -0.0015376473250396962, -8.201025158169576E-4, -0.0019785085396792877, 5.384638472606738E-4, -0.003148795132497338, 0.003676534063962418, -0.00462733987347508, 0.0037336871490453592, -0.005910347762967108, 0.004404287972033467, -0.005915494262832433, 0.0072594817787676475, -0.004509923578338782, 0.004041313102688578, 4.733932501677549E-4, 2.9498787035057636E-4, 0.0020735755423692075, 8.888373184089537E-4, 0.0021114805233879677, 1.6326941631378971E-4, 0.002577249084580271, -1.6996841982426037E-4, 0.003287170239303067, 0.0010255781861672798, 0.0027710828319274534, 0.0031150477643814393, 0.0025499688531485784, 0.002026791191051391, 0.0019619620027634234, -1.1493923109607437E-4, 0.00134006896241312, -0.0010346647726562274, 0.0012419838039981772, 9.729342486126307E-5, 5.88604989188421E-4, 3.978643624733721E-4, 4.7738977725418543E-4, -5.451057023445998E-4, 1.272569553634824E-5, -7.96365628848028E-4, 5.402603919208487E-4, -0.0012391760291035501, 0.0011005751090616797, -0.0016293035964184209, 0.0015034670543010375, -0.00189360026637031, 0.0013008290116338433, -7.386803289637547E-4, 0.0016818304094695165, 5.669021288188891E-4, -2.4838160911743357E-4, -0.0013534393051546586, -0.001997809954822976, -7.296051476862037E-4, -0.0024178264911683674, -3.391740905480511E-4, -0.0021271436940205847, 0.0014820336197738611, 0.0018557452452934173, 0.0013454412456826703, 0.0017322163733616718, 0.001450690590865155, 0.0013235560032442307, 0.0010712282577213334, 0.001299439093613441, -5.258119337233857E-4, 0.0013764633348281995, -5.040828927397722E-5, 0.0015154314757360517, 0.002987335092362549, 0.0011099060241991868, 0.004926789590386804, -4.0492524309037855E-5, 0.0025201388675720558, -6.180888936285914E-4, 0.001679625956578335, 3.2272226721773026E-4 ], [ 0.003410308612005284, 0.005055589383577537, 0.002659660091674537, 0.0069296890765487085, 0.002062226301755366, 0.009242581720067079, 0.0012048813958824398, 0.013174833761671313, -0.0019918880376401022, 0.015022700432194207, -0.0052651197395772766, 0.011901118344258173, -0.002098219693222273, 0.010188271616807177, 5.156196276218808E-4, 0.013913126801781868, -0.0010504608371713717, 0.011739973485365724, 0.002618901606786377, 0.008193782368891915, 0.009678336986986074, 0.011144765082820644, 0.009753782458941738, 0.012119056330923934, 0.012943676702718674, 0.013806385146458003, 0.017495267603816783, 0.015110120450416795, 0.021673519077632142, 0.012752172715214857, 0.02412624505749491, 0.012309569140348692, 0.014116176482233594, 0.006129237367224434, 0.014858991271913114, -0.011087126073656556, 0.0231116460767309, -0.014366979952942241, 0.016748609722601164, -6.969436687476924E-4, -0.0019211197066292267, -0.0052346984960868455, -7.488287731290821E-4, -0.00838671609363308, -0.0019154655192042459, -0.01247077831443746, -0.004024225079054564, -0.017098606983904398, -0.00513691044275039, -0.0198441349579295, -0.004506624068360102, -0.015881026682479125, 0.0015025552528532896, -0.010225987538945398, 0.007302023335404407, -0.0023534044607591642, 0.005953194365050131, 9.77211040891873E-4, 0.0038733146500781576, 5.82349404002398E-4, -0.00665801745219902, -0.00602353937447649, -0.006533856399252155, -0.00735284282034055, -0.004641758684864338, -0.006743153297506941, -0.00439660095172947, -0.0032903541401842315, -0.0035329823453593614, 8.483567155475606E-4, 0.005692790371356559, 0.008841994220923065, 0.015547523366936173, 0.012322187749424554, 0.031133719951171656, 0.012573587061443863, 0.032340510662376115, 0.013572620520485749, 0.028289780584620595, 0.01850225315291079, 0.0015437250759890138, -6.802491071157893E-6, 0.0014874860498444954, -0.002320143400821506, 5.180351528268445E-4, -0.006327880264073635, -0.0015354734227888273, -0.009016423274365535, -0.00389862108140718, -0.008757200114650117, -0.005097427241139348, -0.0036643690792304544, 3.988992314471777E-5, 0.0012401367396934033, 0.004344033985177711, 0.007967532797478834, 0.0038050442819344997, 0.00856345825218371, 0.004571767107751378, 0.006899560013892853, 7.0338920417408E-4, 1.7125446303367653E-4, 6.225424566049999E-4, -3.716680735133956E-4, 2.3209711921411157E-4, -0.0018358564704655167, -2.0958172433536211E-4, -0.005191167057040307, -0.0017039090072495735, -0.009723309829039184, -0.0057682013853585295, -0.010171390499272737, -0.006551238230837061, -0.0068572755419561635, -0.004321167413629624, -0.002878365485444696, 0.0018549073200981605, -0.0028127302719063545, 0.002193903601765132, -0.001280676373462059, 0.005227536742103819, 0.004182250013470684, 0.005978245090989767, 0.0026793369837741217, 0.0057776739179349855, 0.0012073944831716556, 0.0037622922214112504, -0.0010470381407419807, 0.0024883428107891703, -0.004840991696988167, 0.002862062740932481, -0.007443665436324577, 8.371765350877456E-4, -0.006944985323514955, -0.0017807864914643583, -0.006038817216597285, -0.003705204179129525, -0.004394862354569703, -0.004388807399221572, -0.004449188236619305 ], [ -2.512982643272352E-4, -0.001137345534761981, 3.601306396568293E-4, -0.0021016029978270807, 0.0010028260523551043, -0.003254746974727619, 0.001669803373072596, -0.004839406117463458, 0.002513245761618192, -0.0052651197395772766, 0.0030899804013569507, -0.00386785273457589, 7.445942741744816E-4, -0.002209595514609682, 2.304774108057208E-4, -0.003733289459434681, 7.166879511287816E-4, -0.0032807052871807883, -4.2982817572559005E-4, -0.0023972016235375786, -0.0017788917162076731, -0.0015094476641256025, -0.0022056088873929716, -0.0017489649224444533, -0.0034036271863510164, -0.0022346428923071607, -0.0050487684988317905, -0.002104757662768109, -0.006232050465277867, -0.0018608740363953414, -0.006595412685856785, -0.002679947701364892, -0.0021420562074311285, -0.002916504429415089, -0.004406469064290118, 0.00199528121074183, -0.006738188558911501, 0.004386358278977985, -0.005653469633065421, 0.0010041422906768584, -4.227351310045669E-4, 0.0010326031799451957, -0.001113282025476108, 0.002290367825694841, -8.587421984969086E-4, 0.00366740916137332, -6.387923129786154E-5, 0.004735134730562478, 4.038910809232224E-4, 0.005363936045131012, 1.3200436296157824E-4, 0.0037934078267040324, -5.994664475752366E-4, 0.0021513292432893856, -0.0012037684138552277, 0.0019855648883988822, -0.0016673490244962683, 4.318994566994209E-4, -5.028554876193633E-4, 6.017201841291859E-5, 0.0013067824251441116, 9.454165875275537E-4, 0.0011743697435481002, 0.0018474597870007906, -2.6527120687157247E-5, 0.002329120095928634, -2.1501319590601755E-5, 0.001103390085944713, 0.001422259209994561, -9.678142518425496E-4, -6.742757695278302E-4, -0.004534935437975087, -0.002412802832420592, -0.00438956900196879, -0.006859031783044963, -0.0036847012204895844, -0.006691733426469868, -0.003355899367719498, -0.00686426853709976, -0.003914080701222357, -7.379174254039678E-4, 2.710848767969844E-4, -0.0010781859528015917, 0.001137525109665079, -0.001106460806301798, 0.002830142978092916, -2.1346046882232445E-4, 0.003211655032653228, 0.0018138815010464776, 0.002348880533253208, 0.0024093466597204403, 3.6103506588061845E-4, 2.044329626595927E-4, -5.884966527107888E-4, -0.0016131815933275561, -0.0017398371849083544, -9.39548771245955E-4, -0.0021763687284342102, -9.855626501149028E-4, -0.001775470280577464, -1.044915135612549E-4, 4.5933541361734367E-4, -2.667005769652509E-4, 4.830470796818284E-4, -1.6702694107153789E-4, 7.656157758917925E-4, -3.4909049395547617E-4, 0.001740008402435996, -3.6742677863192176E-4, 0.0028274950199525615, 8.511731917476373E-4, 0.0032633253850390337, 0.0013191952883022883, 0.0018432171727310862, -2.275496433868198E-4, 6.784945689893236E-4, -0.001957314929647973, 6.146590864197398E-4, -0.0015090290988600426, -2.0160320754711964E-4, -0.0012874773560554854, -7.292450495546486E-4, -0.001677936488364205, -1.2284400252611473E-4, -0.0016627352312009378, 2.092910161957173E-4, -0.001167886316448666, 9.021757571542347E-4, -0.0016403458571986264, 0.0021563111706874977, -0.0018802519842849252, 0.003295520406088405, 1.0852728929028072E-4, 0.003129656685597384, 0.0017562609213862303, 0.0019474941287297045, 0.0015717188015767216, 9.506334711110584E-4, 0.0014922726741437207, 0.001160209479653785 ], [ 0.0031750694200303343, 0.004590269066912288, 0.002521468067654496, 0.005846885854440011, 0.0023043069996327697, 0.007307413852959236, 0.0019493472566057938, 0.010416487604619443, -8.451567503365288E-4, 0.011901118344258173, -0.00386785273457589, 0.009903892209165068, -0.002329517368913804, 0.0100980057747547, -6.519975646459251E-4, 0.01251365655333096, -0.0012368479392504904, 0.010177585653727412, 0.001999549985639353, 0.006873931029708258, 0.008362208042455504, 0.009534313087790909, 0.008382691416227689, 0.009892235149407312, 0.010929414456068891, 0.011180091085915361, 0.014437472647538769, 0.012442524909502237, 0.017902005044923, 0.010107126707277155, 0.020242596306977084, 0.00843667335915134, 0.012955638760006955, 0.0018190321962424458, 0.014215011514101362, -0.011175186098567654, 0.019689442719061076, -0.012725559300102145, 0.014032322235713685, -0.0010097057760253604, -0.0022266186224431522, -0.004875194401942765, -0.0012678411661884578, -0.00724852873460595, -0.0022982485238933086, -0.010356415282316922, -0.0038240464733605042, -0.01436470975083209, -0.004300054841478756, -0.01640762363376689, -0.0033305412474812423, -0.012884221679205523, 0.00252471491800497, -0.009025886375124897, 0.007130287987537348, -0.0019899028633430897, 0.005423560279745023, 0.001111376068685963, 0.003589874779999504, 7.467812217872385E-4, -0.00512181544544538, -0.004969009185418493, -0.00489241473585034, -0.006226547104069799, -0.0031269793591829726, -0.0059048357174326625, -0.0024510083049903014, -0.0032587016115889532, -6.914979936619532E-4, -2.0128689124626403E-4, 0.006893010722030331, 0.006398908396134849, 0.014914057260287907, 0.008522539155612747, 0.02809947074205572, 0.0093528646365552, 0.027794149815173634, 0.011327084039462408, 0.02405940935933468, 0.015539071414215247, 0.0014742436811975576, 6.612095099911858E-4, 0.0013865532334358117, -0.0010231071100496101, 6.88949940158994E-4, -0.004063373589831263, -3.3598387775271967E-4, -0.0064343824817090604, -0.0010321344619606551, -0.0064400827329430975, -0.0015490604633228672, -0.0017957099780464905, 0.00