{
  "weights" : [ 0.05879769457296846, 0.06368340696556102, 0.04385002216098037, 0.05535947752275745, 0.040651325874517495, 0.054508812065945614, 0.035854991666852035, 0.0599506571534914, 0.03233977999524853, 0.05489721696099998, 0.027036966924316046, 0.04114483211994195, 0.004286692478339873, 0.027306614760054096, -0.03429859233288179, 0.010268735804173142, -0.035518189995802425, -0.008685005231183705, -0.027396361825890392, -0.016405876961938945, -0.08734273956789108, -0.08763809073296658, -0.0804545012013914, -0.08422122633508297, -0.07009883314273979, -0.07602347195203159, -0.05661954447795613, -0.06433158242858096, -0.04349160898333796, -0.05328772184254776, -0.029944971817645105, -0.043522456375727166, -0.016905373970256383, -0.026421543452336646, 0.006292151864138574, 0.0014127163101532076, 0.015649281012939772, 0.012181330521946549, 0.01478353173947882, 0.012673683947882876, 0.9834297467481031, 0.9855593251743865, 0.979605077017204, 0.9841771630782673, 0.9695868744028956, 0.9727399787873904, 0.9512730827232603, 0.9505234667062056, 0.9298938445908473, 0.9271609297200207, 0.9093671274223384, 0.9013482873117703, 0.8865007177722036, 0.8779762953878557, 0.8680209565430963, 0.8585555626160994, 0.8607696328342753, 0.8603383900899726, 0.862650740678234, 0.8719489335525563, 0.084912298297605, 0.10583743894672612, 0.12434009192254959, 0.13045574204730984, 0.18430581706168012, 0.1843992642994303, 0.25590061022624966, 0.25759621810101085, 0.3198077882024814, 0.32830824784473595, 0.3790996580037664, 0.39723818219662227, 0.4364674188527481, 0.4519379001510199, 0.48024848866191217, 0.4949887126452086, 0.49420203639800797, 0.49174819845265344, 0.49190193944332844, 0.47275785406323223 ],
  "covariance" : [ [ 0.003219977642655951, 0.0028842973387315967, 0.003401118467226506, 0.0029044637300813044, 0.003229737294941339, 0.0029797589968742232, 0.002984450670443156, 0.0027730552866287385, 0.0021828116414469535, 0.0025847143712251974, 0.0019369494016388694, 0.0019989641934888276, 0.0012403739340414626, 0.00118128207832552, 9.533058814645092E-4, 1.1948378493417417E-4, 6.238592834431806E-4, 2.708761155626919E-4, 8.698500414462477E-4, 5.600214074930963E-4, 0.002393701012018039, 0.0024409497024471625, 0.002265276493609521, 0.0022195971519979917, 0.0019676404754328703, 0.0018006651664843993, 0.0015832218487541148, 0.0012112173502487101, 0.0010068444756897892, 4.5580651647187856E-4, 4.608739030995554E-4, -9.536432547331092E-5, 3.2192184693765794E-5, 1.3445113567871333E-4, -4.8447082165692964E-4, 0.0010313074143987258, 2.4095519599515508E-4, 8.248979352714061E-4, 3.048961465928928E-4, 7.292376517748821E-4, 2.750015770243511E-4, 3.1942057502935486E-4, 3.445871714434457E-4, 4.3533296750649617E-4, 5.675119456518018E-4, 7.803050293251386E-4, 0.0010022581879407472, 0.0014398091074583471, 0.00151793004065849, 0.002020435937155916, 0.001895585466864776, 0.0026172889351821415, 0.0022621258133856182, 0.002642603624147405, 0.0025837802615621287, 0.002180583753672782, 0.002200528524343563, 0.0018918720155717981, 0.002128104797368075, 0.0018091130936548645, -0.00129017555683989, -0.0016444538708896876, -0.001868975261012758, -0.0024316000269243567, -0.0030795027187457617, -0.003974810613915757, -0.004517375824435428, -0.005813930556525978, -0.005421747736828524, -0.006665765698508469, -0.005738172639099668, -0.006818793093264382, -0.005423453100993528, -0.005668600165276987, -0.005177577336844149, -0.003841326166738064, -0.0041926705263464975, -0.003373376833218117, -0.00398829304960371, -0.0034193388365555254 ], [ 0.0028842973387315967, 0.0031170473545277357, 0.003035143297145197, 0.0031048669729855792, 0.002988526789766672, 0.0031341912559008124, 0.002970129589207956, 0.00297274026113975, 0.002587229999988559, 0.002677593551186689, 0.0025247139472180853, 0.001962382040225596, 0.0017950025215728838, 0.0013497387508523428, 9.708856045319839E-4, 3.3296135522269284E-4, 7.006326843088806E-4, 3.5390484527716255E-4, 9.949655500743925E-4, 5.6447909353422E-4, 0.0019372225683622084, 0.0018951435666269166, 0.0017713659359003325, 0.0016891584982966508, 0.0014281725532292152, 0.0013166119249920102, 9.84358348505562E-4, 7.993757951989127E-4, 3.978141012466627E-4, 1.2016907213696371E-4, -9.08821284388387E-5, -2.7990170014820443E-4, -3.9490587068363644E-4, -8.024902855662761E-5, -5.88983061410283E-4, 9.033949916518501E-4, 2.7626945731223636E-5, 6.627089802371316E-4, 8.124316736468593E-5, 5.829360869359291E-4, 1.813887853110036E-4, 1.6112171403440828E-4, 3.044612704446161E-4, 2.6481458757705053E-4, 5.97952780212405E-4, 6.709451429815945E-4, 0.0010900273088427447, 0.001313339172878144, 0.0016969926839433317, 0.00191850806996608, 0.0021595392926713223, 0.0025632058891505317, 0.002555390776416728, 0.002725403334055162, 0.0028041681278454123, 0.002259600691710078, 0.0023667070900650574, 0.002048915044826775, 0.002187117981403723, 0.0018774843711002222, -7.515916539346949E-4, -0.0013306826186067315, -0.0017246575875078335, -0.0021544004020310073, -0.00328640073399873, -0.00393681494447318, -0.004825141852927486, -0.005735022220452438, -0.0058873086447946595, -0.006693213476798902, -0.006280410963441086, -0.006871276002406383, -0.006010050856675775, -0.005935932263033139, -0.005498042061082861, -0.0040853626013571415, -0.004440019717584889, -0.003729006956084878, -0.004107393738823757, -0.0036059255080876824 ], [ 0.003401118467226506, 0.003035143297145197, 0.003808643128454177, 0.0030220606526357875, 0.003815145236435891, 0.003172697445656541, 0.0036243145241023427, 0.0030859300587955554, 0.002810492298278627, 0.00295114796052506, 0.0023860727209389205, 0.0025231677205501445, 0.0015783084875926024, 0.001769096245048721, 0.0011066742803669003, 6.028701242088857E-4, 8.246657965801956E-4, 5.87870099657068E-4, 0.0011388687221993976, 8.234189771598809E-4, 0.0019931117388127563, 0.002005899853901801, 0.0017443685219595624, 0.0017011647022069911, 0.0012445248153984915, 0.0011656306518658263, 7.372359348624528E-4, 5.318268301379044E-4, 1.729896649790234E-4, -1.8471315918228823E-4, -2.3499715720363197E-4, -7.334959777664557E-4, -5.241527037954845E-4, -4.72546020794886E-4, -8.82480989645643E-4, 5.601022986154178E-4, -1.6131708627513847E-4, 3.681145945931034E-4, -1.656602395652799E-4, 2.941897610431501E-4, 1.9855915394920064E-4, 2.0910613344842928E-4, 3.002561454169957E-4, 3.3153584913324017E-4, 6.276713391271222E-4, 7.797810512825226E-4, 0.0012506042295751716, 0.0016621989596429132, 0.001896904286180793, 0.002396171852625499, 0.0023161907631076054, 0.0030134549172703786, 0.0026474893076150505, 0.0029847257080695914, 0.0029509213831267096, 0.002510459985742947, 0.0025571327880551035, 0.002247693659010717, 0.0024676340497393947, 0.0021011275523379644, -7.805041439310377E-4, -0.0014087886226024512, -0.0018855432142515403, -0.0024824425390308747, -0.003742226295568206, -0.004550940707760605, -0.005683402139095436, -0.006899958435661843, -0.006682896655263942, -0.007872431295174332, -0.006838737835389525, -0.007850058401831771, -0.006260872569823534, -0.006441476710234915, -0.005850341603547351, -0.004459513718280039, -0.004824576351113795, -0.0040265770643917245, -0.0045917777764299264, -0.003987677219623399 ], [ 0.0029044637300813044, 0.0031048669729855792, 0.0030220606526357875, 0.003141208097533368, 0.002929665801706308, 0.0031795641870384765, 0.0028857435124099093, 0.0030031471097941792, 0.0024975012656998584, 0.0027136303864669616, 0.002488484590835052, 0.0019098801879101606, 0.001847555752395197, 0.0012293017933550734, 0.001066487604388518, 2.3079297397507085E-4, 7.278967969296415E-4, 3.1446541907009063E-4, 9.768250026796813E-4, 5.62752134216577E-4, 0.0019321731079641612, 0.001899720884163558, 0.0017719302571775413, 0.0017127740792965028, 0.0014470681654284322, 0.0013652160621674206, 9.874889134619468E-4, 8.68347778798893E-4, 3.9675460141229077E-4, 1.4607451378880273E-4, -1.3422404477169932E-4, -2.675082840484291E-4, -5.036672952670607E-4, -3.403398638835792E-5, -6.797153629275361E-4, 9.08566180074124E-4, 3.4916928092299047E-6, 6.243535692655526E-4, 6.683996902515695E-5, 5.309005320487655E-4, 1.6501685904715438E-4, 1.4060810418572073E-4, 2.9496143255004434E-4, 2.3948668090222096E-4, 5.922803587739142E-4, 6.198882374563808E-4, 0.0010883381312428875, 0.0012410026454975883, 0.0016959279432381723, 0.0018700915156525733, 0.002204859933264646, 0.002581577101729258, 0.002662380436734337, 0.002790245702570181, 0.002952346301326069, 0.0023719500953700424, 0.0025180239144021537, 0.0021669111598573505, 0.0023202087248726877, 0.002017739116404676, -7.027310971777798E-4, -0.001215856201281931, -0.0016699523062033831, -0.0020265149520065154, -0.0032155057708861557, -0.0037205121389434605, -0.004793622677725173, -0.005482659024111591, -0.005879455117284368, -0.0065400165387087894, -0.00638590954399154, -0.006847043673009477, -0.006213750453078699, -0.005968442249953793, -0.005745262175479769, -0.004188313300989484, -0.004663546711520736, -0.003852471448181672, -0.004291864016781322, -0.0037827399714015194 ], [ 0.003229737294941339, 0.002988526789766672, 0.003815145236435891, 0.002929665801706308, 0.004129591241601196, 0.0029923680983589716, 0.00411681782509982, 0.002996800573829796, 0.0033804057318287646, 0.002912518004981767, 0.0027858959295233928, 0.002513878637500133, 0.0019929500958899646, 0.0018216196429230575, 0.0012748042127136243, 6.414139162984763E-4, 9.698974094624676E-4, 5.603488882045324E-4, 0.0012845556722348762, 8.077110269478921E-4, 0.0017369133337124393, 0.0017288592038851003, 0.001446126811185717, 0.0013983821277744049, 8.15250254614249E-4, 9.034138156808574E-4, 2.0796013109352214E-4, 3.342326625484603E-4, -3.304371616628802E-4, -3.618289356053286E-4, -6.345139072110969E-4, -8.053632942815798E-4, -8.543411708607524E-4, -5.149484590625731E-4, -9.933677150027935E-4, 5.333205405094933E-4, -2.7658325570068405E-4, 3.440686403043622E-4, -3.062486008537095E-4, 2.7067652412227897E-4, 1.365504496585719E-4, 1.0989879409251005E-4, 2.384140250180432E-4, 2.215107644947551E-4, 5.83095934272496E-4, 6.80075003927918E-4, 0.0012482806919589192, 0.0015816605448877874, 0.0018693835142808092, 0.0023074300583793136, 0.0023035167155077566, 0.002832218049326713, 0.0025907898568034056, 0.0027645743345963833, 0.0028271685708216115, 0.002288365670409452, 0.0023804624258284206, 0.002055410036740293, 0.0022666526423459803, 0.0018529197866052967, -2.3841018895790205E-4, -0.0010103580617133326, -0.0015619308562595975, -0.002182708708099067, -0.0036562504032500534, -0.004356115105217636, -0.00578563009246631, -0.006757938414734294, -0.006741140742562063, -0.007774644114398437, -0.006903884457788036, -0.0076067211300120405, -0.006272890357893718, -0.0061762606922430505, -0.005719493053397156, -0.004226620895076809, -0.004624956959416531, -0.003853758750210657, -0.004340613998217881, -0.0037126250190579455 ], [ 0.0029797589968742232, 0.0031341912559008124, 0.003172697445656541, 0.0031795641870384765, 0.0029923680983589716, 0.003651138697556488, 0.0027526573290420813, 0.0035955084141345997, 0.0022309226914988623, 0.003168867990552003, 0.0025284591015671816, 0.002457882464179559, 0.0019074804401947626, 0.0019487212411599731, 0.001103927400062735, 9.014070205188995E-4, 9.601730019671606E-4, 8.344579492012437E-4, 0.0012699882152082298, 9.678118359284155E-4, 0.0013480653177484747, 0.0012374949692681536, 0.0010981895391208745, 9.57666119072022E-4, 7.000938447387062E-4, 4.3631746625064245E-4, 2.490807343445405E-4, -1.52858605192649E-4, -2.7067665303977343E-4, -7.856174719790172E-4, -7.253874484858164E-4, -0.0011548561366518527, -0.0010084129134230802, -9.174715680061316E-4, -0.0011754765172855136, 1.6549042836383194E-4, -5.842844522486726E-4, -1.1199453828928763E-4, -5.609411806943333E-4, -1.5571034985330603E-4, 4.8206775566307796E-5, 2.6714991672473483E-5, 1.9443128267243088E-4, 1.364291295419035E-4, 5.748416442100366E-4, 5.955614610768057E-4, 0.001211029926512103, 0.0014034047404502712, 0.0019252246636101045, 0.002163613245367334, 0.0024705495074607746, 0.003023084308120004, 0.002948472195201652, 0.003250248609024755, 0.0032918817764775203, 0.00282440831546035, 0.0029367355193797447, 0.0026214583989320776, 0.0027930382185546903, 0.002451360010520862, -3.0087284932818655E-4, -0.0010524075270297133, -0.0016054957355355723, -0.0020841738646138045, -0.003606258017413111, -0.004222861481257377, -0.005475397206389534, -0.006405461173968327, -0.006542652183307785, -0.007424390372802061, -0.006934448994743726, -0.007801305508347327, -0.006624562189703965, -0.006801641310857792, -0.006193898520043494, -0.004917698512912679, -0.005262938064333104, -0.004553656273401347, -0.005017305166621105, -0.004446122585168659 ], [ 0.002984450670443156, 0.002970129589207956, 0.0036243145241023427, 0.0028857435124099093, 0.00411681782509982, 0.0027526573290420813, 0.004324701878712625, 0.0027914882499459823, 0.0038616236923823873, 0.002786893687223574, 0.00311815613507584, 0.002412741450240398, 0.002298393569585368, 0.001794973220891965, 0.001301750777978692, 6.631609304742826E-4, 9.514789825128567E-4, 5.063935360743006E-4, 0.0012795658174888404, 7.342691166250728E-4, 0.0014827525890224087, 0.0014604692225436862, 0.0011628548604337196, 0.001150874873156279, 4.6453266671663186E-4, 7.17370042864288E-4, -2.1615231161419061E-4, 2.3259434316459042E-4, -7.537549407479541E-4, -4.154556924378338E-4, -9.737966413112265E-4, -7.934889012662634E-4, -0.0010871499657804636, -5.305487494657395E-4, -9.914662321282481E-4, 5.09330801113468E-4, -3.0483592172378594E-4, 3.269235198495584E-4, -3.6728824616500473E-4, 2.4799265401183573E-4, 9.913572210008061E-5, 2.4960782308416355E-5, 2.2988939371062445E-4, 1.231698814846706E-4, 6.083521438823227E-4, 6.01275782936201E-4, 0.0013087659624039516, 0.0014902675051453626, 0.0019610128157017356, 0.002223789773550091, 0.0024196888550785545, 0.002688998293264417, 0.002681332425430926, 0.002652551115481474, 0.0028372068268350814, 0.0022037975484859385, 0.0023490478555838685, 0.002024412898549579, 0.002160882827426718, 0.0017735134065056638, 1.1448060180940154E-4, -7.415937089657699E-4, -0.0014525882759136993, -0.0019330677019932453, -0.0037431482625071236, -0.004170451253230052, -0.005975197889155165, -0.006529316125640712, -0.007022465657837643, -0.0076564340481028986, -0.007180027398314424, -0.007382183255673768, -0.006523622756094473, -0.006048386425884527, -0.005748933652658642, -0.004151552304253057, -0.004580781628406061, -0.0038657452994596293, -0.004180376169731268, -0.003640760001727242 ], [ 0.0027730552866287385, 0.00297274026113975, 0.0030859300587955554, 0.0030031471097941792, 0.002996800573829796, 0.0035955084141345997, 0.0027914882499459823, 0.0036820412560759274, 0.002390676148943749, 0.0032792650432444683, 0.0027500503887006363, 0.002748321189230447, 0.0021651006494211767, 0.0023832405214018713, 0.0012407966227329197, 0.0013278318150934736, 0.00112832700484056, 0.0010901969972466911, 0.0014515384485702344, 0.0011471813613558393, 5.776580147932698E-4, 4.101348676487812E-4, 2.341964978811844E-4, 8.062250981390726E-5, -2.700424927326075E-4, -5.101439627160174E-4, -7.554863187394979E-4, -0.0010686863078626888, -0.0011903803038186174, -0.0015301127052966723, -0.0014948886412869252, -0.0017819295384987062, -0.0016004997283833023, -0.0015996158937388338, -0.0016205805440066435, -4.6888578734363565E-4, -0.0010651264791040128, -6.986506884276453E-4, -0.00111652318087079, -7.256473045694891E-4, -8.473908343619876E-5, -1.36694489733379E-4, 9.11507041592345E-5, -3.39817152175205E-5, 5.552379121236835E-4, 4.918532677538744E-4, 0.0013188433718010185, 0.0014240742537507684, 0.002122419572861783, 0.0022714429199452383, 0.0026924628908615335, 0.0031475461761560257, 0.0031362985945569185, 0.003400747013443034, 0.0034207477751522527, 0.0029981582230935687, 0.0030912221645084848, 0.002814760471054424, 0.002937853459288378, 0.002614280008724705, 3.812427182638716E-4, -6.153665074526772E-4, -0.0013434859746901445, -0.0018150911888621913, -0.0038262253813819047, -0.004288763234121227, -0.005975378103417522, -0.00671967456202769, -0.0070903450384552594, -0.007766400276208141, -0.007400880868448532, -0.008066314155640956, -0.006950071947707412, -0.00709401788106858, -0.006326854869317556, -0.005199304507329086, -0.005431547575980177, -0.004834769602648186, -0.00518548087926821, -0.004681847030791814 ], [ 0.0021828116414469535, 0.002587229999988559, 0.002810492298278627, 0.0024975012656998584, 0.0033804057318287646, 0.0022309226914988623, 0.0038616236923823873, 0.002390676148943749, 0.0040587401920699545, 0.0024909973660800335, 0.003348591644833356, 0.002330512820789244, 0.0025649364991488666, 0.0020004827689013723, 0.0012171397710776235, 0.0010791299927695149, 8.81148666949402E-4, 6.746138489377047E-4, 0.0012091154818884336, 7.452188378531722E-4, 2.2269724693200322E-4, 1.2427034395391288E-4, -1.9268645512652633E-4, -1.3903323878243176E-4, -9.507277113704452E-4, -5.287184404131576E-4, -0.0016571285915830342, -8.356654101680349E-4, -0.0020836787920415667, -0.0011690169567601036, -0.0020600310236724567, -0.001371148523824266, -0.001839248625784398, -0.0012350536971531267, -0.001324298857629462, -2.8165248638967687E-4, -7.965480831691587E-4, -4.136882091070236E-4, -9.6224188873612E-4, -4.723798290220433E-4, -7.753953876457086E-5, -2.4103393495443005E-4, 1.4047172692150937E-4, -1.7564391365100458E-4, 6.394671082715563E-4, 3.678282868801151E-4, 0.0014580634280812847, 0.0012749630130522629, 0.0022577133131909365, 0.002074747083307455, 0.0027515247524612465, 0.002516263263939169, 0.002957446722919369, 0.0026175901336152117, 0.0029618239578637464, 0.00230915542881496, 0.0025226495745928243, 0.0022668360543127517, 0.0022006475506866174, 0.0019619059952619136, 0.0010419335311353032, -4.160974334314001E-5, -0.0011608534933168905, -0.0012501904658441686, -0.003974844204598806, -0.003705456808434981, -0.006347378901818332, -0.005996384821282352, -0.007591845199860451, -0.007233481879662123, -0.007635235191205158, -0.006865079964140588, -0.0068871547783863245, -0.005867360662516767, -0.00572338686957956, -0.00423803291048653, -0.004629335477670185, -0.004138697694820448, -0.004059382028012988, -0.0038210351502542595 ], [ 0.0025847143712251974, 0.002677593551186689, 0.00295114796052506, 0.0027136303864669616, 0.002912518004981767, 0.003168867990552003, 0.002786893687223574, 0.0032792650432444683, 0.0024909973660800335, 0.003064375886448679, 0.0026239359086588873, 0.0027248189626939514, 0.0020359774771537076, 0.0024577279913535178, 0.0010725705809662247, 0.0015116276441313526, 9.566225605623991E-4, 0.001190362610550815, 0.0013320212027968098, 0.0011897867139296268, 4.1423355026296374E-4, 2.8117376712490484E-4, 5.0226038993421776E-5, -3.767306776214345E-5, -4.8151696106560256E-4, -6.263539349301009E-4, -9.963596085026632E-4, -0.0011440087858941724, -0.001396618583280735, -0.0015657727456306978, -0.0016032883185250102, -0.001854832926613805, -0.001591427553542996, -0.001768472295637124, -0.0014995362518876619, -6.689593558830136E-4, -0.001021743849693283, -8.317027047211378E-4, -0.0011445775436513, -8.576538589970179E-4, -7.411327492299114E-5, -1.4290118173622082E-4, 1.1075799081783525E-4, -4.7915068115278206E-5, 5.82084951823535E-4, 4.656584393844501E-4, 0.0013655132266471727, 0.0014154228807645448, 0.0021719596385961007, 0.0022929383199116575, 0.0027069799178937523, 0.0031050876920094977, 0.0031058781513473997, 0.0033458763264450934, 0.0033400959753538875, 0.003002590805171942, 0.003052398423945264, 0.0028454078873514713, 0.0028954047789050735, 0.0026414991877767293, 3.862684322648776E-4, -5.393538409976988E-4, -0.0014200502515296597, -0.001746999125593191, -0.003916380980796025, -0.0041652570075035806, -0.006124024547662581, -0.0066070681357077565, -0.007268229708916283, -0.007752206821058524, -0.007421848815799886, -0.007928498056850794, -0.006895282621993492, -0.007008910977962119, -0.006120611403745667, -0.005205390178702785, -0.0052968112892071645, -0.004865816012150973, -0.005054721312500839, -0.004699044786268555 ], [ 0.0019369494016388694, 0.0025247139472180853, 0.0023860727209389205, 0.002488484590835052, 0.0027858959295233928, 0.0025284591015671816, 0.00311815613507584, 0.0027500503887006363, 0.003348591644833356, 0.0026239359086588873, 0.0034074011208164957, 0.0022512698531812715, 0.002953725671294348, 0.0020104651375456232, 0.0015450181212702527, 0.0010518948389508123, 0.0011323059000561005, 6.755284642372106E-4, 0.0013932392339755454, 7.658986142539338E-4, -1.9303930272485933E-4, -3.7296095104487543E-4, -5.663993564684696E-4, -6.410440172706782E-4, -0.001167295512320964, -0.0010128099139691572, -0.0017643174091302265, -0.0012765294795461823, -0.002123090927264674, -0.0015037844916391604, -0.002228092204042148, -0.0014471380936579253, -0.002069990858387368, -0.001469588306190411, -0.0016524464901611056, -4.441428797605162E-4, -0.001042335269220611, -5.621868706350134E-4, -0.0011988124532262897, -6.520308474123382E-4, -2.0472046306117827E-4, -3.470051189774222E-4, 1.559990888516422E-6, -2.8861407557484643E-4, 4.835355099260296E-4, 2.2240520300683973E-4, 0.001240020752546393, 0.001019591821903213, 0.0019987122886536983, 0.0017761651434734169, 0.002581100178003443, 0.002404545907448807, 0.0029315575315783833, 0.0027559215593114424, 0.0029307961702301224, 0.00239121815646588, 0.0024712420486026443, 0.0022345069726650148, 0.002190623612081446, 0.001976795528145385, 0.001413538542753784, 2.67117396833998E-4, -6.220426041617146E-4, -8.875673866498825E-4, -0.0033090127493093265, -0.003228555762354236, -0.005508801296985384, -0.005305317666097998, -0.006749389716997701, -0.006522132018789375, -0.007206321938285807, -0.006554559939129649, -0.006812572582318064, -0.006089221209556091, -0.005522446283673667, -0.004334645238225669, -0.004387156201787291, -0.003977327288998357, -0.003915814158074416, -0.0037156807679818503 ], [ 0.0019989641934888276, 0.001962382040225596, 0.0025231677205501445, 0.0019098801879101606, 0.002513878637500133, 0.002457882464179559, 0.002412741450240398, 0.002748321189230447, 0.002330512820789244, 0.0027248189626939514, 0.0022512698531812715, 0.0030814557252949975, 0.0015064294279144724, 0.003246459794175177, 5.768545609571603E-4, 0.00247590284031475, 7.512709653360069E-4, 0.0017553016313478574, 0.0012702639502924907, 0.0014694255008893017, -7.266860332164214E-4, -8.984481282271846E-4, -0.001214217620763537, -0.0012794923004938613, -0.0018502243389546548, -0.0020319457842923353, -0.0022929500471566234, -0.0025386451811510386, -0.0025060617613972885, -0.0025646016155782187, -0.002331254144683004, -0.0028062787589698676, -0.001849206076623824, -0.002932575653844574, -0.001638488119519512, -0.0018400477354287327, -0.0015178039572673785, -0.001780372290244058, -0.0018061142245714857, -0.0017273368098982154, -1.6306962518992702E-4, -2.502234746725503E-4, 4.751326924866024E-5, -1.603688952413017E-4, 5.990416021850971E-4, 4.519565053640367E-4, 0.0015063508996707756, 0.0015918638684485648, 0.002414775545570995, 0.0025282379234062616, 0.0027758312618791294, 0.0031518471333230953, 0.0029216232305942303, 0.003269949557192365, 0.00299333195095118, 0.0029806934477363592, 0.0028819735143376865, 0.002896964900174997, 0.0027810983332876666, 0.0026532941914148055, 7.944752448258792E-4, -3.723634474478207E-4, -0.0014578142669845265, -0.0017029882918495499, -0.004369728862447929, -0.004514666028964706, -0.006665325604184905, -0.007234919866708372, -0.007758761429137385, -0.008135355789898085, -0.007261781159757885, -0.007853123797425149, -0.006242599737230699, -0.006851783824236549, -0.005237033208448355, -0.0051801170172802655, -0.004787292040526601, -0.004889340313860106, -0.004697322571606568, -0.004618079073803337 ], [ 0.0012403739340414626, 0.0017950025215728838, 0.0015783084875926024, 0.001847555752395197, 0.0019929500958899646, 0.0019074804401947626, 0.002298393569585368, 0.0021651006494211767, 0.0025649364991488666, 0.0020359774771537076, 0.002953725671294348, 0.0015064294279144724, 0.0030012148059940704, 0.001210333621694914, 0.0018317971560405611, 4.3704912993985706E-4, 0.0012130802210954864, 2.58762542650152E-4, 0.0012397781753860073, 4.7295299434202225E-4, -6.125565543085498E-4, -7.829050792828728E-4, -8.940506354221202E-4, -9.668566260333429E-4, -0.00133815192632681, -0.0011295559864851815, -0.0018457347390365164, -0.0011821453976967532, -0.002066888141927571, -0.0013308884374147278, -0.0022210384867557852, -0.001047169735089937, -0.0022067185698780205, -0.0010818235933444968, -0.0017667729277417484, -3.560485089712416E-4, -0.0010378210723820495, -5.028574683448007E-4, -0.0011575262784728328, -6.394308558033162E-4, -3.1580265056938624E-4, -4.496752169750195E-4, -1.546946878383132E-4, -4.3044838192688985E-4, 2.1968966942846401E-4, -1.0315406181674821E-4, 7.956433166057091E-4, 4.0179731991335814E-4, 0.0013209627048834417, 9.736521635311828E-4, 0.0019152664137701346, 0.001573195494983816, 0.0023353696254729797, 0.002038979842764943, 0.002322976685514689, 0.0018062195642783838, 0.001888620960127347, 0.0016281434701929311, 0.0016337470272144825, 0.0014701801293613688, 0.0019105999078885515, 9.994162575644638E-4, 3.097931017281832E-4, 1.0574208731419512E-4, -0.001826396925565807, -0.0014946751369634514, -0.0036311045856223826, -0.002892086456530808, -0.004606383003668711, -0.004036017208328855, -0.0054794362132871656, -0.00438497952796884, -0.005534257095664163, -0.00445973072583987, -0.004381942368958912, -0.0031881350684356017, -0.0033048126728950256, -0.0028086135680775812, -0.002845991875309077, -0.0026986471615583953 ], [ 0.00118128207832552, 0.0013497387508523428, 0.001769096245048721, 0.0012293017933550734, 0.0018216196429230575, 0.0019487212411599731, 0.001794973220891965, 0.0023832405214018713, 0.0020004827689013723, 0.0024577279913535178, 0.0020104651375456232, 0.003246459794175177, 0.001210333621694914, 0.0042070227966251, -2.7447274805504385E-4, 0.0037837102182923816, 3.9374121975139197E-4, 0.0026140851696814945, 0.0012566527830738024, 0.0019305125497455697, -0.0015138109589480314, -0.0017481413634046873, -0.002052892583180256, -0.002184048397620786, -0.002705171001208812, -0.003057214723817309, -0.003110331661729574, -0.003564030395376344, -0.0031703120497411003, -0.0033885009644416104, -0.0027013277763380194, -0.0035477626613156614, -0.0017906149210724703, -0.004032857025429728, -0.001216734661542735, -0.00275419777881631, -0.0017225574028082837, -0.0024791605194855043, -0.0021849401686827013, -0.0023242246325111695, -2.0457356909665434E-4, -3.2410887438751425E-4, 1.3369253699908378E-5, -2.4009083530633104E-4, 5.821610864045935E-4, 3.977471113661708E-4, 0.0015119971645741975, 0.001591138602351376, 0.0024213337759137164, 0.0025563959593156607, 0.0026595075785633723, 0.00310042908701629, 0.002676132396383904, 0.003262620854070946, 0.002607661019724091, 0.002994935161513865, 0.002674696822994216, 0.0029925233741674613, 0.0026590618752750056, 0.0026463848727658747, 8.946456751481066E-4, -3.4536761205917956E-4, -0.0015988670817649047, -0.0017407509299303496, -0.00457441567363292, -0.004709483465778458, -0.006817242401472373, -0.007489201334611211, -0.007820561651398482, -0.00834220310546952, -0.006763676336515987, -0.007817196701527319, -0.00555217491623723, -0.0070950142727348965, -0.004163055373087228, -0.005486123211341633, -0.004192556368585756, -0.005216087899051696, -0.004390844599956935, -0.004640266575066986 ], [ 9.533058814645092E-4, 9.708856045319839E-4, 0.0011066742803669003, 0.001066487604388518, 0.0012748042127136243, 0.001103927400062735, 0.001301750777978692, 0.0012407966227329197, 0.0012171397710776235, 0.0010725705809662247, 0.0015450181212702527, 5.768545609571603E-4, 0.0018317971560405611, -2.7447274805504385E-4, 0.001976454954628475, -9.626340007648928E-4, 0.00114686833308723, -6.863357561155755E-4, 7.079273557265477E-4, -2.1021435053977737E-4, -4.77480040294056E-4, -5.528333940286348E-4, -6.13168631168945E-4, -6.096642795112065E-4, -8.27216708550224E-4, -5.787094869383315E-4, -0.0010450445679221984, -5.089711584895865E-4, -0.0011459060293644212, -5.116145079969587E-4, -0.0013799073844412727, -2.4272823626650408E-4, -0.0016718837775647768, 3.684415232830783E-5, -0.0018037197295622876, 1.0045447665378998E-4, -8.012781424294134E-4, -1.2287774518987335E-4, -7.339029472203793E-4, -2.889593817352034E-4, -2.836736100605712E-4, -3.213364399312118E-4, -2.1216818277159464E-4, -3.2458472687382577E-4, -1.7832254745508757E-5, -1.8777770258518299E-4, 2.7561009566370707E-4, 1.762183590442235E-5, 5.206805155056607E-4, 2.4626723335843825E-4, 9.145091547087341E-4, 5.855107267025443E-4, 0.0011966446515649172, 7.964782607378775E-4, 0.0012587981644063351, 7.137140258107051E-4, 9.228683868622122E-4, 5.340482986807019E-4, 7.434091682514812E-4, 5.918598020944426E-4, 0.0016257564318125695, 0.0010818759268346608, 9.296700471105254E-4, 6.799775612730862E-4, -2.472247407615983E-4, 1.1651065192932522E-5, -0.0011893926591293065, -5.719083688484289E-4, -0.001648262999362661, -0.0010190854401489436, -0.002666527783875498, -0.0014377609299743826, -0.0028653068419388548, -0.0013865934031290312, -0.0026290111548626705, -8.78255035345183E-4, -0.0017203741992947413, -6.227984796133429E-4, -0.0012538380841603117, -9.304401919893094E-4 ], [ 1.1948378493417417E-4, 3.3296135522269284E-4, 6.028701242088857E-4, 2.3079297397507085E-4, 6.414139162984763E-4, 9.014070205188995E-4, 6.631609304742826E-4, 0.0013278318150934736, 0.0010791299927695149, 0.0015116276441313526, 0.0010518948389508123, 0.00247590284031475, 4.3704912993985706E-4, 0.0037837102182923816, -9.626340007648928E-4, 0.0038497095150029637, -5.503036954409136E-5, 0.0026528027570270705, 8.05938077738305E-4, 0.001818165632578172, -0.0019477949400683154, -0.002155974131901284, -0.002408771870207021, -0.002494287589603561, -0.0029219105266155374, -0.003225721416866465, -0.0032009111610429948, -0.003572590967564672, -0.0030958901844490524, -0.00327337047038566, -0.002463022536713597, -0.0033948234993016035, -0.0014507661891260872, -0.003938115479820782, -6.661202273942567E-4, -0.0029760453617802183, -0.0015598996468138635, -0.002651417184257369, -0.002035865438858344, -0.0024389682377393643, -2.0726171839326662E-4, -3.356937223876378E-4, -2.183604439105262E-5, -2.870887496265948E-4, 4.347830524878906E-4, 1.8869077416492077E-4, 0.0011722198426842667, 0.0011255773312966208, 0.0018690476811510808, 0.0018952711818924924, 0.0019488373422437279, 0.002243805129185357, 0.0018525368858701783, 0.00236476012867624, 0.001736276179727706, 0.0023017709322024358, 0.0019940133031242997, 0.002445638868516623, 0.0020202556455473303, 0.002124608499254963, 8.3376559519579E-4, -7.974329278372196E-5, -0.0013083059595098236, -0.001142410149564484, -0.0036192335344913187, -0.0034082669197664202, -0.005279959296092611, -0.005499810188744569, -0.005925486223914795, -0.0061150725433761445, -0.004622690257168065, -0.0055546076337446675, -0.0035372799562635726, -0.00515456015799903, -0.002368626454435201, -0.0042768827177137635, -0.002873947207832383, -0.004262498306943529, -0.0031929818425941925, -0.0036426757660993304 ], [ 6.238592834431806E-4, 7.006326843088806E-4, 8.246657965801956E-4, 7.278967969296415E-4, 9.698974094624676E-4, 9.601730019671606E-4, 9.514789825128567E-4, 0.00112832700484056, 8.81148666949402E-4, 9.566225605623991E-4, 0.0011323059000561005, 7.512709653360069E-4, 0.0012130802210954864, 3.9374121975139197E-4, 0.00114686833308723, -5.503036954409136E-5, 8.226335934695019E-4, -4.0318150712492144E-5, 6.398582852658492E-4, 1.4442149521095107E-4, -6.585992271865483E-4, -7.614527512892316E-4, -8.203767249046205E-4, -8.642645578498407E-4, -0.0010585099942658608, -9.624107507462012E-4, -0.0012270467014502725, -9.842776610477833E-4, -0.0012606199119359531, -9.328708225299321E-4, -0.0013008257660350338, -7.56157762574061E-4, -0.0013661192118941943, -5.615381718008292E-4, -0.0013465462029640266, -4.0141452332185883E-4, -8.570937815511879E-4, -5.320580037909618E-4, -8.491568854142869E-4, -5.860063614208786E-4, -2.3693388474180544E-4, -2.758664187714521E-4, -1.7298753656168906E-4, -2.6968716411575013E-4, 1.6738644441447825E-5, -1.0602231169691898E-4, 3.1430690171697554E-4, 1.7251327036194527E-4, 5.57627719921123E-4, 4.0625916688335345E-4, 8.095339662166942E-4, 6.586573929131055E-4, 9.526274490176607E-4, 7.565573995634257E-4, 9.992113555057887E-4, 6.907026446769162E-4, 8.317199878970736E-4, 6.199440060720208E-4, 7.341592305740675E-4, 6.000894309290797E-4, 0.0012890748116781503, 7.378898010068551E-4, 5.163238914005066E-4, 3.1093518950358923E-4, -6.185570959295765E-4, -5.037287424187615E-4, -0.0014501064191143344, -0.0012002917513459605, -0.0017387866895445289, -0.001451160982188223, -0.0021810599519794084, -0.0016264856913198716, -0.0021143216334339587, -0.0014178891755024965, -0.0019469718432557253, -0.0010242919283533257, -0.0014844422385960447, -9.204023872441034E-4, -0.0012498148406657414, -0.0010077047248156588 ], [ 2.708761155626919E-4, 3.5390484527716255E-4, 5.87870099657068E-4, 3.1446541907009063E-4, 5.603488882045324E-4, 8.344579492012437E-4, 5.063935360743006E-4, 0.0010901969972466911, 6.746138489377047E-4, 0.001190362610550815, 6.755284642372106E-4, 0.0017553016313478574, 2.58762542650152E-4, 0.0026140851696814945, -6.863357561155755E-4, 0.0026528027570270705, -4.0318150712492144E-5, 0.0018835895298539873, 5.681749363084911E-4, 0.0013246296871171723, -0.0010843284018043227, -0.0012127800317050803, -0.001389486467047784, -0.0014490586088082087, -0.001733326140343115, -0.0019683626424776167, -0.0019447936078305513, -0.0022513048275385004, -0.0019067035565119882, -0.002156953418420149, -0.0015330081057332704, -0.002314883899796158, -9.241425666607047E-4, -0.002637940845137806, -4.074143401847372E-4, -0.0019492695953715598, -0.0010114193558621528, -0.0017705205549965128, -0.0013183443913388866, -0.0016215895950370072, -1.1082894293402264E-4, -1.9067890330241876E-4, 1.1941628173074685E-5, -1.51109599618662E-4, 3.180712735143275E-4, 1.6018302189034652E-4, 8.250910264717944E-4, 8.13596509627586E-4, 0.0013001623276916827, 0.0013730268216797068, 0.0013824970121032144, 0.0016817435453037799, 0.0013700608070804118, 0.0017678700557577317, 0.0013594163498612827, 0.0017324464299116507, 0.0015447532057188342, 0.0018314188804211026, 0.001573269234858619, 0.0016167759284481122, 3.7125637219350804E-4, -1.7893629693123734E-4, -0.0010397753206319096, -9.242381691715162E-4, -0.0025705850170177013, -0.0024506507765940035, -0.0037546165816083783, -0.003941865893304013, -0.004192829916878367, -0.00443554094062649, -0.0033279099272129718, -0.004143412076699992, -0.0026304417861045233, -0.0037987562335911954, -0.0019310345308304567, -0.003178053796111129, -0.002287643729137659, -0.0031823927439937755, -0.002524359515895756, -0.0027699547836915854 ], [ 8.698500414462477E-4, 9.949655500743925E-4, 0.0011388687221993976, 9.768250026796813E-4, 0.0012845556722348762, 0.0012699882152082298, 0.0012795658174888404, 0.0014515384485702344, 0.0012091154818884336, 0.0013320212027968098, 0.0013932392339755454, 0.0012702639502924907, 0.0012397781753860073, 0.0012566527830738024, 7.079273557265477E-4, 8.05938077738305E-4, 6.398582852658492E-4, 5.681749363084911E-4, 7.758004511500291E-4, 5.543908988416118E-4, -4.013360522092545E-4, -5.143177814044482E-4, -6.059807771325802E-4, -6.953810095317801E-4, -9.05249707043042E-4, -9.592345886394939E-4, -0.0011407669750618566, -0.0011283143761600556, -0.0012322312838478264, -0.001165080189816909, -0.0012257916702592354, -0.0011016864066610854, -0.0011175028778809177, -0.00111718633003823, -9.873404485814152E-4, -6.099229158446331E-4, -7.683423561836722E-4, -6.343105174740327E-4, -8.607395235497484E-4, -6.461007910868729E-4, -1.5221568983493666E-4, -1.9803475509669837E-4, -7.370133022187733E-5, -1.6613265742173385E-4, 1.583138604193125E-4, 8.200049126877165E-5, 5.424406245677593E-4, 5.259137172347256E-4, 8.866417874155618E-4, 8.989115864526586E-4, 0.001129347531019653, 0.0012168328991232734, 0.0012693840822054388, 0.0013431103664017937, 0.0012943789169381332, 0.0011701190123319214, 0.001148988153814301, 0.0010798964188773307, 0.001095122518750278, 9.700656795891976E-4, 8.314300871175987E-4, 2.1803620638472597E-4, -1.4407252074644477E-4, -4.025261384651042E-4, -0.0014819972602957577, -0.0016089127645498378, -0.0025566864720430486, -0.0027291890042688413, -0.0030037778195483268, -0.00316807575116088, -0.003122822417484948, -0.0031931157661592557, -0.002866966852601053, -0.0029064372148324487, -0.00236828704086052, -0.0020994843839506542, -0.00198988505269966, -0.0018884983541169842, -0.0019091615112425276, -0.0017707401469863882 ], [ 5.600214074930963E-4, 5.6447909353422E-4, 8.234189771598809E-4, 5.62752134216577E-4, 8.077110269478921E-4, 9.678118359284155E-4, 7.342691166250728E-4, 0.0011471813613558393, 7.452188378531722E-4, 0.0011897867139296268, 7.658986142539338E-4, 0.0014694255008893017, 4.7295299434202225E-4, 0.0019305125497455697, -2.1021435053977737E-4, 0.001818165632578172, 1.4442149521095107E-4, 0.0013246296871171723, 5.543908988416118E-4, 0.0010011488551127715, -6.050359463701736E-4, -6.955932894669384E-4, -8.451295529888428E-4, -8.88800112585582E-4, -0.0011379293523403231, -0.0012886180336016953, -0.00135364161438174, -0.0015326598444322815, -0.0013815105729803598, -0.0015586164857417004, -0.0011911008368094955, -0.0017005822029759116, -8.456066115457144E-4, -0.0018698036230312288, -5.141944284722054E-4, -0.0013025047058692223, -7.859735354181706E-4, -0.0012279106176560249, -9.919603047403628E-4, -0.0011452290239812868, -8.694128599043382E-5, -1.4423814194502917E-4, 1.0575255007443374E-5, -1.0772846792118388E-4, 2.6253957248548556E-4, 1.420136289470268E-4, 6.88961302716313E-4, 6.795291715662352E-4, 0.0010823173072195475, 0.001157495661382534, 0.001222253352076921, 0.0014801491268299554, 0.0012906436989731673, 0.0015690857883429027, 0.0013360107532069663, 0.001514108184144978, 0.0014116886666408163, 0.0015472971026775921, 0.0014136713392115456, 0.0013963381275420446, 3.2473444531001285E-4, -1.1958018724597928E-4, -7.854337891625732E-4, -7.623517826076589E-4, -0.002075107036518961, -0.0020087362956720954, -0.003154651216642653, -0.0032837631002596806, -0.003567675454431947, -0.003783562125729085, -0.0030960963022204835, -0.0036670258245620154, -0.0026219658638000796, -0.0033227651484082823, -0.0021092744433910244, -0.0027093222466715063, -0.0022079527788238544, -0.002660159460743381, -0.0023224316169154426, -0.002404886217433279 ], [ 0.002393701012018039, 0.0019372225683622084, 0.0019931117388127563, 0.0019321731079641612, 0.0017369133337124393, 0.0013480653177484747, 0.0014827525890224087, 5.776580147932698E-4, 2.2269724693200322E-4, 4.1423355026296374E-4, -1.9303930272485933E-4, -7.266860332164214E-4, -6.125565543085498E-4, -0.0015138109589480314, -4.77480040294056E-4, -0.0019477949400683154, -6.585992271865483E-4, -0.0010843284018043227, -4.013360522092545E-4, -6.050359463701736E-4, 0.005651881314848456, 0.005991547929576069, 0.006166709869968905, 0.006073869033594243, 0.006613286356940288, 0.006254385018977726, 0.006618077995204686, 0.0057948010942372695, 0.005941658676837711, 0.004450126809612104, 0.004898916077753114, 0.003715882660833987, 0.0038059493060137494, 0.00382027781072702, 0.0027980181464483064, 0.004221190445813302, 0.0031146543698993396, 0.004057855372493894, 0.003474576593261897, 0.003923617817444109, 9.140579915711052E-4, 0.0011337467229024293, 6.865689128579505E-4, 0.0012322812622275166, 1.9860588883061385E-4, 9.520874846149926E-4, -4.4172876923662585E-4, 4.924858427056019E-4, -9.363322533385578E-4, 1.4545821034138418E-4, -0.0010010230262842573, 1.6609511523363633E-4, -7.059357720712143E-4, 1.575514017568508E-5, -3.6033739019339915E-4, -5.098386780968241E-4, -7.184642743507711E-4, -8.941698210773311E-4, -5.213473837759646E-4, -8.179511847817458E-4, -0.004494034498199727, -0.003266220631342598, -0.0020335371058703682, -0.0027473520874979904, 4.931779458279001E-4, -0.001415052178656738, 0.0015306531345062493, -8.001706842613112E-4, 0.0016408207546596625, -9.654121843689697E-4, 0.001109