function ret = b6(x)

ret = [[9/500];[-71/2000];[-361/10000];[1]]...
;

end