{
  "weights" : [ -0.008487695378839692, -0.012188583230835196, 7.135146456735902E-4, -1.8824434185096058E-4, 0.005938069520211321, 0.003162372774068765, 0.004724009950443497, 0.004309364837308, 0.004961200290353758, -4.8036102841351395E-4, 0.017508922443869243, -0.00849702166430252, 0.03658077764379135, 6.51254398298099E-4, 0.03910855745283628, 0.03045434433289188, 0.019124772188717498, 0.03744934675664468, 0.024667609930304632, 0.029384830575088425, 0.03863236080815256, 0.03839849883099356, 0.030347499857621498, 0.03354494472649315, 0.020050830041814547, 0.02551682809545929, 0.010212126089098833, 0.016129940504230594, 0.0044408961196259955, 0.01009216285241233, -0.005424242375633163, 0.011972318205662798, -0.010643553356869343, 0.007761265242735623, -0.01155625156303085, -0.0104656967345136, -0.005017735086978022, -0.023762992991089443, -0.012532497216649193, -0.024892646468759768, -0.9896294003070132, -0.9932155917240719, -0.9904212139181026, -0.9943022238381817, -0.9903393890273617, -0.9915644645878304, -0.9862380834285831, -0.9828330854176301, -0.9742205259896224, -0.9675435620093172, -0.9569617765746791, -0.9500979900842305, -0.9375309452830574, -0.9305227071884978, -0.9168248507911613, -0.9063410478705501, -0.9014579481763272, -0.8926056606909142, -0.8905007699167535, -0.8930515351867352, 0.007805505724000766, 0.011347338837248637, -0.03142880917663128, -0.016476476512000057, -0.0795702061683543, -0.0807761603778287, -0.1293176407076834, -0.1583255003248755, -0.20034518608496463, -0.23394138734899725, -0.271921222092067, -0.29469834400166167, -0.3366335398051062, -0.3502209041248663, -0.39607178454424236, -0.4074626243788315, -0.42792925743445615, -0.4347504510062612, -0.4480598238145597, -0.4357796646083123 ],
  "covariance" : [ [ 0.0047561478631085, 0.0034252833048533794, 0.004905032186689145, 0.0025060335841256363, 0.004838255105991392, 9.638559688858446E-4, 0.004512506788848788, -1.074484036098654E-4, 0.002939854925752869, -1.8249623303347534E-4, 0.0012449903097779514, -5.086057233947279E-4, -1.338379320735941E-4, -1.2907198879110482E-4, -0.0011482826554814723, -2.4228383415702884E-4, -6.999277838396209E-4, -8.3004487323578E-4, -9.011422089160318E-4, -7.626280201453754E-4, 0.005348767945634616, 0.005540019171024726, 0.00507011119801176, 0.00523710370755626, 0.0044894018793684605, 0.004741688274379328, 0.003681368627540558, 0.003977719958309815, 0.003052197979011273, 0.0029031694872853997, 0.0025928546335806514, 0.002101273937214608, 0.0023951352714812564, 0.001224091593912029, 0.0022972830437575824, 0.0010615595961910383, 0.001913584642997722, 7.284530432621749E-4, 0.0016962670005015838, 0.0010701658449878138, 7.92827798496267E-4, 7.30487259836944E-4, 7.862386270800559E-4, 7.673003282496352E-4, 6.74453937163128E-4, 7.402138059485816E-4, 4.6756853787902454E-4, 8.159972027069256E-4, 3.195494627471094E-4, 9.446614368636793E-4, 2.2420586446110345E-4, 0.0010513247280050683, 3.73992130670901E-5, 0.0010696911032091944, -2.2017106260332226E-4, 9.478554037357638E-4, -3.454631727181738E-6, 0.0011202357656329607, 1.3473385393618066E-4, 5.708624463966096E-4, -0.004675394841397281, -0.0039766206365876395, -0.003948512216358556, -0.00403510634835353, -0.00305075081807804, -0.0033119199121338402, -0.00235787545162701, -0.003179332933676707, -0.0015716230512616916, -0.003432503464134739, -9.380415570417972E-4, -0.003194257095973742, -9.885118445001507E-5, -0.00295312906310625, 9.180665214617121E-4, -0.0025370655058710744, 3.0276116117744023E-4, -0.002707368493818518, -1.1519539890384826E-4, -0.001400523046700579 ], [ 0.0034252833048533794, 0.0037614263113035897, 0.0034616618369923396, 0.002876246723450985, 0.0036786240424436564, 0.0014104048130971505, 0.0037053728900588606, 2.3580517971568673E-4, 0.002590903573930276, 1.357886803548519E-5, 0.0015018618903215608, -5.473657148299758E-4, 4.8530702722454893E-4, -3.976936468666523E-4, 6.473840064463824E-6, -9.285265858690465E-4, 5.510973717443422E-4, -8.623951923735972E-4, -3.7842712598655135E-4, -3.891345011327748E-4, 0.004121826804642997, 0.003981677523360898, 0.004043420354487074, 0.0037214484977923764, 0.003602167093059792, 0.0034850888082729463, 0.00292904353841396, 0.0029763875580772524, 0.0024422826951915845, 0.0023910744641513523, 0.0020373525275821465, 0.001902320304416156, 0.0019587678835515953, 0.001377497609917602, 0.0017852526188507321, 0.0014935370502548815, 0.0017263434446302217, 4.944231064527157E-4, 0.0017333583320145814, 6.7206304751168E-4, 7.079385934277315E-4, 6.662199718575632E-4, 7.028962088739254E-4, 7.123764829715261E-4, 6.241724769291191E-4, 7.518965006028755E-4, 5.517395478715131E-4, 9.230677999935175E-4, 6.898788015994908E-4, 0.00108411775520611, 7.733253121374017E-4, 0.0013770604619944094, 6.21422098914802E-4, 0.0015251175968260574, 3.7387581768369275E-4, 0.0015754881185397096, 4.0841461643435913E-4, 0.0020367551792546904, 6.104096297788488E-4, 0.00133993099338644, -0.004047946642006152, -0.0037732782317917595, -0.003481769356663739, -0.004268437269442395, -0.0028410938270699, -0.004009774520491496, -0.00280980408329559, -0.004160346671188082, -0.0029463923687777253, -0.0040216378283007516, -0.002652072923848012, -0.00410097091410705, -0.0015699146540934504, -0.004003275770823152, -3.7239865438887465E-4, -0.003775530266997911, -4.6765107793652423E-4, -0.004447225766934094, -9.47366424668846E-4, -0.0028549764277550267 ], [ 0.004905032186689145, 0.0034616618369923396, 0.0051138936509523125, 0.002529408138267966, 0.005049096480529575, 9.730811098189701E-4, 0.004689220019151104, -4.656866460392484E-5, 0.003061749647254583, -2.0639103511562437E-5, 0.0013474827566803066, -2.699520101137264E-4, -6.129707401041317E-5, 1.2753782535339646E-4, -0.0011308733631820106, -1.6348970846579236E-5, -6.019777667098499E-4, -6.59295818608768E-4, -7.365923310632318E-4, -6.305343769185243E-4, 0.005314399935925415, 0.005553389464431103, 0.004988678154093875, 0.005226875776214689, 0.00439624265338966, 0.004704888121855235, 0.003589764346312261, 0.003927762097481225, 0.002978585613015004, 0.0028185749645967474, 0.0025483600946336017, 0.001982017726095389, 0.0023623265037583936, 0.0010604347153046925, 0.002263120551517108, 9.400827532477117E-4, 0.0018244887093400797, 6.344822012482854E-4, 0.0015806294357849978, 9.753029214091511E-4, 7.821591995581244E-4, 7.187972849323974E-4, 7.765273568349529E-4, 7.572803924695691E-4, 6.703919877348281E-4, 7.561878531289542E-4, 4.535025381759929E-4, 8.986479385131675E-4, 2.803693676139637E-4, 0.0010925836178097533, 1.689257724669368E-4, 0.0011800901932741393, 3.310954372496974E-5, 0.0011574191594689552, -2.2097485240544931E-4, 9.603925009614065E-4, 2.8122603981916875E-5, 0.0011438693140147524, 1.5622919610608157E-4, 6.204271643406363E-4, -0.004771648347557493, -0.003876853809859871, -0.004149725496597631, -0.003988990530103197, -0.0033321683922100426, -0.0034293358212767883, -0.002566647372912797, -0.003523483475894871, -0.0016246132191165819, -0.003934960540359254, -8.543408942211829E-4, -0.003574159842851309, -9.500807341835959E-5, -0.003187996278046883, 9.845336111712574E-4, -0.002582410428567324, 2.999834194722239E-4, -0.0027412141937643137, -1.0239485033605299E-4, -0.0014587640888926107 ], [ 0.0025060335841256363, 0.002876246723450985, 0.002529408138267966, 0.0022694185769299357, 0.002669714798399336, 0.00113235661641097, 0.0027419424964465755, 2.0134329909814739E-4, 0.0019036012704916564, 3.256779844252772E-5, 0.0011149283291744473, -4.376925871174552E-4, 3.4746581974381583E-4, -3.465896858247584E-4, -3.103771513820978E-5, -8.708499931197029E-4, 5.093377848872373E-4, -8.557330526366054E-4, -2.7621459087260296E-4, -3.927275370806431E-4, 0.0031228290127713314, 0.0029791363934228666, 0.0030915200089624245, 0.0027766366285027736, 0.0027683459004453153, 0.002609163558042954, 0.0022646184613663413, 0.00224870268123323, 0.001908049084594606, 0.0018139224492655546, 0.0015879340517034584, 0.0014356945952630307, 0.0015121718215058587, 0.0010234682928387034, 0.0013964591509080134, 0.0011876599338171523, 0.0012952607633991149, 3.728970909605871E-4, 0.0013302538436475474, 4.8771143615452883E-4, 5.334649182047299E-4, 5.054120987286126E-4, 5.272879978157377E-4, 5.400858532272207E-4, 4.704186594543705E-4, 5.759104714304627E-4, 4.426736715006722E-4, 6.828297607023872E-4, 6.059004850904405E-4, 7.663406502906138E-4, 7.023418610121392E-4, 9.969936590225423E-4, 5.542401541830603E-4, 0.0011487361741945193, 2.8190196012931664E-4, 0.0011977061692344468, 2.3634204997541338E-4, 0.0015645954352130464, 3.693337925639138E-4, 9.81836617293648E-4, -0.0030656028963093832, -0.0030143385028914118, -0.00263057489820107, -0.0033835674581355673, -0.0022242427009579687, -0.003291786077775984, -0.0023045984158501873, -0.0032846869988839076, -0.002598751946602281, -0.0029805088330434105, -0.002433578368422534, -0.0030314344878934543, -0.0014543119663573436, -0.0030306814471747984, -2.6413171790865664E-4, -0.002852491117998377, -1.7736115370476987E-4, -0.003400129443806205, -4.968129762195754E-4, -0.0020833673119097 ], [ 0.004838255105991392, 0.0036786240424436564, 0.005049096480529575, 0.002669714798399336, 0.005175282103019776, 0.0010770526087582888, 0.00504196561535245, 5.3809983887672675E-5, 0.0035948161573672952, 1.9937821848922818E-4, 0.0019600388932737847, 1.2336323022412942E-4, 4.4989693783114497E-4, 5.937180821631007E-4, -5.183305993520244E-4, 3.2153539099517083E-4, 1.4692395897537158E-4, -2.3755001891814488E-4, -1.4093197486209915E-4, -1.4759336945659036E-4, 0.004814017140981297, 0.005030072031412422, 0.004467679517195255, 0.004727814223159792, 0.0038968920662791123, 0.004228989664181772, 0.003102124984734776, 0.0035160526146138372, 0.002504738658085821, 0.00247778353458349, 0.0021542633178041563, 0.0016496789757137705, 0.002080396394959988, 7.910562697492568E-4, 0.001964943612318897, 8.555647145278995E-4, 0.0015492483454512221, 4.0905672222650493E-4, 0.0013679234184015418, 6.800420469161492E-4, 7.392626661851941E-4, 6.694282430665876E-4, 7.359134222866434E-4, 7.151586333608521E-4, 6.554723616698621E-4, 7.499576242585097E-4, 5.046542314026432E-4, 9.632894946580432E-4, 4.4250319849340136E-4, 0.0012837912937634826, 4.1791516711608875E-4, 0.0014412863795517988, 3.5692226004422294E-4, 0.0015034012555308676, 8.453671226369132E-5, 0.0013311600628144642, 3.8753368017223523E-4, 0.0016109772648868323, 5.908914927080944E-4, 0.0011090025090013458, -0.004515639517076681, -0.003690960314937006, -0.004137450128078576, -0.004102721488356987, -0.003482930987064021, -0.0037777220511960806, -0.0030125659219707775, -0.004071431562583634, -0.002356510071044954, -0.00471607376189567, -0.0016182553185370941, -0.004400749993383052, -8.63758378335002E-4, -0.004067551221682558, 4.0829462967839646E-4, -0.0033954401912458495, -3.4752205483867956E-4, -0.0036630524157528544, -8.751386123755846E-4, -0.002393574102250717 ], [ 9.638559688858446E-4, 0.0014104048130971505, 9.730811098189701E-4, 0.00113235661641097, 0.0010770526087582888, 8.274128203912033E-4, 0.0010330752774327407, 5.349495737555212E-4, 6.612376929675429E-4, 4.513335999663897E-4, 4.967955237279396E-4, 9.291354604320655E-6, 3.23972079910125E-4, -4.1442187443475455E-5, 1.8941095332900882E-4, -7.394276814831021E-4, 9.285089129420726E-4, -8.761519976947363E-4, 3.682898679079706E-4, -2.6285525071749347E-4, 0.0012510719250477284, 0.0011926820736757383, 0.0012366921938199882, 0.0010927177310583278, 0.0011175141494763035, 0.0010225708562689587, 8.910384852972696E-4, 8.559633363612356E-4, 7.358405375273923E-4, 7.06636889150443E-4, 5.966993933700374E-4, 5.709306783524383E-4, 6.39748240448132E-4, 4.527185372475121E-4, 6.234637460229054E-4, 8.008754928640534E-4, 3.4739156690498493E-4, 4.003460902852095E-4, 4.910868056772367E-4, 2.2852347766425944E-4, 2.347380331679476E-4, 2.0929239425485346E-4, 2.3559854986537814E-4, 2.184683514482518E-4, 2.181519567171324E-4, 2.425200156875346E-4, 2.1180746220445695E-4, 3.6931895513097755E-4, 3.088012573705652E-4, 4.619591363690455E-4, 3.945682658601634E-4, 7.074550501721946E-4, 3.423666750002241E-4, 8.469850426993032E-4, 2.1572117647479465E-4, 8.488257968613721E-4, 2.1931024865186994E-4, 0.0010553164875220424, 2.5963952220088327E-4, 7.478685446543967E-4, -0.0014363872368040338, -0.001185912798237459, -0.0014120179029168142, -0.0014654025130546647, -0.001339613579206911, -0.0015914917603485107, -0.0015187580575992746, -0.0018688637473067413, -0.001750208257663359, -0.0017388462404632828, -0.0017937260218740213, -0.002136489584392478, -0.0010899194184408982, -0.0022984698844140295, -2.486763747775979E-4, -0.002102388199952142, -2.2451020243032503E-4, -0.0023592361215185815, -3.3773706407418986E-4, -0.0016028907923012962 ], [ 0.004512506788848788, 0.0037053728900588606, 0.004689220019151104, 0.0027419424964465755, 0.00504196561535245, 0.0010330752774327407, 0.005439856375506031, -8.895508491871588E-5, 0.004402281243342716, 2.4361648288029607E-4, 0.0028600461435801207, 5.524214895794436E-4, 0.0010822072498196903, 0.001207929214620066, 2.042879904936089E-4, 8.586510516487348E-4, 9.992801907925928E-4, 3.4937991254191625E-4, 5.592318784286422E-4, 4.494146860639604E-4, 0.003932635389152739, 0.004062867447592627, 0.0036043950540185677, 0.0038326029933939865, 0.0030943520194796526, 0.0033843854067887235, 0.002350678191862035, 0.002840116057512649, 0.0017894642573666295, 0.0019035128863976098, 0.0015579431462727136, 0.0010577428963640416, 0.0016037752838680842, 2.5487120912753386E-4, 0.0015021192471529384, 5.722458834255341E-4, 0.001115747272786651, -3.5735137256454814E-5, 0.0010077057410343739, 2.0476257349918698E-4, 6.326918599283045E-4, 5.623252093956532E-4, 6.263352928967119E-4, 6.170665512405438E-4, 5.893676643470601E-4, 6.882901092036799E-4, 5.964425421650898E-4, 8.658698274287866E-4, 7.930479716624546E-4, 0.0012544412622437977, 9.427953385181168E-4, 0.0014428589068946405, 9.15693534529012E-4, 0.001699737172956749, 4.6812468724789866E-4, 0.0016230543890709225, 7.295882574220431E-4, 0.0019976151426760198, 0.00102642353336035, 0.0015183767224886259, -0.0037573999996093183, -0.0035657683337199887, -0.0036801388858015787, -0.00430215377367166, -0.00335783432926875, -0.0043246199291477674, -0.003492226361435873, -0.004369336661331935, -0.0036141146291171575, -0.005038294052538834, -0.003046277579489014, -0.0046264160474231856, -0.0021923246519628663, -0.004551562685675974, -3.5365317204451313E-4, -0.003926994318797999, -9.666801469060708E-4, -0.004340245826973375, -0.0016214234156405117, -0.0031294627954143645 ], [ -1.074484036098654E-4, 2.3580517971568673E-4, -4.656866460392484E-5, 2.0134329909814739E-4, 5.3809983887672675E-5, 5.349495737555212E-4, -8.895508491871588E-5, 9.114371520383467E-4, -1.9140476710635196E-4, 0.0011055875416779003, 1.2952512390387386E-4, 8.788408293351952E-4, 4.532486594363707E-4, 6.380566927282838E-4, 6.563779232779502E-4, -2.913605151633861E-4, 0.0015925153655003753, -4.53380942621248E-4, 0.0011244185397848206, 2.810091550266346E-4, -5.925630822858866E-4, -5.001072299559358E-4, -6.52524490463726E-4, -5.316750350227783E-4, -6.001361356623154E-4, -5.491225739089659E-4, -5.700199515572109E-4, -5.526273347747347E-4, -5.261986254373272E-4, -5.035300107763638E-4, -4.5991369827299254E-4, -4.636009362335993E-4, -3.14311444662938E-4, -3.2649686917644237E-4, -2.787642548692588E-4, 2.756524030719558E-4, -6.897248908436098E-4, 1.6724474901621368E-4, -3.911638571716979E-4, -2.799873793248805E-4, -6.411354725173555E-5, -8.073483429904306E-5, -5.276221324888055E-5, -8.401478999547988E-5, -1.942085191946151E-5, -2.8606675503965234E-5, 7.873279061295543E-6, 1.9731826550788451E-4, 6.019608037565743E-5, 3.9802822330960483E-4, 1.5243438941827729E-4, 6.529255834037097E-4, 2.613601606067766E-4, 7.556471209260663E-4, 2.4520991485516176E-4, 6.604144912493142E-4, 3.851493034346849E-4, 7.430876844417789E-4, 3.8133947310841043E-4, 7.20378325273628E-4, -4.226422316043648E-5, 5.273788030829606E-4, -4.5699390225358656E-4, 1.7345932379407352E-4, -7.599974303261156E-4, -3.4731610140835217E-4, -0.0010270203573685653, -0.0011484809024295062, -0.0011050791986359253, -0.0014219394505845997, -0.0012121862401381909, -0.0019840524534691, -9.090643471816091E-4, -0.0020828129407217764, -3.120198540313046E-4, -0.0016802381524316384, -5.555838645899977E-4, -0.001621483789935209, -5.79523546414594E-4, -0.0014224682061064796 ], [ 0.002939854925752869, 0.002590903573930276, 0.003061749647254583, 0.0019036012704916564, 0.0035948161573672952, 6.612376929675429E-4, 0.004402281243342716, -1.9140476710635196E-4, 0.004181358517399292, 2.8618971350867007E-4, 0.0031577151559440335, 9.738385963509723E-4, 0.0015382170575813264, 0.0017539031169722039, 8.72582258164691E-4, 0.0014986528548647327, 0.001637315034994685, 0.0010194856827129264, 0.001385641944275301, 9.969075553802622E-4, 0.0018393328271958547, 0.0018897711833363458, 0.0015680468655782003, 0.001805107875942576, 0.001254597972964826, 0.0015118883797792903, 7.662969926299093E-4, 0.0012800514364424997, 3.9690535317267017E-4, 7.015479373675519E-4, 3.967301352510636E-4, 5.9196786035356237E-5, 6.122574650507739E-4, -4.8060028604540375E-4, 5.72882155294537E-4, 8.26887975054918E-6, 2.47542276501486E-4, -4.369506596670304E-4, 1.7471105153295165E-4, -3.049930937829395E-4, 3.3612982203639046E-4, 2.7352842502676925E-4, 3.3029109274703827E-4, 3.1728066654408617E-4, 3.500632704753825E-4, 4.091255206874193E-4, 4.8691263900376054E-4, 5.562040253687365E-4, 8.211918643042587E-4, 9.837558354555166E-4, 0.0010689464251358138, 0.0011375567255369262, 0.0011428129958887029, 0.0014794718273394647, 7.280317963473651E-4, 0.0014441696859010657, 9.448817056237785E-4, 0.0017963295249754934, 0.0012507806445460244, 0.0015638251710337948, -0.0018987656059592166, -0.0021231945821011933, -0.0023327192769356394, -0.0030003003000845046, -0.002465592120010387, -0.0034071402573001676, -0.003062515135600368, -0.0034220291277581496, -0.0037032024493991456, -0.004210690147366448, -0.0033578534749523496, -0.00379558685714928, -0.0027758533300181014, -0.003938174682042094, -0.001028344840071273, -0.0033847210240068883, -0.0014600548797233525, -0.0038151549369038577, -0.0020416703781965936, -0.0031545398559848976 ], [ -1.8249623303347534E-4, 1.357886803548519E-5, -2.0639103511562437E-5, 3.256779844252772E-5, 1.9937821848922818E-4, 4.513335999663897E-4, 2.4361648288029607E-4, 0.0011055875416779003, 2.8618971350867007E-4, 0.0017768770892903373, 6.463448006586775E-4, 0.0019796062305013754, 8.864511264198931E-4, 0.0017268398642875519, 0.001244463112753511, 5.168608995741903E-4, 0.0025497280063350738, 2.821900455995699E-4, 0.0020145449185289994, 0.0010721464064794327, -0.0016330531680009298, -0.0014556477197136015, -0.0017924552719397232, -0.001472892599820143, -0.0016892937759469063, -0.0015094650279824946, -0.0015669444314658294, -0.0014119111525300035, -0.0014261548333553134, -0.0013536324592806417, -0.001191031863653731, -0.0013438031175135035, -9.734314846392612E-4, -0.0011468344838401734, -9.328624294571918E-4, -1.5312245655360666E-4, -0.0015076309149166175, -2.475041178465672E-4, -0.0010707036309562995, -8.56658344511717E-4, -2.270383457969111E-4, -2.3476362791268734E-4, -2.065731674342003E-4, -2.3067613497640668E-4, -1.229658210398963E-4, -8.582044208287812E-5, -3.0533989907235956E-5, 3.021129399781139E-4, 8.498927690641882E-5, 7.169624347886684E-4, 2.4226808060713375E-4, 9.700844885913919E-4, 5.250065811051149E-4, 0.0010609561545756462, 4.7250293989012387E-4, 7.784828886507302E-4, 7.643563256054196E-4, 8.797104037125121E-4, 8.034246926423805E-4, 0.001048174026999576, 3.9553060473768165E-4, 0.0012468391727322335, -5.096844248069446E-4, 6.070825820645954E-4, -0.0011980095334587434, -5.774508931313633E-4, -0.001589546377499074, -0.001965472519785286, -0.0016243034391798371, -0.0027195898558685684, -0.0015950370526468007, -0.0030556779295299566, -0.0015356036696012286, -0.0028831108191530288, -6.252117644749229E-4, -0.0019187551529254055, -0.0011631056414733243, -0.0017895973263316422, -0.0012514753282990094, -0.0019197811090922508 ], [ 0.0012449903097779514, 0.0015018618903215608, 0.0013474827566803066, 0.0011149283291744473, 0.0019600388932737847, 4.967955237279396E-4, 0.0028600461435801207, 1.2952512390387386E-4, 0.0031577151559440335, 6.463448006586775E-4, 0.002909777502555995, 0.0014130261121398173, 0.0018798902313429404, 0.002054535344404988, 0.001575771081985632, 0.0015964815499451479, 0.0024298138350782998, 0.0012810506430074552, 0.0021596935305307897, 0.0014248690777858668, -2.87321314051414E-4, -2.4361802305973449E-4, -4.908967087458935E-4, -2.3224447131202423E-4, -5.787145109741934E-4, -3.6313361682585046E-4, -7.694605648920556E-4, -3.2567317795792727E-4, -9.012595768103389E-4, -5.048121959858019E-4, -7.014831243156337E-4, -8.682124821809477E-4, -3.196114379126346E-4, -0.0010909140986430327, -3.057012168249788E-4, -4.0280365315852566E-4, -6.019824500375624E-4, -7.56958955318468E-4, -5.629447595648387E-4, -8.520777099494493E-4, 3.119364996850966E-5, -2.4126024242134388E-5, 2.7000316015608585E-5, 5.96709298311824E-6, 1.0048745899630205E-4, 1.1808399297046169E-4, 3.419628345962658E-4, 2.9260402963920425E-4, 7.805502963060592E-4, 7.426514128399577E-4, 0.0011122849378327306, 9.465075336561052E-4, 0.0012849594004982036, 0.0013678290787606595, 9.147389900782683E-4, 0.001421469172767413, 0.0010678893399661217, 0.0017577842709019802, 0.0013243092581143169, 0.0016676538256571705, -8.622034449594888E-5, -5.433453926403892E-4, -9.142984093939441E-4, -0.00158449781727167, -0.0015198688586304126, -0.002372587924136051, -0.0025872614380065407, -0.0025677197055517954, -0.0036879993456354542, -0.0033745002671125646, -0.003601715594866251, -0.0032396846586109245, -0.003186289442607307, -0.0036264362967394514, -0.0015009123139770985, -0.0032482515809781863, -0.0017261997669713127, -0.003599197073663488, -0.0021750419489030906, -0.0032442936686977847 ], [ -5.086057233947279E-4, -5.473657148299758E-4, -2.699520101137264E-4, -4.376925871174552E-4, 1.2336323022412942E-4, 9.291354604320655E-6, 5.524214895794436E-4, 8.788408293351952E-4, 9.738385963509723E-4, 0.0019796062305013754, 0.0014130261121398173, 0.0029159737902362455, 0.0014545535322990615, 0.002854562323105976, 0.0019311009026792593, 0.0018572122199645115, 0.0031068488233191023, 0.001674767667286397, 0.0027928441181309643, 0.0021089805089699906, -0.0030906062819059006, -0.0028259223855808266, -0.0033416110686435067, -0.0027716190764674924, -0.0031573041528442872, -0.002798697240977038, -0.0028869780151999924, -0.002523786873064276, -0.0026239196342297206, -0.002396645490066565, -0.0021550061938741664, -0.0024044383962201817, -0.0018226248985514838, -0.00215689374221182, -0.0017803121642381231, -0.001028281727980371, -0.0022777502870406233, -0.0010074798780007337, -0.0018590860102145768, -0.0015896981724701014, -4.555537879550656E-4, -4.554033692640436E-4, -4.329004187894498E-4, -4.424707028144513E-4, -2.9070139854452944E-4, -2.317259857386027E-4, -8.562225470653072E-5, 2.0690188437271618E-4, 1.3787335079402154E-4, 7.963664611542352E-4, 3.71510059145449E-4, 9.430374430753299E-4, 8.284087958979816E-4, 0.0010558257898102704, 7.31508693877111E-4, 7.175015449338723E-4, 0.0011280194411600313, 8.062419417570771E-4, 0.0012416239136997344, 0.0012281461225625901, 0.001557911086892599, 0.002203812490158482, 1.8666249204606466E-4, 0.0012758638366710644, -9.172330899290334E-4, -3.860921855910778E-4, -0.0015869623498754187, -0.0019383956805530493, -0.0018032040257762634, -0.0032350965104759734, -0.001644307710629123, -0.0031326499010468174, -0.0020727842784145217, -0.002808347842374223, -0.0010969109985990233, -0.001628712595229496, -0.0018365781226313484, -0.0014159043588348305, -0.0020265069541594333, -0.0020760477975561237 ], [ -1.338379320735941E-4, 4.8530702722454893E-4, -6.129707401041317E-5, 3.4746581974381583E-4, 4.4989693783114497E-4, 3.23972079910125E-4, 0.0010822072498196903, 4.532486594363707E-4, 0.0015382170575813264, 8.864511264198931E-4, 0.0018798902313429404, 0.0014545535322990615, 0.001614237498693521, 0.0017213973297939057, 0.0017620396906715774, 0.0011564568708560012, 0.0024575334371652454, 0.0011501170161888556, 0.0021119827402519345, 0.0014439283554102823, -0.0016429282385193949, -0.0015938490203877046, -0.0017582844833973657, -0.0015368111614419543, -0.0016758719647975298, -0.0015248877377056233, -0.0016172818540704439, -0.0013412627753330733, -0.0015524153461409312, -0.0012016268337138908, -0.0012761760387579063, -0.001254389362791946, -8.921564025426459E-4, -0.0011578397414088472, -8.76697453511027E-4, -4.870013017848417E-4, -0.0010415457000985794, -7.572387644169317E-4, -8.746111315364296E-4, -0.0010292125013448342, -1.7644453655009352E-4, -2.0884458316782053E-4, -1.7394488003440086E-4, -1.9247506595328196E-4, -8.37176204527128E-5, -8.433413760485048E-5, 1.449395573907152E-4, 1.204476916317025E-4, 5.090776035984797E-4, 5.084194125721148E-4, 7.987045658180948E-4, 7.271263655088165E-4, 0.0010232629941330175, 0.00105689786234669, 8.347733838565413E-4, 0.0011347775848366021, 9.675811780812977E-4, 0.0013852746526745664, 0.0011396576880700626, 0.0014208045151051624, 0.0010046490548804936, 7.141531504601703E-4, 1.518725100587692E-4, -2.144467501506366E-4, -5.598610416863529E-4, -0.0010639688945734346, -0.0015961328192539341, -0.0015642137077633844, -0.0025788771328785513, -0.0022731691903052397, -0.0026650386802312687, -0.0024345765791547094, -0.002534291974386973, -0.0027697180273120463, -0.0014698142346169843, -0.0025468685211049724, -0.0016350767549156008, -0.0027316264951020774, -0.001926249400905984, -0.0026731377548466244 ], [ -1.2907198879110482E-4, -3.976936468666523E-4, 1.2753782535339646E-4, -3.465896858247584E-4, 5.937180821631007E-4, -4.1442187443475455E-5, 0.001207929214620066, 6.380566927282838E-4, 0.0017539031169722039, 0.0017268398642875519, 0.002054535344404988, 0.002854562323105976, 0.0017213973297939057, 0.0031505536508295027, 0.0018195203885468497, 0.0023627308245645043, 0.0030316422470715934, 0.0018684887241405932, 0.003046550773890943, 0.0020957677806175096, -0.0027752405785999535, -0.0024719528785525605, -0.003085201725892946, -0.002404419169622424, -0.0029489183990938825, -0.0024989296542293035, -0.0027570899121590795, -0.0022540181562157816, -0.002565674935914326, -0.0022390322931267912, -0.002075093573444255, -0.0023961514491504052, -0.0016555307279199694, -0.002327175914298062, -0.0015617125931726241, -0.0012582780816807792, -0.0021669719403174348, -0.0010746423229314947, -0.0019267091750204866, -0.0015413074396125922, -4.102543575212782E-4, -4.36321642337504E-4, -3.961742661183082E-4, -4.254979091880953E-4, -2.54559814623563E-4, -2.3626328111394577E-4, -2.1937035442679597E-5, 1.3935837281883444E-4, 2.4189410390231087E-4, 7.512636347054229E-4, 4.993216243060961E-4, 8.630562972282604E-4, 9.364988489736965E-4, 0.0010713120768321618, 7.440194778714274E-4, 7.766168249831527E-4, 0.0011141877112215905, 8.711235672560866E-4, 0.0012428490065473977, 0.0012726011309526055, 0.0015757033196306996, 0.001971269636112673, 8.715106643944137E-5, 9.97981811517829E-4, -0.0010841928176045991, -5.779805842536152E-4, -0.0018934153236368045, -0.0017960556588521946, -0.0022878114865766833, -0.003213811413974258, -0.0020667902170407064, -0.002989359631121437, -0.002390979105780402, -0.0028998765705712695, -0.0011007136236921076, -0.0018050561234849176, -0.0017808051102289574, -0.0016248342344487596, -0.0019799762655373556, -0.002228755136029884 ], [ -0.0011482826554814723, 6.473840064463824E-6, -0.0011308733631820106, -3.103771513820978E-5, -5.183305993520244E-4, 1.8941095332900882E-4, 2.042879904936089E-4, 6.563779232779502E-4, 8.72582258164691E-4, 0.001244463112753511, 0.001575771081985632, 0.0019311009026792593, 0.0017620396906715774, 0.0018195203885468497, 0.0026389176171473004, 0.001091079371391527, 0.003120656110426927, 0.0017078939734428526, 0.0022995281785935257, 0.0021456031374857726, -0.003185016954246393, -0.0032094463800638566, -0.00321840726020022, -0.0030880421199857037, -0.0029900365712707214, -0.002919661617495446, -0.0027225287653852505, -0.0025411731475141123, -0.0024937195910706552, -0.0020947368504828775, -0.002104978305098895, -0.0018757142516156642, -0.0017179522384171038, -0.001397456888020756, -0.0017855899243336133, -5.659795491385795E-4, -0.001634428981749662, -0.0011059967163936431, -0.001184344992567237, -0.0015504518940862538, -3.820327482523974E-4, -3.770826942601618E-4, -3.667325634779483E-4, -3.5181166233652384E-4, -2.3704334025423867E-4, -1.9279668706737358E-4, 5.8484139171985396E-5, 8.997984416369436E-5, 5.053726994205986E-4, 5.331013852044509E-4, 8.618247583150569E-4, 8.038712043290923E-4, 0.0011957846286492087, 0.0011007982707958118, 0.001130932551928801, 0.0012126559837196504, 0.0013432252854193552, 0.0014915044476073436, 0.001584970345441486, 0.001674446631747693, 0.0019587101480052055, 0.0016365051732899231, 0.0010159283004205484, 5.070370204092827E-4, 1.8555550751101047E-4, -6.180263682830213E-4, -0.0010579716198483903, -0.001531595422605974, -0.002223614522328156, -0.0023253113655069464, -0.002503858954436929, -0.0026146000787277014, -0.002732810082131269, -0.0027480425576092396, -0.0021419206123415814, -0.002541980701178005, -0.0024431954369063427, -0.00271276298757315, -0.002858760398244772, -0.0030037583262797277 ], [ -2.4228383415702884E-4, -9.285265858690465E-4, -1.6348970846579236E-5, -8.708499931197029E-4, 3.2153539099517083E-4, -7.394276814831021E-4, 8.586510516487348E-4, -2.913605151633861E-4, 0.0014986528548647327, 5.168608995741903E-4, 0.0015964815499451479, 0.0018572122199645115, 0.0011564568708560012, 0.0023627308245645043, 0.001091079371391527, 0.0028093916100379234, 9.93414318478632E-4, 0.0026339573348630406, 0.001723699255243035, 0.001866319149712743, -0.002379286219905284, -0.0021124739463996775, -0.0026494636303834597, -0.0020177852823951236, -0.0025514691064930737, -0.0020707612169846394, -0.002333207302666955, -0.0018357402259121247, -0.0021359121104665866, -0.0017912349970519857, -0.0016822412819443304, -0.0018925045410846178, -0.0013974339112868682, -0.0019104961590713505, -0.0013707804733286482, -0.0016996187696106044, -0.0013839293673472927, -0.001280722789941624, -0.0015625284297656483, -0.001222981456566374, -3.747269204579201E-4, -3.82892648659199E-4, -3.700665240290773E-4, -3.7273929548309505E-4, -2.705916651780437E-4, -2.4576108931545265E-4, -1.3632408124680668E-4, -4.1726376758126155E-5, -7.564829215571666E-5, 3.9685517547925417E-4, -1.6629347333614784E-5, 1.928623543799508E-4, 3.779584716946833E-4, 1.540289742180386E-4, 4.037298351531472E-4, -6.880445471612742E-5, 6.848963803819512E-4, -9.32468849892902E-5, 7.909716759696284E-4, 4.2083412735922216E-4, 0.0017982636566561453, 0.001961366946324994, 7.557111944861393E-4, 0.001412121355333656, -8.935629043742125E-6, 5.119126513479926E-4, -2.663355537681606E-4, -1.9933866483502565E-4, -1.319047682892287E-4, -0.0015909220048331918, 3.588979209004134E-4, -7.568628996612333E-4, -6.516359630969644E-4, -3.410514508376901E-4, -6.570019783085073E-4, 2.936277944327723E-4, -0.0012111293979072367, 4.7158245659419026E-4, -0.0013442298926340975, -5.299723035103582E-4 ], [ -6.999277838396209E-4, 5.510973717443422E-4, -6.019777667098499E-4, 5.093377848872373E-4, 1.4692395897537158E-4, 9.285089129420726E-4, 9.992801907925928E-4, 0.0015925153655003753, 0.001637315034994685, 0.0025497280063350738, 0.0024298138350782998, 0.0031068488233191023, 0.0024575334371652454, 0.0030316422470715934, 0.003120656110426927, 9.93414318478632E-4, 0.0052956482608782435, 7.958184928021084E-4, 0.004045945273150701, 0.0022324528933999055, -0.003314420752820015, -0.0032299437563762653, -0.0034674922476027707, -0.003141306120276707, -0.0032389265563467127, -0.003101817452491382, -0.0030618409901802873, -0.002758706824628097, -0.002888528746022364, -0.002479663825705282, -0.002440104047489647, -0.0024646214217403746, -0.0018525478242838577, -0.002060273768822677, -0.0017710694003250215, -2.4535466405061347E-4, -0.002538657145996489, -7.797912379365135E-4, -0.0017600213745342036, -0.0017748074604848167, -3.9290365920438227E-4, -4.296662453482702E-4, -3.716763705987591E-4, -4.118239740202257E-4, -1.9784889197033603E-4, -1.9610150554755023E-4, 1.9394456681694926E-4, 2.61838231538589E-4, 8.289535525759185E-4, 9.276450842203651E-4, 0.001385388019990197, 0.001507610159098839, 0.0017641731124845037, 0.0021029258214345266, 0.001400597375498977, 0.002055920368527091, 0.0017178136984004068, 0.002424847957562373, 0.0019508035455058736, 0.0025160119041144676, 0.0015867457554699905, 0.0016051496563460415, -3.4588021062467933E-5, 6.530660633459272E-5, -0.0014039380612470178, -0.0018420639295968347, -0.003200406358371134, -0.0032214484419065795, -0.004847457768647179, -0.004184407150871584, -0.005313651359039832, -0.005041211405658731, -0.004693986968601742, -0.0056387151756790935, -0.0023709031371671537, -0.004760199080346812, -0.0028241955652353475, -0.004886538742747047, -0.0032319580823416917, -0.004763433719349573 ], [ -8.3004487323578E-4, -8.623951923735972E-4, -6.59295818608768E-4, -8.557330526366054E-4, -2.3755001891814488E-4, -8.761519976947363E-4, 3.4937991254191625E-4, -4.53380942621248E-4, 0.0010194856827129264, 2.821900455995699E-4, 0.0012810506430074552, 0.001674767667286397, 0.0011501170161888556, 0.0018684887241405932, 0.0017078939734428526, 0.0026339573348630406, 7.958184928021084E-4, 0.003409510136388671, 0.001133415796523402, 0.0024038732596837506, -0.003035294311668342, -0.002931566047119212, -0.0031863687921184726, -0.0028252505253560096, -0.0030303387659602094, -0.0027053994591075643, -0.0026924408978706666, -0.002349074545374308, -0.0023830243377893807, -0.0020213309080896317, -0.0019158912191280689, -0.0018665760472497878, -0.0017144662534693811, -0.0016211345139198236, -0.0018610398294783617, -0.0016713785543058142, -0.0011845856545594534, -0.0017281428495834808, -0.0012888085373860424, -0.0015303040910577008, -4.311249539936864E-4, -3.9431463692841506E-4, -4.2072759833060097E-4, -3.639725081291398E-4, -3.1650158928652535E-4, -1.9214441009519264E-4, -1.680199334512903E-4, 6.361240872592129E-5, -6.85341892146572E-5, 4.947857433134341E-4, -1.6691263440024745E-5, 2.469696613387381E-4, 4.422296499040346E-4, 6.793028020817492E-5, 6.490468939931829E-4, -5.183806804914633E-5, 9.102533605553105E-4, 3.625722545055567E-5, 0.001101912526154624, 5.648191645000892E-4, 0.002099933843884218, 0.0021210772269820593, 0.0013296586518783064, 0.0014355912553484066, 7.280149977185609E-4, 5.540737115822528E-4, 4.94863368661273E-4, -4.167054294603713E-4, 5.96074735713045E-4, -0.0017449306529510244, 0.0010961605957460919, -7.189836324505649E-4, -3.93913799292278E-4, 1.3362862879621524E-4, -0.0012712520400497626, 5.33853344892152E-4, -0.001773680194651038, 5.065745222512766E-4, -0.002066906649418834, -6.301587497515879E-4 ], [ -9.011422089160318E-4, -3.7842712598655135E-4, -7.365923310632318E-4, -2.7621459087260296E-4, -1.4093197486209915E-4, 3.682898679079706E-4, 5.592318784286422E-4, 0.0011244185397848206, 0.001385641944275301, 0.0020145449185289994, 0.0021596935305307897, 0.0027928441181309643, 0.0021119827402519345, 0.003046550773890943, 0.0022995281785935257, 0.001723699255243035, 0.004045945273150701, 0.001133415796523402, 0.0037506778152933714, 0.0019184916908211026, -0.003351155285567276, -0.0031339808212404283, -0.0035771299887178702, -0.00301981470068247, -0.003347976509958626, -0.00303025726227899, -0.003113451135641856, -0.0026994132551663597, -0.0029016360265805684, -0.002474522266699319, -0.002392740030173864, -0.002505201031197922, -0.0018001882125054595, -0.0022672514810506555, -0.0016379351146027345, -8.859901563894846E-4, -0.002436399697283173, -8.000730563785006E-4, -0.002041144778836038, -0.0015487816203163978, -4.5027195804255504E-4, -4.994658895983714E-4, -4.376484400090558E-4, -5.012273667195038E-4, -2.796517049026611E-4, -3.36043588934093E-4, 2.8725361306314196E-5, 3.228808352927356E-5, 4.422776521026083E-4, 6.327851889809052E-4, 8.288909074271294E-4, 9.708385849886913E-4, 0.0012229998996793243, 0.0014091290331179765, 9.773270641788246E-4, 0.0012774425147989092, 0.0012617940845507966, 0.0014567105997552738, 0.001379130902778341, 0.0017379000990629095, 0.002104422421893308, 0.0022544358413437732, 4.1861845607976293E-4, 0.0010917725289880593, -9.470892503158063E-4, -5.551297456524173E-4, -0.002309143401840984, -0.0017056967167741128, -0.003379565310134325, -0.002883430104573331, -0.0035657954647508954, -0.003350214762629469, -0.003381728650379988, -0.0038618805670750387, -0.0016185841450520144, -0.0030345468464086146, -0.002037654974016677, -0.0029591656792277102, -0.002197797428335194, -0.0032674710237109742 ], [ -7.626280201453754E-4, -3.891345011327748E-4, -6.305343769185243E-4, -3.927275370806431E-4, -1.4759336945659036E-4, -2.6285525071749347E-4, 4.494146860639604E-4, 2.810091550266346E-4, 9.969075553802622E-4, 0.0010721464064794327, 0.0014248690777858668, 0.0021089805089699906, 0.0014439283554102823, 0.0020957677806175096, 0.0021456031374857726, 0.001866319149712743, 0.0022324528933999055, 0.0024038732596837506, 0.0019184916908211026, 0.002293365952696016, -0.003050439698876078, -0.0029481542246123883, -0.003185337487698824, -0.0028546904553443967, -0.003003421131552146, -0.002759605399886286, -0.0027162104470083073, -0.002425415253861907, -0.002455326489238118, -0.002123152531158518, -0.0020244376978048395, -0.001993763499418199, -0.0017385211610530678, -0.0016616543349526653, -0.001823870647791298, -0.0010954622916669536, -0.001601976450785881, -0.0013555321678542463, -0.0013497625600230143, -0.0015821645776648017, -4.121161751754657E-4, -3.9328575046744155E-4, -3.961219040130652E-4, -3.658819895406827E-4, -2.730284745450843E-4, -1.8573895258659914E-4, -5.366825950447647E-5, 1.2618552485500113E-4, 2.1287544371867076E-4, 6.037043072432868E-4, 4.2761223058516686E-4, 6.47376792916596E-4, 8.394961405292829E-4, 7.161664547353621E-4, 8.606100980057671E-4, 6.349812977684715E-4, 0.0011513965512685888, 7.971813165577995E-4, 0.0013563176446957715, 0.0011629838499493238, 0.0018463347136426775, 0.001879001830898981, 9.059988307414352E-4, 9.516751370623774E-4, 1.2015137894553826E-4, -2.024584614963168E-4, -5.956148844011798E-4, -0.001292797034344184, -0.0010439920524507318, -0.0024208812260545173, -9.138410835276521E-4, -0.002093233171472149, -0.0016866137180271623, -0.0017056511129606312, -0.0015627852956414563, -0.0011892936212085498, -0.002088411270710699, -0.0012004989811501884, -0.0024364301724340187, -0.0018926420517153212 ], [ 0.005348767945634616, 0.004121826804642997, 0.005314399935925415, 0.0031228290127713314, 0.004814017140981297, 0.0012510719250477284, 0.003932635389152739, -5.925630822858866E-4, 0.0018393328271958547, -0.0016330531680009298, -2.87321314051414E-4, -0.0030906062819059006, -0.0016429282385193949, -0.0027752405785999535, -0.003185016954246393, -0.002379286219905284, -0.003314420752820015, -0.003035294311668342, -0.003351155285567276, -0.003050439698876078, 0.008573813035943586, 0.008500708099659485, 0.008520686335800005, 0.008094562106952011, 0.0077449561059752745, 0.007600944223248738, 0.0066453949349694974, 0.006531753615571355, 0.005767097672673705, 0.00529157686494624, 0.00482426303929439, 0.0044741365753281255, 0.004278537255654137, 0.003337958485595692, 0.004169002243773018, 0.0023654950035260696, 0.00396399667222123, 0.001992342053657247, 0.003446568473044488, 0.0027245183647885245, 0.0012661412388499135, 0.001204500912579772, 0.0012428268938888037, 0.001223927330953006, 9.9126497198147E-4, 0.0010277834588860398, 5.466546343251947E-4, 7.975067581255702E-4, 1.3861282274017344E-4, 4.0545160464790524E-4, -1.9901024647627917E-4, 4.333574130612121E-4, -8.099675365839592E-4, 2.9379437355198665E-4, -9.808645891992774E-4, 3.167766583904633E-4, -0.0011313473346571544, 4.283558217793848E-4, -0.0011608301213449843, -5.526666090274435E-4, -0.006755045035910327, -0.0061869562324377465, -0.00485067130405206, -0.005326391835474591, -0.0029677873467181867, -0.0033227259025912933, -0.001464811