{
  "weights" : [ 0.19947554222360084, 0.19100524848528963, 0.1974509948328529, 0.18522019098727935, 0.18726358755712727, 0.1854270062524308, 0.18592016033062997, 0.17390940359599846, 0.17901547513008628, 0.14757513435535646, 0.1655562976117666, 0.10538432555133899, 0.09307730231191659, 0.08154644513747081, 0.016068614587295083, 0.03875861770372952, 0.020580581035047982, 0.02937766586209356, 0.019927316393312727, 0.040383503623427366, -0.008622927687258383, -0.009590242786339829, -0.012825986190421908, -0.015107629246997621, -0.02289374213618589, -0.02471739890846694, -0.03266775274624849, -0.033181306058511814, -0.042165088040505026, -0.044980511151829355, -0.05263044031956557, -0.06002297473174069, -0.03830364024045105, -0.042565022920194075, -0.01444694084752953, 0.003878109325967898, 0.005108513479747689, 0.007477491303766553, 0.008002727226112567, -6.930789119700015E-4, 0.9793971393863781, 0.9817586859571767, 0.979518240666006, 0.9822973719386874, 0.9808049057852861, 0.9803266042431014, 0.9788384041956486, 0.9791388782510229, 0.9783710878959317, 0.9835668744063758, 0.9813847090049848, 0.9904838410784218, 0.9823652354247151, 0.9650497376910027, 0.9417210214527567, 0.8853167068340669, 0.8834996332219683, 0.8931862992772993, 0.8911983958890891, 0.9072094541682871, -2.376208041236368E-4, -0.008696527184906037, -0.004717829009472844, -0.009859385818401626, -0.009362328151724069, -0.02230764215684948, -0.012382446856813592, -0.034106056199739804, -0.009595124456421383, -0.014179259656452059, 0.03266484613296694, 0.05316286094284285, 0.1670110515133355, 0.23075118260248217, 0.3562292109137111, 0.44491359595787433, 0.45930086057071784, 0.42802552359618806, 0.4452611515034456, 0.40190228415888285 ],
  "covariance" : [ [ 1.8750241379760543E-4, -1.961335702466175E-5, 4.039307676705666E-5, -1.1281816694050479E-4, -2.7910086846570004E-5, -2.419068722702529E-4, 9.531590021966249E-6, -3.0023145462429197E-4, 1.3783259950823638E-4, -3.6982047792185404E-5, 2.1642704972310784E-4, 3.812654599631061E-4, 2.863141235244035E-4, 8.149956060498595E-4, 4.142884202875069E-4, 8.421468305260648E-4, 5.044496802907076E-4, 8.197705597994726E-4, 3.9433164446011715E-4, 7.666815847449676E-4, -1.5583983077461453E-4, -7.090538269681305E-5, -1.505991444770731E-4, -1.2364545078539675E-4, -2.7116965414699225E-4, -2.3657271911238745E-4, -4.0418192398629946E-4, -3.234947073854061E-4, -4.758724796802563E-4, -3.4691202672016384E-4, -4.945030863885607E-4, -3.732985860774106E-4, -5.713612950540795E-4, -5.400565977659406E-4, -3.5628568431297686E-4, -4.8755040652333486E-4, -2.2683325744265312E-4, -5.283031261987925E-4, -1.987533622731855E-4, -3.6245538604993483E-4, -3.665433864959741E-5, 3.3164496382959186E-6, -5.272013637448733E-6, 2.1418533772820883E-5, 3.6661736558751362E-6, 4.010799541090964E-5, -1.56775526352851E-5, 3.8628723553680556E-5, -5.162372257274111E-5, -4.131948103629201E-5, -8.403913760764902E-5, -9.356056156968502E-5, 1.1845650759718118E-5, 2.045466343690309E-4, 1.5462946828206448E-4, 2.9516429335787927E-4, 1.509027705597478E-4, 3.500864846228182E-4, 2.057378850291889E-4, 3.1153333602906104E-4, 1.0189220430528015E-4, 1.392179702589921E-4, 2.1552159170353443E-4, 2.8388686764400163E-4, 3.3463829554604554E-4, 5.442922504909514E-4, 5.600399726845996E-4, 7.885480826228444E-4, 5.897474058427295E-4, 4.4288700473684936E-4, 3.0274245455101027E-4, -7.616079639088106E-5, -4.806932872318932E-4, -8.952982434539313E-4, -3.047006967151106E-4, -7.519525637546889E-4, -8.335857310148793E-5, -7.870803694285352E-4, -2.4771035549484515E-4, -6.64492064152349E-4 ], [ -1.961335702466175E-5, 3.8228393683630916E-5, 8.852077738032629E-5, 6.0147365344910004E-5, 1.2954061858492963E-4, 9.983006113664694E-5, 1.7445732961291716E-4, 8.15116974099074E-5, 1.3542923144446947E-4, 1.114706848214748E-5, 1.0564680643104142E-4, -3.3934708223110586E-5, 9.611043907812831E-5, -2.6083726988373546E-4, -9.391872920292691E-5, -1.3251016467014229E-4, -9.353567718923443E-5, -1.8115894106891263E-4, -7.50868513032884E-6, -1.6533965977767832E-4, 5.584787276399791E-5, 2.7418138190054398E-5, 5.337427519214408E-5, 5.7190801899924894E-5, 1.1806557055933558E-4, 1.1036377498621233E-4, 1.982687576571726E-4, 1.606561608157965E-4, 2.3863988236337287E-4, 1.853298417397585E-4, 2.912554600640079E-4, 1.710341686666266E-4, 3.1861378156436686E-4, 8.487682672839229E-5, 2.7535062074295297E-4, 2.952126540864597E-5, 6.628515885837E-5, 1.0148688533537138E-4, 5.472253055002337E-5, 1.0559342551041898E-4, 4.681441258566663E-6, -9.552672824084876E-6, -1.565963784054648E-5, -1.4093721799811893E-5, -1.827682444754415E-5, -2.1290351067889977E-5, -1.560132424091275E-5, -2.0478597365688375E-5, 1.2762695212227983E-5, 3.181497158330607E-7, 3.5291690227297096E-5, 9.522529460206243E-6, 4.124112019263003E-5, 6.977862795710143E-6, -8.049562989513707E-5, 1.0177618139671912E-4, -3.394212752294707E-5, 3.211744174391289E-6, -3.0334223590753383E-5, -4.2257333436256896E-5, -4.9098880296895826E-5, -6.615378400480779E-5, -1.1312386689041139E-4, -1.3624814067795906E-4, -1.9275731531706152E-4, -2.2833379763261713E-4, -3.00072780395559E-4, -3.413922568569225E-4, -2.857344769482823E-4, -2.4287289843071748E-4, -2.829980529313821E-4, -4.36277961639837E-5, -1.314716505722789E-4, 1.5348217397297457E-4, 2.006911653649948E-4, -1.7321300692758676E-4, 4.1306967544209554E-5, -6.382783756776202E-6, 2.7450341641531413E-5, 7.192358079266145E-5 ], [ 4.039307676705666E-5, 8.852077738032629E-5, 3.05072673774671E-4, 5.3619411807567216E-5, 3.769034876184318E-4, 1.3701742972276223E-5, 4.270209535694953E-4, -1.031419118403543E-4, 3.356135757049569E-4, -2.3077185850260416E-4, 2.8921314406488445E-4, -1.6171934187158185E-4, 3.462928433851588E-4, -5.187341545600793E-4, 5.401725124720636E-6, -2.879533871163682E-5, -8.818135476954638E-5, -1.2956935747781206E-4, 6.790925395684992E-5, -1.305756550135605E-4, 5.356411567977345E-5, 2.7682488514069512E-5, 4.702999709703136E-5, 5.8235077861625195E-5, 1.2620715066931807E-4, 8.956288532824989E-5, 2.0752726450654638E-4, 1.353798951133207E-4, 2.0181496825847332E-4, 1.983250374487347E-4, 2.9088152360197595E-4, 1.7429973091036922E-4, 3.0632737709456045E-4, -5.06677701547368E-6, 2.913511524817247E-4, -1.6832118496818083E-4, -1.0007329312942124E-6, -9.615532861428288E-5, -1.2720222503360236E-5, -1.21207574004992E-5, -4.90670792990784E-6, -2.4771109808122363E-5, -5.210931053834885E-5, -2.3864500275189192E-5, -5.35563727998748E-5, -2.6120219452059342E-5, -3.8681472158737046E-5, -1.9617302787380813E-5, 3.89619205521654E-5, -8.111304865942962E-6, 8.215183281106659E-5, -5.386059771482448E-5, 1.1096150761633815E-4, -2.5058953603788195E-6, -7.691247438379388E-5, 3.221305506741064E-4, -1.0880324869585637E-4, 7.302010357186964E-5, -8.544681458566244E-5, -8.759587161588344E-5, -7.939322960663744E-5, -6.726840256626455E-5, -2.2199630073051327E-4, -2.1204754029613673E-4, -3.110602701692427E-4, -2.896327794000486E-4, -4.086254670064538E-4, -3.610733374374397E-4, -2.4897618019534333E-4, -9.928839517000336E-5, -4.150788274090475E-4, 2.7417349206693413E-4, -4.3338584994532674E-4, 3.13182400952653E-4, 1.696066274601428E-4, -5.443389472198597E-4, 2.4797798735418504E-4, -1.3348799367598544E-4, 1.9446237374569938E-4, 1.7953710004489493E-4 ], [ -1.1281816694050479E-4, 6.0147365344910004E-5, 5.3619411807567216E-5, 2.8277651223267196E-4, 1.4372539016538016E-4, 5.493566621262608E-4, 3.410850112782949E-4, 5.733679926132429E-4, 2.3389326877494397E-4, 3.7329531598268365E-4, 6.777884834510524E-5, -8.80685477822089E-5, 5.8911881593439E-5, -5.591592682909808E-4, -7.175990735962735E-4, -1.4876376480350004E-4, -6.305057118373832E-4, -3.0212611090507744E-4, -3.1822641888111275E-4, -3.9021096487121715E-4, 1.544642106662131E-4, 5.2300730276642385E-5, 1.9292341421419542E-4, 1.8493865119173465E-4, 4.450595245639725E-4, 4.274985458998416E-4, 7.358815021858182E-4, 6.26974418738314E-4, 0.0010081426050846413, 6.923594292336645E-4, 0.0011512546172888882, 6.090538517746702E-4, 0.0013819273988340695, 9.504814553285123E-5, 0.001490544390118718, -2.1167727230025704E-4, 7.6747784175801E-4, 2.5420305076004996E-4, 4.83953643195297E-4, 3.3640804298999916E-4, 1.8444549036596672E-5, -5.366438197756403E-6, -2.1749758940676083E-5, -3.9233360662104E-5, -3.54181498476034E-5, -6.742248555301014E-5, -5.610278407126144E-5, -3.977996842884592E-5, -2.7076026960276733E-5, 6.700321691378646E-5, 1.0243522197827152E-5, 2.1979358319624667E-4, -1.0368941599936578E-4, 1.3100899825749915E-4, -5.196964029697104E-4, 1.6951952254643633E-4, -1.0578393323183564E-4, -1.0446896735387227E-5, -1.0312534829933912E-4, -8.669719151316604E-5, -3.671600473358865E-5, -1.0690562069333112E-4, -1.2100270833087889E-4, -3.0930836773414647E-4, -3.799881052329849E-4, -7.380847475903131E-4, -7.700087931695932E-4, -0.0011547024403157562, -9.059323138581511E-4, -0.0010792220576621204, -5.155023759938673E-4, -5.483441138640516E-4, 4.207933103122913E-4, 2.073702192394617E-4, 0.001305820422603016, -6.049052779215594E-4, 2.7252704108742497E-4, -1.6418979845614443E-4, 1.550630935623015E-4, 7.465242401506425E-5 ], [ -2.7910086846570004E-5, 1.2954061858492963E-4, 3.769034876184318E-4, 1.4372539016538016E-4, 5.487516964168039E-4, 1.9946012448276903E-4, 6.450574827095131E-4, 7.812285724129002E-5, 4.563230346634162E-4, -2.37051803384089E-4, 3.6381521773037076E-4, -4.2187946050611935E-4, 3.3867127615384195E-4, -0.0011174483029377084, -2.635439349842315E-4, -4.863139559677012E-4, -3.8343936606249104E-4, -6.436751302569145E-4, -1.1285267219956279E-4, -4.6784380246023857E-4, 1.2240867786053982E-4, 6.272574427937886E-5, 1.2532208529475152E-4, 1.5305684246355323E-4, 2.7890103962532116E-4, 2.699568845632488E-4, 4.75259539761776E-4, 3.8292530294437856E-4, 5.160431429904185E-4, 4.944458247509354E-4, 6.585769226695603E-4, 4.620194222859507E-4, 7.527074859985781E-4, 3.069421381271007E-4, 6.652703321899263E-4, 4.9780227356123106E-5, 1.857556823970867E-4, 1.897511714106306E-4, 1.2918451206490417E-4, 1.50807921067063E-4, 9.162280940638096E-6, -3.559435745501811E-5, -6.3937070415217E-5, -4.340782325321504E-5, -7.58410533806522E-5, -6.19329641096303E-5, -5.441775233706194E-5, -6.49039129832745E-5, 6.235977543089361E-5, -9.356395714337891E-6, 1.50923742569617E-4, -1.9166998210518142E-5, 1.7098002140757002E-4, -7.78783847142133E-5, -1.9723763736103462E-4, 2.1461899215915575E-4, -2.758979928827879E-4, -8.383400880610145E-5, -2.3161158952811502E-4, -2.463907733803484E-4, -1.2354545946970965E-4, -1.833482418384182E-4, -4.0124779876694004E-4, -4.3416478156269093E-4, -5.780674334236499E-4, -6.671950302731826E-4, -8.199268697668704E-4, -9.064506431680031E-4, -7.096376142531857E-4, -4.099958171413876E-4, -7.948938351266717E-4, 2.9059728463379166E-4, -4.4107677900237713E-4, 7.880870769102757E-4, 5.572386166834377E-4, -2.9256134133350567E-4, 4.7766303590100545E-4, 1.992462929525174E-4, 4.0848705937780695E-4, 4.904453753425375E-4 ], [ -2.419068722702529E-4, 9.983006113664694E-5, 1.3701742972276223E-5, 5.493566621262608E-4, 1.9946012448276903E-4, 0.0011526797847680424, 6.128131714984777E-4, 0.0013104191631873158, 4.0849293429562144E-4, 9.956578636254926E-4, 1.0008329873664935E-4, 9.070334103813374E-5, 5.3336467030778355E-5, -8.665285215190861E-4, -0.0014416825004821712, -3.094718052685815E-4, -9.638099026972171E-4, -6.722552115561455E-4, -4.687239412335186E-4, -6.486578011141437E-4, 3.0013068837574065E-4, 1.1496611573252366E-4, 3.9951130737677623E-4, 3.9490314772560415E-4, 8.922058908811307E-4, 8.780976314899238E-4, 0.0014943553452404206, 0.0012298969428584455, 0.0020472633486927866, 0.001322021291868846, 0.0023753221903248752, 0.0011293080927753279, 0.0028330187880345626, 1.0544433962223776E-4, 0.0029760568281788757, -2.906374741455926E-4, 0.001382783750725643, 6.260627741372668E-4, 8.677205180845028E-4, 6.502814233747017E-4, 3.882841085074759E-5, -2.975305068778143E-6, -2.6897156904982483E-5, -6.527804207307555E-5, -5.771314239011848E-5, -1.2507432537394686E-4, -1.0819145627450809E-4, -7.207774569272253E-5, -7.264937374800397E-5, 1.2780916690915696E-4, -1.5433571075923854E-5, 4.545895102053108E-4, -2.3165009902942815E-4, 3.319475510777087E-4, -9.995362716499116E-4, 1.141452597940606E-4, -1.501266624711554E-5, -3.891649043426848E-5, -2.8042567671545472E-5, -1.087083144175552E-4, -3.307361528320874E-5, -2.4073853770066776E-4, -2.431585205891248E-4, -6.442315533571797E-4, -7.769632334156252E-4, -0.0014891451504583497, -0.0014671820261375364, -0.002250883538363517, -0.0017628577474562426, -0.002270527090210561, -9.778794823140859E-4, -0.0014834401995679743, 8.417361235013951E-4, 5.803075523656332E-5, 0.0026819899610250175, -7.428850472145589E-4, 2.83901093792599E-5, -2.1407383868610603E-4, -1.5203902663473432E-4, 1.77020554451002E-6 ], [ 9.531590021966249E-6, 1.7445732961291716E-4, 4.270209535694953E-4, 3.410850112782949E-4, 6.450574827095131E-4, 6.128131714984777E-4, 0.0010229198611868679, 5.255742794901253E-4, 8.599080817853578E-4, 2.748004859773938E-4, 6.641385147019518E-4, 2.6394604032915813E-7, 6.195345379274323E-4, -9.178167759825911E-4, -6.150078295339875E-4, -6.0045619476882604E-5, -4.774559128569042E-4, -4.0798207721731846E-4, -3.980464421950795E-5, -2.408799733531412E-4, 1.6228288273928445E-4, 8.231409704121908E-5, 2.0990293892316273E-4, 2.7417879290869896E-4, 5.215180696470607E-4, 5.513865906030513E-4, 9.35184706522057E-4, 7.882545719510895E-4, 0.0012075080737052662, 9.283125520729489E-4, 0.001503469332582934, 7.690567823625467E-4, 0.0017313295538698577, -9.330667216866508E-6, 0.0018150260640513198, -3.8981049306599996E-4, 6.575232962977578E-4, 1.696438964971642E-4, 4.023224511086835E-4, 2.4451499671017656E-4, -1.6013619229938447E-6, -3.795311429687904E-5, -8.15901799764742E-5, -6.257041359229242E-5, -1.0061597301474272E-4, -1.0059642094668316E-4, -1.2542708609282872E-4, -8.880815417566882E-5, -2.0938174372786265E-5, 1.2814799613429314E-6, 8.838839925482254E-5, 1.166234517549719E-4, 1.1063440595367649E-4, 2.5150382037688115E-4, -6.127260010588997E-4, 4.8710895034046787E-4, -2.1702263754776242E-4, 1.4889249945542523E-4, -1.180669658894623E-4, -6.414689525509546E-5, -6.587415652970887E-5, -2.1619668732628412E-4, -3.9220292757847125E-4, -5.39414737003295E-4, -7.694086895916369E-4, -0.0010009782387287011, -0.0012047896932039334, -0.0014902220434992947, -0.0012630798283277207, -0.001281576761281126, -0.0012032965016575783, -5.641365365928818E-4, -5.388394146113833E-4, 1.8057458639262486E-4, 0.0017824617995133144, -0.001207447160524563, 5.483315375646206E-4, -4.6122870690553617E-4, 2.2747713358466486E-4, 9.119554644154639E-6 ], [ -3.0023145462429197E-4, 8.15116974099074E-5, -1.031419118403543E-4, 5.733679926132429E-4, 7.812285724129002E-5, 0.0013104191631873158, 5.255742794901253E-4, 0.001853906607389125, 3.1277614264224406E-4, 0.0017814541479513977, -1.9632429185561856E-4, 6.715695295811746E-4, -2.276533100357842E-4, -6.645162536941267E-4, -0.0019150341339597352, -7.31533591016575E-4, -7.084879311700402E-4, -0.0012664214632274891, -3.169533012609098E-4, -8.525999979806684E-4, 3.4880158637216516E-4, 1.6903033909013214E-4, 5.146594611357701E-4, 5.118897343377501E-4, 0.0011628566906676206, 0.0011566696673651873, 0.0019435622485315302, 0.001589113054411124, 0.0026170831853715884, 0.0015981716636898886, 0.0031004140873367517, 0.0013390470802093024, 0.0035351194875850966, 2.9489723222813277E-5, 0.0035473772572830074, 3.350134109933358E-4, 0.0012759336398438282, 0.001319473057667459, 8.367927039143316E-4, 0.001014894926041991, 4.721865395673991E-5, 1.0717026449303621E-5, -1.0049919733479208E-5, -4.114028952342533E-5, -3.9789817893906026E-5, -9.089425568362904E-5, -1.0535358137573308E-4, -4.7847670135430266E-5, -1.2839813310425453E-4, 1.6709341505314934E-4, -4.038545922799034E-5, 6.382325758555478E-4, -3.184137678589033E-4, 5.062894353102244E-4, -0.0010376408125773128, -4.449031346903891E-4, 6.296415468546402E-4, -1.1285742601595193E-4, 4.512191802839261E-4, 9.807465143657772E-6, 7.350308715730235E-5, -2.1966434934422984E-4, -2.353292523120442E-4, -7.585200962691884E-4, -9.464038583628788E-4, -0.0019138024865765699, -0.0018465948724121317, -0.002989407199696048, -0.0023730695141670325, -0.003513990863959081, -0.00124623553774767, -0.0027391257456578283, 0.0012240892958197904, -5.090719666512446E-4, 0.003101561109136257, 3.860945586724987E-4, -0.001513507953392097, 1.164000690254599E-4, -0.0013614226659322875, -1.8910424036975524E-4 ], [ 1.3783259950823638E-4, 1.3542923144446947E-4, 3.356135757049569E-4, 2.3389326877494397E-4, 4.563230346634162E-4, 4.0849293429562144E-4, 8.599080817853578E-4, 3.1277614264224406E-4, 8.909670100771065E-4, 3.5342486149431287E-4, 7.915521608432787E-4, 4.7612515003332483E-4, 7.292979179692816E-4, -2.6064946022626297E-5, -1.771447811700831E-4, 4.920742103579917E-4, -1.9757711200621338E-5, 2.1338734774961008E-4, 2.920698048701435E-4, 2.67587656600474E-4, 5.547613940268584E-5, 3.873150612160771E-5, 7.712341587411086E-5, 1.6048826949207896E-4, 2.696586911047176E-4, 3.494163891094187E-4, 5.598291310560314E-4, 5.407420487285457E-4, 7.877917140469628E-4, 6.303315619700346E-4, 0.0010231292467151288, 4.7791068847011036E-4, 0.001122385897859092, -2.945472736998945E-4, 0.0012764061767049377, -5.214553529619937E-4, 3.7614856806783336E-4, -6.033559698480313E-5, 2.3551991802947073E-4, 1.2945330750192157E-4, -2.6051672532683527E-5, -3.101058383321146E-5, -6.130265279333629E-5, -4.191792144554E-5, -6.757339213479423E-5, -6.63527072148186E-5, -1.1359670026285191E-4, -7.243633689372006E-5, -7.135700310424465E-5, -5.232411498756052E-5, 8.749033810285403E-6, 3.08346791629354E-5, 1.483746298871773E-4, 4.043565664516517E-4, -4.236983165695092E-4, 7.105419785373869E-4, -5.47914296308247E-5, 4.30541417408147E-4, 7.788453623658618E-5, 2.5253784902784006E-4, -1.4759963065480024E-5, -1.2334048971458886E-4, -1.6257445008147894E-4, -2.2719894134828894E-4, -4.4250300542706837E-4, -4.4475987724277763E-4, -7.498035801830872E-4, -8.307942421347226E-4, -8.948096945641305E-4, -0.001007103499937473, -0.0010352297913218066, -7.84928355499476E-4, -9.986073449718023E-4, -5.989205002944933E-4, 0.0013084475083271, -0.0017549517999986904, 3.736297469568332E-4, -0.0010867891405258513, -5.0156413814104794E-5, -6.482967357715571E-4 ], [ -3.6982047792185404E-5, 1.114706848214748E-5, -2.3077185850260416E-4, 3.7329531598268365E-4, -2.37051803384089E-4, 9.956578636254926E-4, 2.748004859773938E-4, 0.0017814541479513977, 3.5342486149431287E-4, 0.0024953725339133467, -8.591816777518086E-5, 0.0021544892328401325, 6.22164921256675E-5, 0.0014299497782785061, -0.0014001880858525773, 6.646873859631515E-4, 7.544635326919439E-4, -3.4879356111915756E-5, 7.911889080616237E-4, 4.602444523947115E-4, 1.3747618378501356E-4, 8.831921862570568E-5, 3.4592876625631405E-4, 3.5978764172381734E-4, 8.931679119163415E-4, 9.226130105311585E-4, 0.0015663932178521407, 0.0012477415697553578, 0.0022286101845448024, 0.0010991876618149014, 0.0028119860249657797, 7.55479472518885E-4, 0.0030694477759574458, -0.0011130350826427844, 0.0033244891440373354, -5.1567225917865344E-5, 6.163016054147856E-4, 9.170550423331592E-4, 3.640394599636209E-4, 7.33294498595922E-4, -7.030454850146512E-6, 3.405796987551417E-5, 1.1747919850932733E-5, 2.341387701559771E-5, 3.5211016797053852E-6, 1.742841929331184E-5, -1.1046105397149277E-4, 6.110187696493132E-5, -2.66894056283785E-4, 1.3154212588950808E-4, -2.6392692396732235E-4, 6.126793202847363E-4, -4.0230246229219915E-4, 0.0011090181766907682, -6.664936493303758E-4, -1.509690247968973E-4, 0.0016995275509695388, 6.425622238812796E-4, 0.0014427614610843529, 8.458664845333312E-4, 2.8094396463630255E-4, 1.562905149714182E-5, 2.2894934002240698E-4, -3.096942579042654E-4, -4.216160806494252E-4, -0.0011729939389030046, -0.0010710322886929205, -0.0020141430301371843, -0.0016822217629485024, -0.0037478441903547348, -8.36783279750555E-4, -0.004184379623467254, 5.432009550299916E-4, -0.003092616323178943, 0.002465360266781338, -4.454280495677326E-4, -0.0035435367760153834, -0.0014160034666542776, -0.0033526618295267522, -0.001975102818350857 ], [ 2.1642704972310784E-4, 1.0564680643104142E-4, 2.8921314406488445E-4, 6.777884834510524E-5, 3.6381521773037076E-4, 1.0008329873664935E-4, 6.641385147019518E-4, -1.9632429185561856E-4, 7.915521608432787E-4, -8.591816777518086E-5, 0.0010525264421755924, 6.016016337867002E-4, 9.984238981744426E-4, 6.892713601016678E-4, 6.296374291447963E-4, 0.0011744267478142677, 7.589412785962856E-4, 9.87274203811189E-4, 8.49750658600711E-4, 9.426352962073689E-4, -4.788745350982041E-5, -2.6337799942135314E-5, -8.126229117159571E-5, -4.9838325892268E-6, -1.402051775419757E-4, -4.744873531188961E-5, -8.777977347639421E-5, -6.44753213998607E-5, -5.218724025844592E-5, 1.0211956152203882E-6, 9.010817470307797E-5, -8.239826345190322E-5, 1.2538707118530087E-4, -5.048253820572425E-4, 2.942049058264922E-4, -8.907706919793463E-4, -1.665183388254473E-4, -6.662899706826676E-4, -1.4149222308607235E-4, -3.0505909035919234E-4, -3.855825344732863E-5, -3.2221585786431205E-5, -4.474037624823196E-5, -2.8174460738868436E-5, -4.93150253996167E-5, -5.051712949648899E-5, -8.285931415710941E-5, -5.409793305582855E-5, -3.122517576608759E-5, -1.2171862573545812E-4, -5.0790216033677994E-5, -2.144053098038714E-4, 2.423690892326339E-4, 4.151488648095892E-4, 2.4832740506645283E-5, 0.001172346156621461, -3.473063631098471E-5, 7.4132990475852E-4, 1.908315182177538E-4, 4.842183874027982E-4, -1.0426440313935129E-4, -1.8022257396898246E-4, -7.97142093126172E-5, -5.602002083186891E-5, -1.387095531933919E-4, 2.5452069884770534E-4, -9.793613798269663E-6, 4.300809906574341E-4, 1.2717227955042447E-4, 2.968288354106592E-4, -5.731125580731414E-4, -2.478291789097828E-4, -0.0018326515400212584, -0.0012356318938427982, 6.345895356035263E-5, -0.0025449517667848103, 2.8795788526137314E-4, -0.0017346950439839645, -2.818378539109131E-4, -0.0012472508660846728 ], [ 3.812654599631061E-4, -3.3934708223110586E-5, -1.6171934187158185E-4, -8.80685477822089E-5, -4.2187946050611935E-4, 9.070334103813374E-5, 2.6394604032915813E-7, 6.715695295811746E-4, 4.7612515003332483E-4, 0.0021544892328401325, 6.016016337867002E-4, 0.0036532231440219226, 9.763681176586088E-4, 0.004069862344352791, 6.383095506359818E-4, 0.002871799370815279, 0.0032473028162374037, 0.0022046014746339004, 0.0026508851314534557, 0.0024503908365155584, -1.5405564173050793E-4, -2.6214559900523504E-5, -3.493412343300495E-5, -7.017729335519283E-6, 5.650040311462048E-5, 5.1364346274004646E-5, 2.502225181633206E-4, -6.942231481451186E-5, 5.294407695339197E-4, -3.818788250428374E-4, 0.0010608654893660375, -7.064572128505867E-4, 9.044500875620944E-4, -0.0024915863880980976, 0.0011658871843064104, -0.0010195923800184114, -0.0011350535998154282, -5.30761713891373E-4, -8.369974960914896E-4, -2.674663144652032E-4, -8.263678873891825E-5, 3.328676402850104E-5, 1.6455107409026945E-5, 8.950503163420321E-5, 4.142291243291138E-5, 1.297418105072272E-4, -8.156319498165196E-5, 1.8200974871917857E-4, -2.8406918633493367E-4, -3.1665751578530154E-5, -4.7720204496636036E-4, 7.95572724456197E-5, -2.1555959858439178E-4, 0.0015545725562103386, 2.9047203820920317E-4, 9.57873580576533E-4, 0.002495158180145649, 0.00171320568143255, 0.002315816997659728, 0.001748183012979036, 2.520875122752884E-4, 1.3785352557760792E-4, 5.383185082791819E-4, 2.798703798910076E-4, 2.406249835042301E-4, 5.068815021792975E-4, 5.345816669474314E-4, 7.794239697813902E-4, 5.211403887302299E-4, -0.0016954137639346545, 3.1002750114795635E-5, -0.004080267657769577, -0.0016888790063505714, -0.005755597235674511, -7.97877010795772E-7, -0.0024040175244518644, -0.005007744939068078, -0.00346399813992153, -0.0049827897447785865, -0.0039334639357158 ], [ 2.863141235244035E-4, 9.611043907812831E-5, 3.462928433851588E-4, 5.8911881593439E-5, 3.3867127615384195E-4, 5.3336467030778355E-5, 6.195345379274323E-4, -2.276533100357842E-4, 7.292979179692816E-4, 6.22164921256675E-5, 9.984238981744426E-4, 9.763681176586088E-4, 0.0012507665785797416, 0.0013374173777395166, 6.300312278849879E-4, 0.002185411988711745, 0.0012243228349080417, 0.0018388886930401735, 0.0012699337109041632, 0.001566328707053519, -9.390159416466042E-5, -7.898614598726726E-5, -8.01765984887716E-5, -5.9507885393537795E-5, -9.973518728306874E-5, -1.2386200010719548E-4, -6.284065128607406E-5, -2.0832015464285805E-4, 1.0591553423646503E-5, -1.7882709322791082E-4, 2.487850953165684E-4, -3.2144719427500574E-4, 3.7063558621239646E-4, -0.0013105701892042738, 8.517990155555152E-4, -0.0017213654960438756, -1.2804539982140637E-4, -0.0012857039885350746, -2.405745966078451E-4, -6.279930122388391E-4, -5.6254274058978243E-5, -2.0793974735307638E-5, -6.680518784219435E-5, -1.2740870209344125E-5, -6.788839997487341E-5, -1.4592040474986344E-5, -1.0799297770457089E-4, 4.647770975081564E-5, -6.127541224685944E-5, -4.440919033344484E-5, -1.7017250053049578E-4, -1.4754768725639832E-4, 2.9028336597313472E-5, 7.094582414030844E-4, 2.4163419707918653E-5, 0.0016004425788910717, 4.5164202412618004E-4, 0.001161502622241882, 6.045225052778986E-4, 7.587685178485554E-4, -4.889911717232369E-5, -4.826011226007181E-5, 9.581382273185426E-5, -4.976025694739821E-6, 3.5049144024868294E-5, 3.401264773722284E-4, 3.0014980286274513E-4, 7.804337514594521E-4, 6.902634038803594E-4, 3.158889577663657E-4, -5.2704662799289325E-5, -5.956640730571639E-4, -0.0016470976373900432, -0.0023193193868495826, -4.760526099262653E-6, -0.0035706735493787885, -5.79195192271902E-4, -0.00268638974921383, -0.0011196505721087838, -0.0019226301981687508 ], [ 8.149956060498595E-4, -2.6083726988373546E-4, -5.187341545600793E-4, -5.591592682909808E-4, -0.0011174483029377084, -8.665285215190861E-4, -9.178167759825911E-4, -6.645162536941267E-4, -2.6064946022626297E-5, 0.0014299497782785061, 6.892713601016678E-4, 0.004069862344352791, 0.0013374173777395166, 0.007019529515388405, 0.0021404116574093145, 0.005941739584451539, 0.004600157953641914, 0.0055544790201884535, 0.003514571653560079, 0.005120424654076989, -7.450156482073796E-4, -3.870969988698028E-4, -6.498663877874205E-4, -6.516443636169675E-4, -0.0012167878680862062, -0.0011572431172103051, -0.0017977265667575744, -0.0017428904602125794, -0.0018800894147080536, -0.0021494796393417915, -0.0017365715947281974, -0.0023775560259712237, -0.0019725471758434933, -0.00402774688995524, -7.336676099338193E-4, -0.003009972376219309, -0.0015353214221132951, -0.002821306671171501, -0.0013289394305246924, -0.0017731464536780693, -1.7189600050413294E-4, 8.310725120149614E-5, 7.862047660150013E-5, 1.7443232596003238E-4, 1.2478687999188854E-4, 2.7394061576531794E-4, -3.242636496300959E-5, 3.639454103564977E-4, -3.9294240204615436E-4, -9.142285127768317E-5, -8.620179482774065E-4, -2.214349489322681E-4, -4.50221595995955E-4, 0.0019072221108424202, 0.0010864919927901385, 0.0019422008801616869, 0.002654065525538197, 0.002736326125824385, 0.0026779798144095954, 0.0026716362616082457, 5.279063914434934E-4, 6.571856245626717E-4, 0.0016345018373461913, 0.001538046623599337, 0.002104421720653197, 0.0030022484261195536, 0.0034907903813046212, 0.004638193569486708, 0.0037302236144473614, 0.0013588858773350217, 0.002441639269953434, -0.0032119202013505144, -0.0021820366083920885, -0.008411058476300899, -0.0022562946340413045, -0.0049965350040028795, -0.004640594810226886, -0.006031028462867337, -0.0051683392324319765, -0.0060650267805086155 ], [ 4.142884202875069E-4, -9.391872920292691E-5, 5.401725124720636E-6, -7.175990735962735E-4, -2.635439349842315E-4, -0.0014416825004821712, -6.150078295339875E-4, -0.0019150341339597352, -1.771447811700831E-4, -0.0014001880858525773, 6.296374291447963E-4, 6.383095506359818E-4, 6.300312278849879E-4, 0.0021404116574093145, 0.0028829615734690785, 0.001487227942615557, 0.0022911470163757284, 0.0019530999322997908, 0.0014556759311876203, 0.0016684698956360604, -3.75504945271872E-4, -1.3013554996356945E-4, -5.801109068548152E-4, -5.418783088040215E-4, -0.0013803292425450294, -0.0013695313925098625, -0.002236501353438183, -0.002027085228465002, -0.0029925377765285806, -0.0021719970625833722, -0.0033880571061313323, -0.001968686387129942, -0.004052225897459939, -6.183161523571545E-4, -0.004421247162687454, -4.0593610935778105E-4, -0.0023680784839837207, -0.0015634811360737697, -0.0015206639011655567, -0.00128149946780963, -6.711424815659566E-5, -8.694994958728125E-6, 3.670271114826399E-5, 7.212873913025193E-5, 7.652188966813503E-5, 1.1729372943892569E-4, 1.157471264515288E-4, 7.051688822772758E-5, 1.0112004576053266E-4, -2.741146270694166E-4, -8.649458913180432E-5, -8.768958354807564E-4, 4.4019980795240605E-4, -1.84255675753722E-4, 0.0013845837897089259, 7.031937117940844E-4, -3.451987375269769E-5, 5.336539668163984E-4, 1.6694076591724808E-4, 4.461025104824815E-4, -1.2842828476597137E-4, 9.523679302767613E-5, 1.931114385618121E-4, 8.281493528033864E-4, 9.031337643615767E-4, 0.002413899657328298, 0.0022648733410513206, 0.003953026238920686, 0.0030271465310702443, 0.0039566394517107336, 0.0012834633583664707, 0.002005302172003348, -0.002513661843782526, -0.0010469929022730198, -0.003787619192577328, -6.546798627048139E-4, 1.4617781991244961E-4, -7.474004912346361E-4, -3.115111976867034E-5, -8.13360802929109E-4 ], [ 8.421468305260648E-4, -1.3251016467014229E-4, -2.879533871163682E-5, -1.4876376480350004E-4, -4.863139559677012E-4, -3.094718052685815E-4, -6.0045619476882604E-5, -7.31533591016575E-4, 4.920742103579917E-4, 6.646873859631515E-4, 0.0011744267478142677, 0.002871799370815279, 0.002185411988711745, 0.005941739584451539, 0.001487227942615557, 0.007505523892206343, 0.003324917075430184, 0.006891986324862808, 0.0029120732139774888, 0.005626531278557149, -7.043782742952901E-4, -4.8752053277408296E-4, -5.419097748641684E-4, -5.99650225982553E-4, -9.142164215117825E-4, -0.001023442877689657, -0.0013527047897521733, -0.0015432480227829527, -0.0012028084248899408, -0.0016859677617946207, -9.664696180659597E-4, -0.0020402619497483735, -5.91057264460801E-4, -0.00475286895693729, 0.0015764967176246365, -0.005596155421943537, 1.9502584527416754E-4, -0.0044924182597620025, -5.250446276859112E-4, -0.0025202633570589436, -1.8427709783122364E-4, 6.351890870252398E-5, -3.8406649019082886E-5, 8.881594233039928E-5, -2.3091777937900282E-5, 1.5259082587936186E-4, -1.8840700195994932E-4, 3.887758242087904E-4, -3.735447206616859E-4, 6.919657343662596E-5, -9.039289606394103E-4, -5.7159815803291104E-5, -7.731283337371202E-4, 0.0020696063356757553, 1.6521877178282885E-4, 0.003305427483595374, 0.0017028924916427403, 0.0031030601727462677, 0.0019582916038751214, 0.0024075704635168364, 4.8196999328461423E-4, 6.889352779947152E-4, 0.0015739088447104324, 0.0012299959908685489, 0.0019754176964205737, 0.002480020317070219, 0.003345142534976379, 0.004398613126660671, 0.004101478554605345, 0.0019363461981192335, 0.0028908454965162053, -0.001959141454134875, -0.0014908451227921408, -0.007888742884818771, -3.7193459968685923E-4, -0.008453459523464735, -0.002020033881883132, -0.007484997130631282, -0.0033077069480278464, -0.005853827057756063 ], [ 5.044496802907076E-4, -9.353567718923443E-5, -8.818135476954638E-5, -6.305057118373832E-4, -3.8343936606249104E-4, -9.638099026972171E-4, -4.774559128569042E-4, -7.084879311700402E-4, -1.9757711200621338E-5, 7.544635326919439E-4, 7.589412785962856E-4, 0.0032473028162374037, 0.0012243228349080417, 0.004600157953641914, 0.0022911470163757284, 0.003324917075430184, 0.004823796010269141, 0.00286112807856217, 0.0036132081202304503, 0.0033696814356363705, -4.0131617656522005E-4, -1.4845346733822432E-4, -3.7423816828427003E-4, -3.714631330592955E-4, -8.634978776077937E-4, -8.945599507501298E-4, -0.001279007683059216, -0.0015671612232591948, -0.001667495043824727, -0.0019299341591853866, -0.0013617485265727423, -0.0020338651306254117, -0.0017638282468291698, -0.002574309974212866, -0.0017112177115851627, -0.0010554117430971136, -0.0027797232114616702, -0.0015025418812395072, -0.001954373615298786, -0.001295329734907773, -9.701914123006703E-5, 2.3341325280509206E-5, 3.0025086771473946E-5, 1.4057955567957248E-4, 5.803266659767759E-5, 2.1277936028332535E-4, 2.57437544579979E-5, 2.519005454560825E-4, -9.587467065416078E-5, -1.6096079961996204E-4, -4.444845787907516E-4, -5.135214998959195E-4, 6.261687046189854E-5, 0.0011686984205806275, 0.0015650366511307985, 0.001126144574959543, 0.0025492432492725606, 0.0018500293621072062, 0.002443953331466479, 0.0017993683328273438, 9.372767422006334E-5, 6.818211190139044E-5, 4.7340994097448425E-4, 4.905895042321718E-4, 7.57027428412695E-4, 0.0018098962924198788, 0.0021056557017618393, 0.0034247656105969365, 0.002897641362884204, 0.0014773249765174538, 0.0011878860187182329, -0.0021221762045977566, -0.0030854098637482646, -0.005996850490310786, -0.0033219991493182595, -0.0019472364068121306, -0.005555811483114754, -0.0033822380618826653, -0.00538644105965084, -0.0040757026584194375 ], [ 8.197705597994726E-4, -1.8115894106891263E-4, -1.2956935747781206E-4, -3.0212611090507744E-4, -6.436751302569145E-4, -6.722552115561455E-4, -4.0798207721731846E-4, -0.0012664214632274891, 2.1338734774961008E-4, -3.4879356111915756E-5, 9.87274203811189E-4, 0.0022046014746339004, 0.0018388886930401735, 0.0055544790201884535, 0.0019530999322997908, 0.006891986324862808, 0.00286112807856217, 0.006664181726639467, 0.002389479674348526, 0.005177014152905416, -7.41495160142967E-4, -4.953055325317521E-4, -6.736668748080873E-4, -7.31052430838735E-4, -0.0012479523217447787, -0.0013380815602036732, -0.0019446005518666705, -0.001929696293205867, -0.0020065833261747714, -0.0020617758697961345, -0.0020619217270038954, -0.0022694945765529056, -0.0018803418958356695, -0.004113829747693792, 5.313155760775819E-5, -0.0051231899968935315, -4.503440571339054E-5, -0.004462557749109188, -5.973991894307016E-4, -0.002541073293022296, -1.7509414753695004E-4, 6.24923681223215E-5, -8.45431353351821E-6, 8.969393164779343E-5, 1.7910565502029775E-5, 1.5706916626148111E-4, -1.1739474119379697E-4, 3.521010025767551E-4, -3.0440518434390066E-4, 1.2286623921013782E-5, -8.135341232692517E-4, -2.372828860201446E-4, -6.375132244374656E-4, 0.0015917228365457472, 3.743964622042945E-4, 0.0030218284547106466, 0.0010560689245225046, 0.0026794204007354054, 0.0013709860635647097, 0.002059116995814021, 4.1603265186424313E-4, 7.311557977915653E-4, 0.0015784871578187992, 0.0014869067666938834, 0.0022153653353918362, 0.0029910023595825217, 0.0037238923374231887, 0.005020804482453711, 0.004476166326455173, 0.003044724923182826, 0.003166563329396211, -6.321697718595925E-4, -0.0013785108790867273, -0.006532151856544461, -0.001212169189228442, -0.007610506959960772, -6.584892841055119E-4, -0.006537797870315375, -0.0019272212433005947, -0.004947962050735471 ], [ 3.9433164446011715E-4, -7.50868513032884E-6, 6.790925395684992E-5, -3.1822641888111275E-4, -1.1285267219956279E-4, -4.687239412335186E-4, -3.980464421950795E-5, -3.169533012609098E-4, 2.920698048701435E-4, 7.911889080616237E-4, 8.49750658600711E-4, 0.0026508851314534557, 0.0012699337109041632, 0.003514571653560079, 0.0014556759311876203, 0.0029120732139774888, 0.0036132081202304503, 0.002389479674348526, 0.00293775768722032, 0.0026483467932270927, -2.3967808660135196E-4, -1.1370714888371474E-4, -2.0451956962754417E-4, -2.1295036873849747E-4, -4.236597153377957E-4, -4.491481467891762E-4, -5.582179515074232E-4, -8.065737300212455E-4, -6.797172356051313E-4, -0.0010348708660117487, -3.03662230411909E-4, -0.001165458272126786, -4.5666626941872815E-4, -0.0021302153923111297, -1.8846285757384822E-4, -0.001192584067027926, -0.0017121217033881494, -0.001182530425154436, -0.0012421905668433702, -7.912874116473934E-4, -7.691007013377321E-5, 5.76544914642105E-6, -7.568443366690491E-6, 8.089815558863689E-5, 9.01436494298972E-6, 1.2788811593976885E-4, -2.9730879781758443E-5, 1.766960646301321E-4, -9.846261645920315E-5, -9.744752239782388E-5, -3.5489843866148336E-4, -2.9325715586375886E-4, 3.5939665322126245E-5, 0.001151804053246417, 0.0010164420161139429, 0.001490454748746487, 0.002107216888348466, 0.001791186693895304, 0.0020378878826034018, 0.0016031452887411437, 8.137894682176726E-6, -2.1166304843886537E-5, 3.615438311247983E-4, 2.1388178388804247E-4, 4.101535528018785E-4, 0.0010424364686072492, 0.0011419576447999477, 0.0020044565018578655, 0.001691123954556926, 3.9317789183879745E-4, 4.388204474018008E-4, -0.002174880593943397, -0.0026576014986062213, -0.0051284491872239475, -0.0021228959980306873, -0.0029877310185101895, -0.004481679101891666, -0.0035696645489350773, -0.0045011095417707035, -0.0037523795761444465 ], [ 7.666815847449676E-4, -1.6533965977767832E-4, -1.305756550135605E-4, -3.9021096487121715E-4, -4.6784380246023857E-4, -6.486578011141437E-4, -2.408799733531412E-4, -8.525999979806684E-4, 2.67587656600474E-4, 4.602444523947115E-4, 9.426352962073689E-4, 0.0024503908365155584, 0.001566328707053519, 0.005120424654076989, 0.0016684698956360604, 0.005626531278557149, 0.0033696814356363705, 0.005177014152905416, 0.0026483467932270927, 0.004860718732691665, -7.468260416558117E-4, -4.224022737210755E-4, -6.08009128444572E-4, -5.76290324071839E-4, -0.0011575060175845506, -0.0010914630845145954, -0.0017044988018132012, -0.0016971270306248354, -0.0018438045459909778, -0.0018724491328392, -0.0017243645681429627, -0.0021100851701981917, -0.001627301072408246, -0.0036496325987674396, -1.1319914793232521E-4, -0.0037212170068750875, -6.619233096631302E-4, -0.0033488349718658267, -9.044929056172829E-4, -0.002256536956266117, -1.6220091841180585E-4, 5.559945503837373E-5, 6.038108441038479E-6, 1.1804029250746416E-4, 1.836830740553252E-5, 1.8363566322723672E-4, -1.0560925608257295E-4, 3.0227086437775946E-4, -2.984581793144081E-4, -5.868064023461244E-5, -7.030027949840891E-4, -2.3579110624455784E-4, -4.2285535143046907E-4, 0.0015333791316226113, 6.592201328807596E-4, 0.0019111561164353087, 0.0014955219385378987, 0.0022875987968522947, 0.0017296741889343387, 0.0019860369085986738, 5.142762247287916E-4, 5.663631802021131E-4, 0.0012788784855403321, 0.0011696708937347735, 0.0018145594816173579, 0.0025138811130815284, 0.0032879208872331005, 0.00435204058436989, 0.0037917389308711213, 0.0022173284597718345, 0.002484731953405205, -0.0015190835000072256, -0.0017598480822709904, -0.0065542807952434475, -0.001159694888218016, -0.005041246397562895, -0.002152456049900712, -0.00529350485546415, -0.0030624523404385283, -0.004695005732214148 ], [ -1.5583983077461453E-4, 5.584787276399791E-5, 5.356411567977345E-5, 1.544642106662131E-4, 1.2240867786053982E-4, 3.0013068837574065E-4, 1.6228288273928445E-4, 3.4880158637216516E-4, 5.547613940268584E-5, 1.3747618378501356E-4, -4.788745350982041E-5, -1.5405564173050793E-4, -9.390159416466042E-5, -7.450156482073796E-4, -3.75504945271872E-4, -7.043782742952901E-4, -4.0131617656522005E-4, -7.41495160142967E-4, -2.3967808660135196E-4, -7.468260416558117E-4, 1.9313855513924556E-4, 9.488396843734957E-5, 1.8181332902267818E-4, 1.615829566955317E-4, 3.6082272599409227E-4, 3.0946038900826506E-4, 5.606671212753633E-4, 4.357987392195321E-4, 6.803273207179959E-4, 4.619773766149232E-4, 7.633584967259875E-4, 4.5464126484145816E-4, 8.218279781447446E-4, 4.2064587640887677E-4, 5.807818964242049E-4, 3.851567424200327E-4, 1.917420226790675E-4, 5.140279374316786E-4, 1.828227487098084E-4, 4.231882272044177E-4, 3.122307458862241E-5, -1.1469870203727195E-5, -1.1701596005177178E-5, -2.9786400312915966E-5, -1.7591685977871347E-5, -5.0298683313503963E-5, -5.404163785160581E-6, -4.470119704731262E-5, 4.274495042139383E-5, 3.360479842950502E-5, 8.568505377892835E-5, 8.646616038566864E-5, 2.3087695289118168E-5, -9.978626942406778E-5, -2.2599693816663721E-4, -6.770609405767932E-5, -6.804022098738507E-5, -2.1562218765979518E-4, -1.227277899608947E-4, -2.3684608502118142E-4, -1.3415001282611206E-4, -1.6730562366290292E-4, -2.737021195574084E-4, -3.458296009446765E-4, -4.779169241647725E-4, -6.543607753640493E-4, -7.782549722327845E-4, -9.851963960831253E-4, -7.830655629368595E-4, -7