{
  "weights" : [ 0.713545291049637, 0.7177468041600776, 0.7267025261297257, 0.7221417211724657, 0.7250052264466943, 0.7305999963182335, 0.7298836700875653, 0.7442892517735539, 0.7237741697976592, 0.7237138974374147, 0.6969813721765044, 0.6682363151644096, 0.6982677100415208, 0.7094810838690003, 0.6771217528275327, 0.622060870465828, 0.6658174157739534, 0.6216572417096816, 0.6531386269062337, 0.6231939835907873, -0.5137929788893175, -0.5348456439746057, -0.5007594548454516, -0.509624496932702, -0.48610917255702407, -0.4746015369878702, -0.4542658066728461, -0.4093634050606384, -0.4043923147005301, -0.32377724179999345, -0.3254712685664061, -0.28842717364209525, -0.30806599674585355, -0.42211065808846115, -0.3483436970054254, -0.47950499380614947, -0.3423372564762049, -0.44184799819168674, -0.3854538840478705, -0.41118463139221834, 0.4480930618711895, 0.42441976303250445, 0.45017048426093886, 0.44958612852004737, 0.4721485253041251, 0.4748384922443491, 0.49526388677965083, 0.5046415743282151, 0.5337269595147498, 0.5727020532992805, 0.5910701274674282, 0.605999952262315, 0.5816115673123678, 0.4389977282695976, 0.49589342345750065, 0.49824066569373987, 0.528803857684493, 0.5020631281571752, 0.539676245216675, 0.5336483564537068, 0.1559867405315063, 0.13387832823817847, 0.13235720972846274, 0.11667212543489204, 0.10504897977412847, 0.0899535288488783, 0.06637745293006418, 0.06109935046242741, 0.03340810173308258, 0.034794281486901925, 0.0014023168813395066, 0.07984410429363162, 0.06332898860224326, 0.2961387554827966, 0.2636336565800799, 0.22263631302496556, 0.2802995360637264, 0.26982559215299035, 0.2358503372158706, 0.2808107506735729, 0.5752979661135728, 0.57426719551122, 0.5885451685251737, 0.5830169419512603, 0.6059265561747452, 0.6082098469180346, 0.645215365336105, 0.6537308928902341, 0.6931294909371304, 0.696283140547854, 0.6989353397512263, 0.6083680365786676, 0.5677331861937305, 0.20649738923206412, 0.04849823819976697, 0.07647130676013607, 0.061966099377240104, 0.0694579744326098, 0.06729378615966769, 0.07446456078846087, -0.3512902523605102, -0.35375433160016223, -0.35153784261554016, -0.36313509943572453, -0.3614228542142097, -0.37912187484080473, -0.3767289619362838, -0.3894427729978404, -0.4014834164266587, -0.4028002739739085, -0.415255132404482, -0.4436395386438687, -0.4411896016811132, -0.4202224249032922, -0.14629293605065483, -0.17313441179784475, -0.08980097725753383, -0.14349365144758708, -0.10862867675764404, -0.144899765661216, -0.416041335085421, -0.4372435695003835, -0.4274674924381961, -0.44540295689671766, -0.4478871341527323, -0.458847796799552, -0.4681668608579675, -0.46257468176941596, -0.4732823142829578, -0.44020894475994643, -0.45930545187402344, -0.3843111365969263, -0.37182746081348905, -0.1667487991740697, 0.020876421483319127, 0.026151503761221166, 0.043577121949752454, 0.01877188639255588, 0.03217683317407591, 0.01543496161797771 ],
  "covariance" : [ [ 3.414292657013824E-4, -7.687774530979286E-5, 2.63870979580556E-4, -2.4208866826892257E-4, 9.545020851767954E-5, -5.005798756625743E-4, 5.638623350229466E-5, -5.080269604111031E-4, -1.2206804415557164E-4, -6.524821284592734E-4, -2.0442293699744865E-4, -6.191929450509118E-4, -2.608410876052988E-4, -2.0390881541701192E-4, 8.877798177365204E-4, -3.5959710640508485E-4, 2.9751629044050254E-4, -2.140533042408897E-5, 3.2988376685737605E-5, -3.734506855860304E-6, 3.5775503822130976E-4, 6.416417302447779E-5, 2.7238131277283566E-4, -1.4503399428487332E-5, 2.4224980570361208E-4, -1.3401696020814356E-4, 2.3616223274925457E-4, -8.020461831833297E-5, 4.358979551222299E-4, 2.7637162341910906E-4, 5.848363885731895E-4, 0.0013791766705774943, 5.097626640824188E-4, 0.0015404676252477071, -0.001037743147333626, 0.0015376305817766422, -9.665866857525708E-4, 0.0011578404893928453, -5.720305085428413E-4, 6.336766966091678E-4, -6.4692800954203E-5, 2.3261679462609544E-4, -5.240144585861531E-5, 4.003856796981231E-4, 1.6333755013194355E-4, 6.434455409072333E-4, 2.1153966020033975E-4, 5.783679049334602E-4, 5.698393706973319E-4, 8.237288178343751E-4, 4.936016896302952E-4, 0.0016367683427234623, 3.165754829822767E-4, 0.0016601105050900419, -0.0028899419843294817, 0.0015515560548170527, -0.001732098203510205, 5.62794670001439E-4, -8.719997313042609E-4, 1.3503418133615992E-4, -1.905775822033512E-4, -1.7856258609888877E-4, -2.3998303346137452E-4, -2.7355749997413155E-4, -3.104613704416203E-4, -3.8649533020397624E-4, -5.276910949084588E-4, -4.2188503812523375E-4, -6.70398996250125E-4, -4.334795961828624E-4, -7.086303951252163E-4, -0.0013356702099074878, 1.0115722901309245E-5, -0.0016168129733935238, 0.002547254770410408, -5.928006068038165E-4, 9.411783565568927E-4, 2.9897905879274774E-4, 6.21631463295104E-4, 4.3698658961375126E-4, 1.9479436523588367E-4, 1.2875322619293944E-4, -8.984957583239494E-5, -1.059622220298455E-4, -2.3664993235127763E-4, -2.43547669433612E-4, -3.007677418853076E-4, -2.217290671377368E-4, -2.6154979007220495E-4, -2.3668608240272633E-5, -6.892019470171474E-5, 0.001325148665865547, 2.990214840317889E-4, 0.001803924813191126, -2.515424747730656E-4, -1.5037729635485107E-4, -8.537629250454561E-6, -2.6093454639154593E-5, -1.7715054335737477E-5, 4.01200453729624E-5, 1.3083711340141975E-5, -1.4460130891769357E-4, 1.2174797934384009E-4, -7.598559861610498E-5, 5.137186478407492E-5, -1.603864356904142E-4, 1.3772163589291216E-4, -1.3578600443317037E-4, 1.6155200498865427E-4, -1.9495031416602669E-4, 2.1422643792005626E-5, -1.3049961129181405E-4, -3.104941307291522E-4, -6.205578080270297E-4, -8.108452330347775E-4, 3.284905929201563E-4, -2.445523776260693E-4, 4.944504741520029E-4, -5.468027384999066E-6, 2.9267350095727183E-4, -2.276170756633561E-4, -1.0752858089682561E-4, -3.513309156174363E-4, -2.9214507407252703E-4, -5.102628150135713E-4, -4.729626145518502E-4, -5.985298028589395E-4, -6.964678790638129E-4, -5.638414913541451E-4, -6.553573198379812E-4, -4.973925108736772E-4, -9.397117585258433E-4, -6.239262728054947E-4, -0.0012782876619288352, -0.0012375037410228267, 9.061677116424175E-4, -8.868558093944594E-4, 3.908705280938421E-4, -4.273689530439738E-4, 7.231897923109478E-5 ], [ -7.687774530979286E-5, 6.240608145126291E-4, -2.485977587400102E-5, 8.512674013050483E-4, 3.49885824701218E-4, 0.001130754056684717, 7.386990584066665E-4, 0.001329622380029818, 0.0011469937103570109, 0.0014983136528738165, 0.0014924874896029674, 0.0016313284305300873, 0.0013855860810328307, 6.495029639549635E-4, -6.917450437376191E-4, 0.00142193468494756, -8.295846263909643E-4, 6.760053253645859E-4, -5.891079275125539E-4, 1.5773027290042122E-4, -3.7616273487584863E-4, 2.501740364660695E-4, -3.729123719225535E-4, 2.95185364188835E-4, -1.9202571903854305E-4, 5.803599023858579E-4, -4.994450219580296E-5, 2.842891133108803E-4, 2.3071865909831375E-4, -4.978079990626849E-4, 1.5489943772067726E-4, -0.001928346510569414, 9.315754767450688E-4, -0.0019892171789023714, 0.003527923821542783, -5.856253597544671E-4, 0.001667275373529638, -3.877695186013409E-4, 9.508874439003057E-4, 1.9804550459039886E-4, -3.992078668998899E-4, -8.027250997710506E-4, -5.164426455482805E-4, -0.0010276169923541755, -8.941637777541285E-4, -0.0010884057456192623, -0.0013202975921462888, -0.0015861303342255095, -0.0015559372865453936, -0.0022988769673993503, -0.001513143989449585, -0.003296821295798281, -0.0013804126389385626, -0.003200765182264807, 0.005739275301723294, -0.0022918079051654034, 0.0028356142671293392, -7.509786424217994E-4, 0.0018821244501040222, 1.3272239640635541E-5, 2.364820194604047E-4, 3.699562366913866E-4, 3.191048006843093E-4, 4.5784793368981453E-4, 4.6464260647123486E-4, 8.338373049014697E-4, 6.654573708860534E-4, 0.0012773745004442372, 8.731233531623558E-4, 0.0017352261295639853, 2.02731924546865E-4, 0.003683834939179039, -6.120451189490601E-5, 0.0030999466756464144, -0.0041580199096417315, 0.0010900824112819092, -3.157521245173992E-4, -7.646105085951558E-4, 4.4252344014559294E-5, -4.759560621103489E-4, -6.00848277692494E-5, 1.0746029919449447E-4, 2.7136370739590373E-4, 6.653562149991573E-4, 8.265596951117484E-4, 0.0012714955517241842, 0.0010548269376361992, 0.0013082144085704026, 0.0013101085291841277, 0.0010810978417942355, 0.001127323372174511, -4.6464304062958394E-4, -5.693059157429652E-4, -9.544005968239566E-4, -5.784308676293863E-4, 0.0012578241492158442, -9.840037355501997E-4, 7.974976392820042E-4, -3.8262171318777954E-4, 4.1583438455180583E-4, 1.3943564832742534E-4, 4.039235341847922E-4, 1.374672778197046E-4, 3.281545072190062E-4, 8.242229438387084E-5, 2.4253989164054116E-4, 1.9124410829892693E-4, 1.5728671933751685E-4, 1.4305030574228442E-4, 2.581096987837798E-4, 4.2284173726103887E-4, 1.306419071137465E-4, 9.171546356080251E-4, 5.656727196068506E-4, 2.789449134003063E-4, -6.38882094695435E-5, -3.281536133649159E-5, -1.7330519645514274E-4, 1.8267915154233982E-5, 1.7214083513761912E-4, 2.2682476627005016E-4, -2.312433800482229E-5, 3.529832864452796E-4, 2.993144664522848E-4, 7.210242742121673E-4, 9.79182783948747E-4, 0.0011419186168872746, 0.001448628345166651, 0.0018049332997711245, 0.0015746262708542585, 0.0017985649562616338, 0.0022042728898521613, 0.0026045598449199996, 0.0026799138776833044, 0.004254094338531357, -0.002125467006261351, 0.0015169014827045172, -7.729442888042073E-4, 8.154643476485343E-4, -1.4085390738660647E-4 ], [ 2.63870979580556E-4, -2.485977587400102E-5, 3.639381677407182E-4, -2.507205878155885E-4, 2.8260614295437026E-4, -5.620809673629041E-4, 1.3061575771273885E-4, -7.144375514889589E-4, -3.5247962687317446E-5, -8.947671766999344E-4, -3.071404076299283E-6, -5.500836145343935E-4, 1.2332597183325368E-4, -1.5314455973725974E-4, 0.001351842428141238, -6.831471919645875E-5, 7.608185653082245E-4, 2.8440366708454594E-4, 3.249488156690665E-4, 4.298120817347663E-4, 3.2139536445422324E-4, 6.753772322328882E-5, 3.01915084688613E-4, 1.0170481284533462E-4, 3.0919126752683375E-4, -1.6929742655928461E-4, 5.9353736748672106E-5, -6.308309725075955E-4, -1.0819735486487859E-4, -0.0010839203285086332, -5.941515108524259E-4, -0.0010906807277647678, -3.2142165744318064E-4, -0.0018240363225478454, -2.724824967841908E-4, -8.127680760738542E-4, -8.603153915417481E-4, -8.290638844858575E-4, -8.372763046450756E-4, -6.203371905600576E-4, 9.38902109284222E-5, 1.5142373343147024E-4, -8.469921273783733E-5, 4.910163687221482E-4, 3.0103274844464797E-5, 6.098519008023324E-4, -4.357950983886209E-5, 3.0017825582745526E-4, 1.2725465318574688E-4, 1.0469164481452609E-4, 4.587814996393584E-5, -3.92085379740359E-5, 9.443052754929196E-5, -4.617924836575323E-4, -0.001385293572167085, 5.319503905569215E-4, -8.748081137887305E-4, 7.458358775423116E-5, -3.406428115285411E-4, -8.709182975416879E-5, -4.396559046938241E-4, -2.093771538959693E-4, -5.517944389484118E-4, -1.995020249716395E-4, -7.763240267924898E-4, -3.227046306720893E-4, -9.119767702333442E-4, -5.373865900036331E-5, -0.0010526996867276522, 1.6764639374007486E-4, -0.0015014852078220127, 1.1767947912451693E-4, -0.001690830043181129, -7.500896211366469E-4, -0.0010437114343136646, -0.001297824752382625, -0.0015596287321480305, -0.0011237272436217835, -0.0013198019429968744, -0.0011231607443389158, 2.198186948999293E-4, 1.121300495609505E-4, 9.450015217636886E-5, -7.388113507932921E-5, -3.7989627765518013E-5, -3.1102913302318404E-4, -1.9185127543322488E-4, -6.476505607330098E-4, -2.074990305587384E-4, -8.339033598381928E-4, 5.926742538008649E-5, 5.235049604346635E-5, 1.398455766284913E-4, 0.001335912908350147, -1.4939584806440145E-5, 8.138481546653435E-4, 3.756632618896168E-4, 6.187018716291783E-4, 5.073557275544321E-4, 6.062454797186222E-4, 1.6042100325901567E-4, 2.6196743482499935E-5, 2.47777936650787E-4, -3.575308828249566E-6, 1.7427010325791795E-4, -4.889278975549933E-6, 3.171424076437858E-4, 5.53203811655895E-5, 4.392091051448909E-4, 3.7310640149589384E-5, 5.256962266901087E-4, 2.803867199087795E-4, 7.978193097877912E-4, 2.638819413921088E-4, 7.650091919584057E-5, -3.812498385136851E-4, -1.5892162517300033E-4, -2.81454521679403E-4, -5.599484950767408E-5, -1.9004529370515938E-4, -9.582998495431818E-6, 3.2340057402491654E-5, -1.7122215605409012E-4, -8.011984298858787E-5, -3.8307967422389106E-4, -3.0671657393131036E-4, -4.818325774513495E-4, -5.496822057176403E-4, -6.792692323403381E-4, -8.277805159921231E-4, -9.432116731184525E-4, -0.0014632865034794544, -0.0012212081547040984, -0.002545880854029558, -6.691915696937948E-4, -1.8835896029790886E-4, -0.001028875198961405, -4.375973712237753E-4, -6.812646827296852E-4, -4.8346576222062796E-4 ], [ -2.4208866826892257E-4, 8.512674013050483E-4, -2.507205878155885E-4, 0.0013275960178824166, 3.551148472997975E-4, 0.0019327038214210094, 0.001006166141447283, 0.002395747348436765, 0.0016112589974687389, 0.0027391246587491354, 0.0020250666042369715, 0.0026704258179459095, 0.0017210712729552634, 0.001007320382023212, -0.0021192934487640923, 0.0020301859296560972, -0.0019747960030790197, 8.320047479369058E-4, -0.0013360109754214258, -9.21336891518777E-5, -7.147722855501608E-4, 3.0228957741944697E-4, -6.881871434070626E-4, 3.4027444278891475E-4, -3.71992288164641E-4, 9.574675550597738E-4, 4.408760175464221E-5, 0.0010050401966067465, 6.545157218126947E-4, 2.657916435067346E-4, 9.931813636949454E-4, -0.001473497116465542, 0.0020249820680777707, -9.756032612544408E-4, 0.00512569909375819, 2.0126770960504376E-4, 0.002877586322888736, 6.111317406731719E-4, 0.00188981919132331, 0.0011372582308744037, -6.379233590819526E-4, -0.0011634647529521769, -6.494063400046221E-4, -0.0017126212885575267, -0.0012481630762968732, -0.0018427592857635305, -0.0017708092381497806, -0.002329214173419101, -0.0020773274213704827, -0.0031869434286804677, -0.0019123747037699185, -0.004339181643617701, -0.0017403947540841507, -0.003794618989792707, 0.008926271909352435, -0.003696844583032724, 0.004656865621766808, -0.0012032901666875282, 0.0029491214355931885, 8.209408237164622E-5, 5.698467316068178E-4, 6.307378781601092E-4, 7.478772004224258E-4, 6.923163726610235E-4, 0.0011942657495725205, 0.0012160570990181515, 0.0015508127486183586, 0.0016333049271668662, 0.0019864015594233376, 0.0021333089543149803, 0.0013784318349370737, 0.004984498049194546, 0.0014405266229584922, 0.004773536627392767, -0.004502196071402417, 0.0032634183414419543, 6.631274123513656E-4, 5.467760380867877E-4, 0.0011466500997231322, 6.915066906728173E-4, -2.3444492102950233E-4, 4.066338125175758E-5, 2.887290199970381E-4, 9.97862156897871E-4, 0.0011802828441429165, 0.0020430961107952912, 0.001693357409796811, 0.0023568136680889246, 0.0021318155388564243, 0.00217984316453759, 0.0017406623712636405, -6.441504874678296E-4, -8.118218604416154E-4, -0.0024613589664757227, -7.129414032751933E-4, 9.207508191634894E-4, -0.0017529110627073196, 5.990687450260893E-4, -0.0010860748050162978, 7.691915957630524E-5, 1.2020509376111105E-4, 5.258321191834292E-4, 4.509197074894029E-5, 4.562114563665017E-4, -1.0702518574362183E-5, 3.21826509917083E-4, 2.3862408681897822E-5, 1.62800802989255E-4, -2.0241148773159166E-4, 2.729594931833345E-4, 1.102079648252494E-5, -9.861072924276237E-5, 3.301828755751515E-4, 4.2830671071027843E-4, 2.6254859456484406E-4, 2.2074536367326696E-4, -1.3064138945227572E-5, 1.1969848389514274E-4, 5.3634596841944026E-5, 5.218141197814487E-4, 2.668069145068925E-4, -4.856968086262022E-5, 5.04553697940622E-4, 4.90425178834316E-4, 0.001163977599294223, 0.0015988379768727614, 0.0018618051041205605, 0.002453879732657957, 0.003002840232428314, 0.0029792711752263177, 0.0032617092816038446, 0.0045626735149218575, 0.004527871227216799, 0.006107450197992629, 0.006180927335925186, -0.002757851527627486, 0.0030908648745079643, -7.508867264470364E-4, 0.001814621684464812, 2.5057794283742503E-4 ], [ 9.545020851767954E-5, 3.49885824701218E-4, 2.8260614295437026E-4, 3.551148472997975E-4, 9.295189697751952E-4, 7.248101773928427E-4, 0.0015328957150731529, 0.001394889706842502, 0.0016229741132690351, 0.0015871624221704356, 0.0017030817635240055, 0.0017974569941483847, 0.001472452591181791, -2.8499234642613027E-4, -7.086615086448876E-4, 6.354136099518199E-4, -0.001318073108013297, 3.8290658965534015E-4, -0.001135042787287097, -1.6416192319041118E-4, -1.2000409156668224E-4, 1.3869429615988782E-4, -6.695263030203319E-5, 1.1749356921261673E-5, 5.859172504943471E-4, 3.5313818648366176E-4, 0.0010828042265621331, 5.434668841038629E-4, 0.0018946676152285804, 1.608765534459513E-5, 0.00241612502168968, -5.891330911509924E-4, 0.003706086420475325, -6.775350306191509E-4, 0.004660936136426477, 6.504733484504503E-4, 0.002309857111131487, 0.001321394719190517, 0.0017597507860306338, 0.0015930419709145895, -2.0154127180017277E-4, -5.314556817178386E-4, -4.3648648144692387E-4, -6.983154362927676E-4, -8.31250803465966E-4, -8.000343378994963E-4, -0.0013248269150664361, -0.001618618845094006, -8.301924401680474E-4, -0.0025431017338602992, -3.304784201284995E-4, -0.003727848470152805, 4.035327653544835E-4, -0.002737098567620482, 0.006500100772289607, -0.002999321603090047, 0.003586110985831478, -0.0011239717509447336, 0.002443280553296143, 1.7235310281793562E-4, -3.6473043188406514E-4, 5.003887271207997E-4, -5.993975583728473E-4, 8.452940474887812E-4, -2.493754784452176E-4, 8.221230206703448E-4, -7.590433344293376E-5, 0.0013003287574804303, -1.576213182832395E-5, 0.002159649343020275, -0.001084641302923385, 0.004674042544774343, -1.1180700339120966E-4, 0.005627547392922677, -0.004395758938533522, 0.005786347910222884, -0.0010362666497701148, 0.0027445387129665373, 6.393432381274181E-4, 0.0015876627720842885, -9.034567842921579E-5, -2.9032385590147685E-4, 3.577957790991466E-4, 3.1729101315337686E-4, 0.0011775237439802303, 0.0011135708679347453, 0.002173200841253895, 0.001395652234536102, 0.003068145834490298, 0.001238764655619735, 0.0033001206672012254, -3.7412275312969463E-4, 2.257643957834225E-4, -0.0013296767751511853, -0.001055676204413304, 0.001572851196181673, -0.001777291398654444, 0.0013376427802462886, -9.47988378864579E-4, 6.304607742960461E-4, 3.8083235778790743E-4, 4.0382888040675586E-4, 3.9423081937716353E-4, 2.75000204785689E-4, 2.1829285262376654E-4, 6.289227678789079E-5, 2.1286585650200397E-4, -4.3127259036724696E-5, 1.0361108219353847E-4, -2.8080889014432003E-4, 2.0998430537334963E-4, -6.015703695079668E-4, 2.7088456600100918E-5, -0.0010086206612742988, 0.0015966045801395362, -7.038246631912351E-4, 6.254935732744653E-4, -2.0892155053270735E-4, 5.367122496544472E-4, 3.5884427213095545E-4, 1.1345601703947619E-4, 1.1487549098614802E-4, 2.2937399414894755E-5, 5.953060077551532E-4, 4.2823273192561226E-4, 0.0012693994562180684, 0.0011780221662417874, 0.00188008648446442, 0.0020486883148989883, 0.0027364893823023026, 0.002622268282104781, 0.004090740772879832, 0.004276826864369445, 0.004721440807895081, 0.004880606123676157, -0.0022340067420378866, 0.0028045093482123645, -7.259334192761199E-4, 0.0018347611931429733, 2.8093872044725117E-4 ], [ -5.005798756625743E-4, 0.001130754056684717, -5.620809673629041E-4, 0.0019327038214210094, 7.248101773928427E-4, 0.003566443449345217, 0.0022671118474945078, 0.005226781337382625, 0.0031631914710623706, 0.005951784003409819, 0.0034085265467777627, 0.005332955253788788, 0.003342170840400588, 2.0268736704926523E-4, -0.005248648405779196, 0.0017655084777688807, -0.004702467081705679, 1.3007701092539805E-4, -0.0031274067633945074, -0.001414401979755999, -0.001310588701546519, 2.594307861522975E-4, -0.0011834162136563008, 2.496502173759801E-5, -2.1623489157859556E-4, 0.0015887380672811363, 0.0013812874156348839, 0.0031794981557625238, 0.0032777694620113006, 0.003505144743651283, 0.005703248281042454, 0.0024796610538846474, 0.0068308100501771555, 0.004315202825170976, 0.008989891844631111, 0.004649254998665571, 0.006249525434244188, 0.005478490949945683, 0.00535632307273964, 0.005002590229870039, -0.001055847313726449, -0.0018510221654614262, -8.898314214472806E-4, -0.00313357732599136, -0.0019136484583903686, -0.0036020247270419714, -0.0025192263823552294, -0.004337817441644875, -0.0023524133277906135, -0.005217109306682866, -0.0012867195450551052, -0.006685482335226602, -0.0011088655955038846, -0.0044413511418201984, 0.015546663805930474, -0.005884052435955708, 0.008098342025847922, -0.0014083759384154906, 0.004907159369673963, 7.984596360612646E-4, 9.039006099254993E-4, 0.0015343104013882545, 0.0010952079931151216, 0.0019269354587803183, 0.0022680944362889624, 0.0026664376662679946, 0.00292303708132493, 0.002833698073582602, 0.003385706410297259, 0.003738519487419074, 0.0026475143773881204, 0.008257387786087273, 0.005410747548216957, 0.012705749965256278, -0.0037304659450578944, 0.012052328143697619, 0.005156097399807627, 0.006196113096376615, 0.006635299078532545, 0.005422896375931732, -7.3435514579407E-4, -4.3555382543662626E-4, 3.3378892393099823E-4, 0.001256088681323289, 0.0021859906194288833, 0.0034762572643351948, 0.004111860837632813, 0.0050050155843889225, 0.005625333519058536, 0.005467651813105185, 0.005165628067181821, 4.423686590605117E-4, -6.436011618277009E-4, -0.006468664596050857, -0.0028813524848064365, 9.397463848958799E-4, -0.004836656014430034, 6.244225125624342E-4, -0.0033960636991826098, -6.159698770912111E-4, 2.5483165756507695E-4, 7.86191587271625E-4, 7.248918821924655E-5, 6.934917432922964E-4, -4.783652089080428E-5, 3.4347388249309223E-4, -4.7427342674055E-4, -2.6223948405998073E-5, -0.0010454301083612871, -3.120342605451797E-4, -0.0012812014225992512, -0.0016314002616449766, -0.002273409036820955, -0.00217048273528282, 0.0029798503893389153, 3.8116913115196114E-4, 0.0015013266864089014, 6.063208999103121E-4, 9.860262316251202E-4, 0.0013090374991710032, 1.2104083648005534E-4, -2.0545068112676592E-4, 6.329420736874265E-4, 8.837269616017355E-4, 0.0020575301479399143, 0.002986888882231797, 0.0036904046533738763, 0.004844326573251089, 0.005979813686019948, 0.00710295266259634, 0.007768506933171529, 0.011482616988461777, 0.011276494669308605, 0.01660335392449686, 0.012109344859935586, -0.003530572325070127, 0.007634003722765795, 8.885931500472776E-5, 0.00498266177780308, 0.0018249982992944727 ], [ 5.638623350229466E-5, 7.386990584066665E-4, 1.3061575771273885E-4, 0.001006166141447283, 0.0015328957150731529, 0.0022671118474945078, 0.0033578122246300576, 0.004177739555029203, 0.0037692893094345, 0.004774197008707674, 0.003744838607319532, 0.004271716589579745, 0.002959429651209052, -0.0011083124273743878, -0.0032757723322766243, 5.153285376090547E-4, -0.0042359830263073136, -5.034883131385249E-4, -0.002989864030761801, -0.0018757300845283942, -4.994787215865828E-4, 2.965936895258207E-4, -5.043179243517384E-4, -2.3367669685047456E-4, 9.485044858288542E-4, 0.0011185279990340044, 0.0027834334302093127, 0.0029130768709424056, 0.005509984090745615, 0.0037367857529447706, 0.008403808731081432, 0.004119564891707148, 0.010216755460650633, 0.0060932284076624, 0.00957070535893009, 0.006476471329163713, 0.00594616625704218, 0.007122953134901149, 0.005531890851111193, 0.006261653023203113, -7.2491784200822E-4, -0.0011852786601937086, -8.721514465000698E-4, -0.0021279340828837087, -0.0016456794300649016, -0.0022516408323725833, -0.0025852481947018693, -0.003358391486969523, -0.001311132874884696, -0.0044270371864849455, -9.551007649236847E-5, -0.005472782098356399, 0.0011063245799074264, -0.0019365770211818773, 0.01308702027206851, -0.004713660715505906, 0.006974957417700477, -0.0011210443411147964, 0.004584040918130767, 0.0011520521490160994, -4.392209188048017E-5, 0.0014828972139874091, -3.278796945253006E-4, 0.0021436466170254684, 7.862873443907149E-4, 0.0022252895874982056, 0.0010499158330186478, 0.002559613786666675, 0.0011679529511051828, 0.0038658122034601764, -1.7607936089622395E-4, 0.00800403021182968, 0.003768636401091482, 0.012697594331468798, -0.0031357571004466513, 0.015235648581226256, 0.003977327876423584, 0.009315815597332036, 0.00654075225854228, 0.007191757405576636, -5.233672133070623E-4, -7.565352521870926E-4, 4.182992030160786E-4, 6.200043315705252E-4, 0.0024300750622726795, 0.0028921371306564257, 0.005081443445993009, 0.0045902426309330875, 0.007334268390391473, 0.005193331582986838, 0.0073984262305826195, 0.0015822574909070662, 7.285288398716997E-4, -0.0030625509057608945, -0.0034835663640811485, 0.0015855439071168014, -0.005391688598808661, 0.0013789506399442468, -0.0035663233719755655, -2.2760866055359372E-4, 4.1924701596968183E-4, 6.078699156506865E-4, 4.185841043919945E-4, 4.6831280064129076E-4, 1.029604934288821E-4, -1.9834581684051935E-4, -1.501750623319021E-4, -5.802797229054273E-4, -6.083467325653849E-4, -0.0012059552637557075, -7.208924806612538E-4, -0.00254474002746901, -0.0023097680314892975, -0.0045131599303372995, 0.0022233519134554998, -1.3828158742178943E-4, 0.00172728732364604, 0.0010576492455345306, 0.0015355012475415976, 0.001762763002313668, 3.7892902392784685E-5, 1.3557308902129467E-4, 1.1223314816649652E-4, 0.0011355357751513559, 0.0013126880974824013, 0.002940394188717541, 0.00305306211739369, 0.004599979458607524, 0.0055526996106168075, 0.007334531947728046, 0.007815647675332282, 0.011401191113734563, 0.012533894544396875, 0.014996303626616733, 0.011853293290997555, -0.0027381816854734984, 0.007420779788757835, 6.984356877531645E-4, 0.0052039894139700995, 0.002330318993527249 ], [ -5.080269604111031E-4, 0.001329622380029818, -7.144375514889589E-4, 0.002395747348436765, 0.001394889706842502, 0.005226781337382625, 0.004177739555029203, 0.009015046982212418, 0.005296569456970914, 0.010359589857641962, 0.005499316387614643, 0.00921560330673563, 0.005322560450678098, -0.0011070106579896342, -0.00882739173219638, 0.0013181084979113496, -0.008139592337407539, -4.4506234770226366E-4, -0.005608060797179084, -0.0027286863073137926, -0.001694016968703052, 2.9702618640380714E-4, -0.0016632884991320419, -5.239684885686368E-4, 2.607932445024692E-5, 0.002105352826068416, 0.002938062584581764, 0.006197614295346071, 0.006442046760745506, 0.007827584631397615, 0.012102017291895676, 0.008454926938434115, 0.012461865169365236, 0.011876227048871996, 0.013706968935484808, 0.011354771159771024, 0.010063191912340277, 0.012794223348565895, 0.009541552571468529, 0.010526569080941784, -0.0015037857642741983, -0.002269781906120762, -0.001373117646697417, -0.004569654469573809, -0.0030795369331712715, -0.005398320587750338, -0.004108589145967327, -0.006836696385478363, -0.003255722176393523, -0.007832178101595089, -0.0014689920788470198, -0.009110012526664, -0.0011444985859070578, -0.00434742727715934, 0.024343311043369092, -0.008751931354823638, 0.013355661392276827, -0.0017219913482508671, 0.008146220836915864, 0.002046632088729228, 8.833333780007105E-4, 0.0023679997173636277, 0.0012349699760481933, 0.00322729258969445, 0.003561786320459306, 0.00423714865645603, 0.0044895006922005525, 0.004207734675716218, 0.004618963791145609, 0.005683159668049915, 0.0040803709428258745, 0.010357505441775272, 0.012154528133595056, 0.02120235275975204, -0.0030835302773828247, 0.02423512940210793, 0.00906447891717587, 0.014118922286563251, 0.012492193207636608, 0.011280541605756266, -0.0012392412225015218, -0.001116869487508884, 1.538955025450895E-4, 0.0012792155101378772, 0.0031194616408433263, 0.005012210301188754, 0.00720758834334755, 0.008488296922145738, 0.01071883138981703, 0.010224427333402156, 0.010709787869133377, 0.0029301606687014304, 3.951260847280626E-4, -0.011913600467676616, -0.004008056807817335, 0.0015337206486003673, -0.007928879632483066, 0.001740523256804949, -0.005518572570158701, -4.5875960152336073E-4, 6.521977792923693E-4, 0.0012223659929570467, 5.195430184446075E-4, 0.001318649150533846, 3.507820311777569E-4, 6.704173635957598E-4, -6.310240531137959E-4, 1.8591079433960339E-4, -0.0015644831677985216, -5.91675579144802E-4, -0.002391084823604908, -0.0027089127386655393, -0.0055201067128423835, -0.004511968321374184, 0.007504370607526154, 7.728054349198722E-4, 0.0038348291646910816, 0.0015374963717818342, 0.0026599575387967842, 0.002569621337345876, -3.030562386993362E-4, -3.855354602986475E-4, 5.200309519512817E-4, 0.0014350283430862986, 0.002860471368977155, 0.004851635971938517, 0.0057638781447577675, 0.007979261813459855, 0.009541728627917693, 0.012781529474446501, 0.013413445892278521, 0.020815888082615357, 0.01944267456307614, 0.0313214862525384, 0.018504411147149367, -0.004218953269662431, 0.013062988083589088, 9.968496107992917E-4, 0.009035669934144563, 0.003651114820949905 ], [ -1.2206804415557164E-4, 0.0011469937103570109, -3.5247962687317446E-5, 0.0016112589974687389, 0.0016229741132690351, 0.0031631914710623706, 0.0037692893094345, 0.005296569456970914, 0.004591820375864247, 0.006189678294110245, 0.004892432474328412, 0.005760206659059922, 0.003912978960411409, -6.104354631772634E-4, -0.0038907459105605286, 0.0015393146612568181, -0.004601656081202103, -1.2952973046412893E-4, -0.0031094660674897386, -0.0017379762237867888, -8.452104275198262E-4, 4.1705180474449743E-4, -8.952265212960041E-4, -1.648845775061192E-4, 5.453114439067785E-4, 0.001363226727883412, 0.002439399294412973, 0.0030167122674141012, 0.005192231256277497, 0.0033295847121836237, 0.008130984332100364, 0.0024414621524472438, 0.009984962996513453, 0.004471385040283675, 0.012112666707797252, 0.0055400425321850185, 0.007490006590527355, 0.006274426602051134, 0.006502707438124571, 0.005946378403940198, -9.4338282415573E-4, -0.0017536665874857407, -0.0012132876126010913, -0.0030221719327548106, -0.002374544456306402, -0.0033215844437508744, -0.0036833257930805794, -0.004747508456669594, -0.0028574758917724, -0.006322071879813083, -0.001748619145985697, -0.008179576987308769, -3.376621810992072E-4, -0.004482186613055134, 0.018061147820136392, -0.006710778286937045, 0.009664722581648143, -0.0017793897945342103, 0.006248711627600414, 0.0011743781048253888, 2.606388553413713E-4, 0.0017825479039498314, 9.314298024592138E-5, 0.0026449132865320004, 0.0013441852366805746, 0.0031473635141245427, 0.0018559685783633452, 0.003730644212543229, 0.0020160322744748557, 0.005282503030833408, 4.5710773756742906E-4, 0.010190509663761102, 0.0041736807284534355, 0.014874097743853202, -0.007037663111579977, 0.015645850079500277, 0.003330813915876982, 0.008214667822557606, 0.006130745919067511, 0.006275553284646574, -6.219151243975797E-4, -7.502238340237525E-4, 5.635386483420178E-4, 9.515213955519754E-4, 0.002932504508174407, 0.003647474960279924, 0.005770739669384654, 0.005521319625314974, 0.008243175258881085, 0.0060801282199846405, 0.008172965816873963, 0.0011634157376471995, 4.1223287651109635E-4, -0.004186843490572114, -0.003334053988466531, 0.0026983500494818114, -0.005637526604207701, 0.0021705292558323445, -0.0033954554935395186, 3.116567506819285E-4, 4.6231661449806576E-4, 9.357531757160152E-4, 4.8394347716190474E-4, 7.816896315494562E-4, 2.2660483804680018E-4, 9.460609299974458E-5, 2.272353025497149E-5, -3.2572486227462E-4, -3.6677507080099653E-4, -8.033961759955444E-4, -1.115328551291485E-4, -0.00215385437419081, -0.0012881671064440279, -0.003569771427530402, 0.0029193070447516185, -1.6838432892145788E-4, 0.002026997882844794, 7.445988649638166E-4, 0.001720316379677081, 0.0017030167271231099, 2.2480387387096234E-4, 1.0461160751275896E-4, 5.000180712983536E-4, 0.0014039485542338183, 0.0020256210790403663, 0.0037563862672407634, 0.004070854752495396, 0.005777870953488493, 0.006946373504916181, 0.008532108548139057, 0.009163438118723765, 0.01287387323984072, 0.014506036414818733, 0.01716851417170014, 0.014813874265823642, -0.004326332510581972, 0.00844166252588405, 6.915491306973233E-5, 0.005738236898963783, 0.0020925336052802657 ], [ -6.524821284592734E-4, 0.0014983136528738165, -8.947671766999344E-4, 0.0027391246587491354, 0.0015871624221704356, 0.005951784003409819, 0.004774197008707674, 0.010359589857641962, 0.006189678294110245, 0.01237610152365602, 0.006646644159966827, 0.011433263738712212, 0.0056289465751611645, -4.3765584646414943E-4, -0.009994558212477227, 0.0025039147218965285, -0.008782189215199479, 2.915519803304253E-4, -0.0060871207928917485, -0.0023605137490099225, -0.0019509832276504888, 2.2447443443161983E-4, -0.0020064732861399624, -8.916402170894966E-4, -3.146352402668778E-4, 0.0018160805033795961, 0.002757869316776957, 0.0061309364722283355, 0.0063309083886684495, 0.007332268667188632, 0.012394012335759144, 0.007187865541223037, 0.012691199933316561, 0.011060956113733676, 0.01685826419124351, 0.01049128834285464, 0.012360143518292692, 0.012434522230312621, 0.011038997361948919, 0.01063672601569978, -0.0016428892287708773, -0.0026562423193081425, -0.0016201545559821325, -0.005568115503566051, -0.003943294750733531, -0.006728045205298371, -0.005395538799096406, -0.008649143273947233, -0.004896800637664571, -0.010355937780298679, -0.0032001519025381293, -0.012326700715638956, -0.0020248697835702502, -0.006731458967321865, 0.03117919972187501, -0.01254699100961236, 0.017944707086572267, -0.003561364181726706, 0.01101659213952802, 0.0018400073362315884, 0.0011190271256174694, 0.0026631168115928945, 0.0014241329106349713, 0.0039868624889333616, 0.00426524063039796, 0.0053808670588430165, 0.005684763259836755, 0.005471905995815379, 0.005795164802016738, 0.007329742666386686, 0.005285415523087159, 0.012186852058892441, 0.013890115342586338, 0.023426222362094466, -0.007651787107509409, 0.027276869048520478, 0.006839341781228089, 0.014990758017841636, 0.011222649002565442, 0.011112449691476574, -0.001323162905686077, -0.0014166193018636578, 2.430873623415319E-4, 0.001314549140997748, 0.003603567142423126, 0.005499811134813574, 0.00826741852810618, 0.00940226439327596, 0.012315933242984191, 0.011201848823687195, 0.012511311506171135, 0.0023273932778770214, 6.846934296313987E-4, -0.013856531914094469, -0.0023879408757266005, 0.0024864067019944387, -0.007537093575492984, 0.003091117427845129, -0.004997624439502898, 6.689634716451134E-4, 7.699412838357543E-4, 0.00155614189207904, 7.106923495045468E-4, 0.001738070961633879, 6.535843645271692E-4, 0.0010669846210475432, -3.341607587694378E-4, 5.877379011403894E-4, -0.001170104459175147, -8.204520429739388E-5, -0.0015994783131666333, -0.0021114547633503977, -0.004845123388837202, -0.0033006721025926593, 0.008955632922473842, 6.755336190532619E-4, 0.004507712233619023, 0.0012033645296092102, 0.003182605272382624, 0.002553501948983239, -3.518603960869518E-4, -5.309543731067816E-4, 6.022679248841119E-4, 0.0018535595015342367, 0.0033832475090503763, 0.005922651475286887, 0.006874158510174444, 0.009495084265788292, 0.011153961017782382, 0.01468303570769178, 0.01509632994669744, 0.02335857602777234, 0.02185957411243623, 0.03523427172994146, 0.020146851992064434, -0.0061304735655766775, 0.014841585383540848, -2.2158343165826092E-4, 0.010116937154999863, 0.0031788527100194844 ], [ -2.0442293699744865E-4, 0.0014924874896029674, -3.071404076299283E-6, 0.0020250666042369715, 0.0017030817635240055, 0.0034085265467777627, 0.003744838607319532, 0.005499316387614643, 0.004892432474328412, 0.006646644159966827, 0.005916256130622814, 0.0068626454862349, 0.004467707121400624, 5.195559662392597E-4, -0.0031650938885412054, 0.003372362423742503, -0.0037105047541190145, 0.0012687592044530603, -0.002519861665088671, -2.989077711846933E-4, -9.422845471160828E-4, 6.490679570580479E-4, -0.0011550332603641356, 1.5364911132687475E-4, -1.1029441321778411E-4, 0.0013101697536874101, 9.271467078978319E-4, 0.002047073176331488, 0.002672105179668854, 3.955774524254413E-4, 0.004466278133136688, -0.0031327082270991703, 0.006037300642349579, -0.0024542764762144733, 0.013865361475451277, 6.981985451656636E-4, 0.007642701937739693, 0.001870625929568255, 0.005639880991955611, 0.0030116130587143665, -8.561292453826918E-4, -0.0019476577570587635, -0.0016235843874699261, -0.003256163335841759, -0.0032920776042445117, -0.0037059271011961005, -0.00528114304109093, -0.005720325157919792, -0.005494196511202858, -0.008326591818719383, -0.005261641992571342, -0.011494913156696887, -0.0034192603779608756, -0.008656353747898684, 0.02320268015269879, -0.009496733181552879, 0.013116108203403306, -0.003110511532398985, 0.008513890419441787, 8.287434349837578E-4, 1.280945394950092E-4, 0.001471385846882961, 2.413582777132949E-4, 0.002421653706779251, 0.0014174180484468205, 0.0033550094474037334, 0.002146242840860815, 0.004660179958736523, 0.002259693363687849, 0.006430372420915136, 5.906902064414275E-4, 0.01117022462694324, 0.0030072739994614216, 0.013229981050208705, -0.015412041425284153, 0.01205781318619293, -0.0029392739697782716, 0.003517387140705889, 5.317684980092371E-4, 0.0015485098226250438, -4.781039743286781E-4, -5.668011579154446E-4, 6.804014627396034E-4, 0.0012041545460151997, 0.0029713853092845815, 0.003826066039783167, 0.005457198596448221, 0.005276598250405539, 0.007952804570050539, 0.005394120925707543, 0.008029258535152507, -6.932536048297567E-4, 1.2576742552192118E-4, -0.005233741881000719, -5.146777058192033E-4, 0.0047837926362123105, -0.0035355257348593143, 0.004065219023740587, -0.0012251278133670346, 0.002218607292288439, 6.915419345328615E-4, 0.0014453311921828783, 8.263298648727346E-4, 0.0013557269859959995, 7.173773868819279E-4, 8.539546582242517E-4, 8.197466473733506E-4, 6.178573611709232E-4, 7.135955811156925E-4, 6.084588744728267E-4, 0.0017386912786696315, 1.0224931208574663E-4, 0.001951527444429389, 6.22325459713466E-4, 0.003813837207845367, -6.372059914503499E-4, 0.0018438944633638165, -2.695226613678908E-4, 0.0016286066777040581, 0.0010483951143507302, 6.003246225944222E-4, 2.9774660501528434E-4, 9.844435841665135E-4, 0.0018110589312350862, 0.002503753175956497, 0.004410911609833975, 0.004498705674175312, 0.0064661482971330566, 0.007115817239967587, 0.008369366276770897, 0.008303837003667524, 0.011757125231909544, 0.01271694593058069, 0.015433590301065324, 0.015300847194568592, -0.00675019916990093, 0.007497970257549657, -0.0019608595623877125, 0.0048397489569785, 5.169569411994818E-4 ], [ -6.191929450509118E-4, 0.0016313284305300873, -5.500836145343935E-4, 0.0026704258179459095, 0.0017974569941483847, 0.005332955253788788, 0.004271716589579745, 0.00921560330673563, 0.005760206659059922, 0.011433263738712212, 0.0068626454862349, 0.01194180474824228, 0.005863125255844454, 0.0010330358100232198, -0.0077122292274535665, 0.004512939082702353, -0.006209320792965648, 0.002586566460881827, -0.004706117538922023, 3.3091630886181845E-4, -0.001796464428164807, 1.9452571885706396E-4, -0.0018597984510414986, -7.346495039208029E-4, -7.770498840023971E-4, 9.535274683033454E-4, 9.206883439227387E-4, 0.0032381403856801085, 0.00251703637480561, 0.0014417614422646886, 0.006055265571762218, -0.0017995268973880496, 0.00644630353844961, -7.795471278970733E-4, 0.017537828897214468, 0.001864694708135763, 0.011484072504125342, 0.004707179222275139, 0.008731913455099206, 0.005284587018016966, -0.0012985400251679254, -0.0027535935863274717, -0.0018479663090445531, -0.005272993267584995, -0.004625632269409709, -0.00680398561974252, -0.00645734704685173, -0.00970277041890458, -0.007136977645099926, -0.012793193808926157, -0.006224042414107396, -0.016902215656267972, -0.004474778261523844, -0.013477194330641712, 0.034886486954374935, -0.016103241587703397, 0.02076971818356992, -0.0059234205250173816, 0.012981573228625592, 6.17353432727004E-4, 5.568089603078299E-4, 0.002036899563338879, 8.055322212812034E-4, 0.0036849186557887346, 0.003244893536995216, 0.005476040415369682, 0.005111111162805611, 0.006495283456057038, 0.005043526226177282, 0.008933736757248109, 0.0038307924007678984, 0.01381044687862635, 0.009676729840039512, 0.02111765750830414, -0.018958798246697797, 0.02084705692854559, -0.0031707294166645134, 0.007522871171082958, 0.002257070375952466, 0.0034911819831596035, -8.499583674557386E-4, -0.0011638834611801814, 5.95549752081887E-4, 0.0013256609298326557, 0.0034294215020058013, 0.004656557016974528, 0.007146420180261327, 0.007253318478320944, 0.01067047964873426, 0.007974224701460197, 0.011493343669038316, -9.60334415735527E-4, 2.946321318120826E-4, -0.014341494113665235, 0.0012720