{
  "weights" : [ 0.6723235848726192, 0.6894598075384908, 0.6790215514084148, 0.6966190893216692, 0.6861301435611907, 0.7050093898029292, 0.688701923467129, 0.7162885789859845, 0.6946844633657676, 0.7201722389476521, 0.6972106428646726, 0.7120723294639428, 0.6884673377973798, 0.6651672188912363, 0.6911687722980199, 0.6218206447219689, 0.6922752278417494, 0.6276360283274985, 0.664011597096118, 0.6459927290340111, -0.31349308913816853, -0.3123941595841837, -0.323714173658567, -0.33464246088656424, -0.3309529231198136, -0.3817940941973197, -0.3501788505618979, -0.42030463422367526, -0.4019513502576848, -0.4682865321514115, -0.42678570649781733, -0.503056734909941, -0.4554845254820877, -0.5269208802740396, -0.4065028751705814, -0.5421911345326605, -0.4146339236633053, -0.5149518645646611, -0.4492290660278901, -0.4724053240761202, 0.5577950566014337, 0.5526171612223034, 0.5400805528177606, 0.540093366729956, 0.5222615183430109, 0.49351602323998495, 0.48313614550028117, 0.4322374856554981, 0.4085915689182031, 0.35805802465424663, 0.35770419762627476, 0.29972026427944687, 0.331261779574506, 0.3509766438368805, 0.40678515929581033, 0.3756703664158898, 0.42754265795646496, 0.3945556659920377, 0.44052110813164347, 0.4179853285377706, 0.07118254012121611, 0.08528066177779636, 0.09602733704977767, 0.09791686927374348, 0.14499684209796262, 0.13055473866352488, 0.21739653880125492, 0.19915969273347278, 0.28546155558382547, 0.2455319948265912, 0.33535590737130494, 0.2623658506246501, 0.3465320505423355, 0.2554091995636745, 0.35162641632812236, 0.2181042737058487, 0.34366699175854815, 0.25812033233084003, 0.3196832839082573, 0.29471609673540844, 0.6598958499887276, 0.6447076248203243, 0.6132514702667206, 0.6098870614502149, 0.5363725558009604, 0.5221216540861569, 0.42765060883787087, 0.38592924231813763, 0.28768901242272055, 0.24826658762933482, 0.1647923570641507, 0.12999798431940096, 0.09303784905488541, 0.07200993739350015, 0.0838429544674407, 0.06808748237811803, 0.08645214489506392, 0.06672524804993406, 0.07773217345725365, 0.07897217422231438, -0.5244812511970289, -0.5328060692410381, -0.5258481214165269, -0.5410679071029527, -0.5173951057348956, -0.534692590854434, -0.4839537298621788, -0.48935449594465713, -0.419333688159895, -0.40678067138402174, -0.3342586720767993, -0.2727650069469788, -0.23510475530421207, -0.18640837945074162, -0.15888294230193123, -0.14191810269085933, -0.13385841917625443, -0.1298696764831701, -0.13207514348093452, -0.12872428518280737, -0.4439805039271192, -0.4480499489257544, -0.4340052068974767, -0.4409362223673029, -0.40119699445375745, -0.418562430115793, -0.34943475497399185, -0.35888848868964807, -0.27503770538866473, -0.2869644295826432, -0.16763022328049912, -0.15057081300058903, -0.06103234428828984, -0.02783564893489363, 0.04480934037811128, 0.0055332677340440995, 0.05130996330758367, 0.008561777425940862, 0.04552118282500906, 0.01605320904101235 ],
  "covariance" : [ [ 0.007325506035217206, 0.007004080916829299, 0.006681276292917298, 0.006178453709785887, 0.006327485655524657, 0.005761360098694843, 0.004133912237666434, 0.005380437361474743, -6.61037223719138E-4, 0.006016259251333322, -0.006269497397796711, 0.007104730874123899, -0.007672844438056352, 0.0028121853900484315, -0.004545861025354387, 3.203496385036147E-4, -0.0035247149589919314, -0.0013661098669263303, -0.002332157667210327, -0.0017576004525580596, 0.0013889485770741867, 8.189199272919238E-4, 0.0019054759206483956, -9.872651261389896E-5, 0.0020010624035670934, 9.330347067808137E-4, 8.173065474678279E-4, 0.0046661505047303434, -0.002607706550564751, 0.008247202326303195, -0.007499673776369997, 0.01076993523461053, -0.008281401360728578, 0.006552408410410019, -6.07037808820411E-4, 0.004521304811664791, 0.0015279229433673197, 0.0016421413516593184, 0.00289726004767363, 0.002161018411316087, -0.009228978501192215, -0.01010347262392944, -0.00826474961711856, -0.009512467663613144, -0.008207620167563585, -0.008610026157774396, -0.00719274291476593, -0.005305399350321272, -0.0033703504419433728, -0.0021299420412936544, 0.0022047242258983546, 3.116341785129803E-4, 0.0058209296671473815, 0.003823789371247103, 0.007174731271932928, 0.006353925268499513, 0.00713561362350629, 0.005794275683411077, 0.006575797452962532, 0.006114566939147828, 0.005061859253831593, 0.003851544488990979, 0.006754934157834264, 0.0024840984339717905, 0.007025003736613572, 0.0036430254291464834, 0.005941801265624315, 0.0032553342452792994, 0.0024314031638316387, 0.0035318313647687235, -0.0014195332792831302, 0.00237593332523042, -0.0019296158679758587, -0.001434003382807988, 0.0029461116485594166, -0.0037536086762637935, 0.0022952531879306282, -0.0024307265105295555, 0.0016185550418629873, -7.855212073133761E-4, 0.004850762188857949, 0.004150974602858253, 0.003978250326669233, 0.004133070660742657, 0.004105846393064554, 0.004363873680716919, 0.004150709433168255, 0.006952589768056346, 0.004481532625120492, 0.007846033950904928, 0.003986100577934816, 0.007763946447907394, 0.002329019507279754, 0.005373574651248026, 0.0013584579395509112, 0.003291891390204895, 0.0018068476557085587, 0.0025392624780781713, 0.0020387523524222485, 0.002532092405228741, -0.002758839777827079, -0.0022413000582593204, -0.0030168521686386, -0.002159968346367586, -0.002894154990384746, -0.002184930595111404, -0.0031243227784926047, -0.0023348352567371428, -0.004019280046470763, -0.0023144116535707368, -0.004261448866984661, -8.813328655123966E-4, -0.0034636787838634273, 2.1296146865357323E-4, -0.0013823479886748166, 8.35940338804713E-4, -8.230218783805099E-4, -7.962247665564329E-6, -2.058002177205139E-4, -2.306253825895267E-6, 0.010473115744014095, 0.010041137379716038, 0.011049309432665418, 0.009796046527102488, 0.010699841916992827, 0.009813798933691636, 0.010397865275374145, 0.00837970162991872, 0.007553997590474766, 0.007027468499208311, 0.00447630918575103, 0.002793780495069763, 0.0036002654531117695, 8.506462500795918E-4, 0.004058547949599664, 0.0021176237892405335, 0.0038432384346696576, 0.0019467674085088293, 0.0029656599399216802, 0.0026279304493742705 ], [ 0.007004080916829299, 0.008325370894477834, 0.006512760878753604, 0.0064987085684087885, 0.006377118390378264, 0.006183406372667676, 0.004480896488089664, 0.005648921267334433, -2.5143056839255955E-4, 0.0061408625347515264, -0.005826294892597874, 0.007557427999350768, -0.0076704567386944615, 0.002751165448370546, -0.004513112226830792, 6.74884947915084E-4, -0.00397349066184126, -0.001389341295417462, -0.0024256593640867696, -0.0020061778777538857, 0.002948002398114045, 0.001372493716241137, 0.0036075496376566617, 9.083846440857119E-4, 0.003699100752120333, 0.001946446740053838, 0.0026609183624611292, 0.005466715495797962, -7.812189707748734E-4, 0.00931141052672211, -0.006407356817204968, 0.011521455085025615, -0.007247613772400626, 0.007981249324392415, 9.281165602971989E-4, 0.0045700270982585315, 0.0017077125425389499, 0.0035823015664619945, 0.0029813592996619973, 0.003267546525056538, -0.008982046190306337, -0.0110987170214612, -0.008093497051543283, -0.009770050447329311, -0.008050895788191181, -0.008795809557388264, -0.0067561600204241, -0.005602293322177221, -0.002492361951967589, -0.0024064209250959376, 0.0029611120558073346, 3.085474298302063E-4, 0.007157645960846252, 0.004508050118185674, 0.008088080078506761, 0.0059579892997868745, 0.008354910206999324, 0.005529532561754149, 0.007674750844522557, 0.006125759795400109, 0.006388451867119862, 0.003814526032098049, 0.0075658047209619245, 0.0029244679647504957, 0.007580353373039572, 0.003439369004465117, 0.006131739509630948, 0.0035371394084454037, 0.002166712789619705, 0.0042198496480800925, -0.001828836168633636, 0.002614788296694032, -0.00232398439093097, -4.777723443900808E-4, 0.0033037415585428723, -0.003229427281205289, 0.002317713270849719, -7.563357967217011E-4, 0.0012303199566566134, 3.70856685148304E-4, 0.005026610670375424, 0.004754688280326425, 0.004439590052866583, 0.004604989042482726, 0.004587344357253651, 0.005414392358917324, 0.004576523090972367, 0.007717036107592999, 0.0054479762679087, 0.008089042706636419, 0.004482376939250155, 0.007615457500695791, 0.0023326613274899776, 0.005318533630438196, 0.0015424785433395295, 0.0028321596508829525, 0.0016018128908885727, 0.00252656304941968, 0.0018979370824856983, 0.002198047707066841, -0.002476811543681014, -0.0022996311198486157, -0.002774108265107528, -0.0022260698573844475, -0.0028479703010339838, -0.002590226085959478, -0.0034950028135571883, -0.0028677542540215964, -0.00521069670400078, -0.0023698425824749225, -0.005712761070512327, -7.89285928361741E-4, -0.004307795408213752, 6.063781891407905E-4, -0.0016014330258493311, 8.170300997246204E-4, -9.139634646722463E-4, 4.645806685562951E-4, -4.765109750927458E-5, 3.0837574404725567E-4, 0.01123255761556892, 0.010147621240894786, 0.011723117073150985, 0.010364513400327678, 0.011428838383763205, 0.010049394966251558, 0.01126784074044046, 0.00887560887366386, 0.0082560134986522, 0.007711785511315047, 0.00509573067472636, 0.0032848754480489105, 0.0043352481863155505, 0.0013708572456161612, 0.004292828149554251, 0.001829596984194862, 0.004071125981665905, 0.002067204152126481, 0.0029092698020053874, 0.002838077571738466 ], [ 0.006681276292917298, 0.006512760878753604, 0.006232117668322606, 0.005609431848651035, 0.006065394607826163, 0.005270439052061973, 0.004193494730584397, 0.005055497292464022, -2.3886467041507077E-4, 0.005587491394484606, -0.005316536178181259, 0.0066198474732753155, -0.006402560677294927, 0.002728292288015853, -0.0033838438056160245, 4.438941852498529E-4, -0.0026463206954725382, -0.0010626081705173915, -0.0017181745335881162, -0.0013225049743576557, -5.057031338119382E-4, -8.248564017088834E-4, -9.831049647853504E-6, -0.0015865513212974939, 2.6629242245879224E-4, -6.973518949638244E-4, -4.870542941380454E-4, 0.002662990385576024, -0.0033789578929543486, 0.006025648316238228, -0.007759807971552805, 0.00855234393132814, -0.008242629820515471, 0.0050604488032547764, -8.389552985526827E-4, 0.002828496308138157, 0.0011879143532920896, 4.202056848849724E-4, 0.0022274411752919708, 0.0011095855669849674, -0.009128149634031267, -0.010023656988006049, -0.008325771060152932, -0.00938914239347577, -0.00826646150775852, -0.008606107105209896, -0.007192029502399682, -0.005649239073890273, -0.0035968250374838156, -0.002671463156938227, 0.001461138528005153, -2.6749605219160227E-4, 0.004841972173833311, 0.0034392812537831375, 0.006359236605339628, 0.005775372162429742, 0.006644774138238688, 0.00503054381620661, 0.00612090217358344, 0.0054622566184134, 0.004550628615179107, 0.0031205086638864247, 0.005749464210025695, 0.0018805881078318124, 0.005657595667834334, 0.002603679580812096, 0.004429637045568933, 0.0019903223693375025, 0.0012000692839039032, 0.0019685390360886187, -0.0022497724660946942, 6.881323212655345E-4, -0.0028657639646405084, -0.0027510860553439783, 0.001330918222407614, -0.005162626170060049, 8.905336121118692E-4, -0.0037293589744960423, 2.7725639880465003E-4, -0.0021177593959401464, 0.003901313534539406, 0.003436228685930319, 0.0034724267004618385, 0.003605763427490949, 0.004002556799678021, 0.004104878867354294, 0.004540544477469801, 0.006730063722925841, 0.004824856079566752, 0.0077103455487463205, 0.004199972056893372, 0.007623596499574237, 0.002569469584083258, 0.005242472900617946, 0.0016723462140293775, 0.003112375949016966, 0.0020421517599672817, 0.002429102651784635, 0.0021586876571003054, 0.002451385302510616, -0.0021014353783815488, -0.0013692002702717083, -0.0022724421062361878, -0.0012330218263984106, -0.0021258957132747145, -0.0012663184178966823, -0.002482857939718676, -0.00165684643239691, -0.0034980002710528883, -0.0018762108870879863, -0.003925773498795347, -8.883338881967087E-4, -0.0034662247197148654, -1.332717893714247E-4, -0.0014705922548517972, 3.443792858695084E-4, -9.835111363326722E-4, -2.7976526146361304E-4, -4.049240436666368E-4, -2.158404957788306E-4, 0.008559922359922994, 0.008019286384232523, 0.008918357741130006, 0.007771325023044212, 0.008415047953550551, 0.007659161219728364, 0.00801211333348852, 0.006288904204673186, 0.005580294127223313, 0.004973252675664031, 0.0029855436939388836, 0.001547634191075703, 0.0022845160804151957, 4.215375269037583E-4, 0.0031407874182977137, 0.0016219293936795044, 0.003148161142181518, 0.0012971428146153884, 0.002356849480163319, 0.0019950509971962526 ], [ 0.006178453709785887, 0.0064987085684087885, 0.005609431848651035, 0.005616698470842291, 0.005202576146894389, 0.005508043464351465, 0.0031292678542463545, 0.004969178857726799, -0.0010872898874349736, 0.005178251405179642, -0.006046631010939409, 0.005686070912310486, -0.007635970767799057, 0.0019467284437282145, -0.005105757742661326, -2.9838243145008234E-4, -0.004135013771234442, -0.001970083258461651, -0.0028283592815583868, -0.002430861295712376, 0.0058328033285223475, 0.004620289071968697, 0.006194097186133585, 0.003835344688954076, 0.005848288502003811, 0.0045851481063116225, 0.004480176109035469, 0.007503709510172051, 0.00126504311870936, 0.010138649091844821, -0.003418811947861185, 0.011617297226569734, -0.004350094183088038, 0.007853395250777, 0.0018544887119355514, 0.0061168149591633225, 0.0026129661935228835, 0.004233962365376851, 0.00391896410432045, 0.0041010218742023605, -0.006287181262579649, -0.00753073586048371, -0.0055562589310222035, -0.006931790792781615, -0.0057147565377817225, -0.006379581706743542, -0.005026714755445259, -0.003671000919937298, -0.0016230974263960847, -8.249616068565247E-4, 0.0032637652759505606, 0.0015346631047301826, 0.006529771079178838, 0.0037290150446615948, 0.00697885129955773, 0.005495769668966588, 0.006528839153134221, 0.005292344623140949, 0.006040505955456591, 0.005515045559067435, 0.005233942697078178, 0.003998703836703851, 0.007126409151310172, 0.0031909096329543643, 0.0079697251964873, 0.0046530107499763215, 0.007491706657436586, 0.004949849411436979, 0.004538971008316076, 0.005483040165763975, 0.00112535787141494, 0.00498335925783581, 0.001111970326038999, 0.002263032999465393, 0.0059202246338819, 6.702945507296767E-4, 0.004916832771831922, 0.001807919385025218, 0.004144398186264303, 0.0027758298660673928, 0.005765398590322024, 0.004889976635783345, 0.004307248258970988, 0.004324542365031813, 0.003332457551556637, 0.0038955336262325234, 0.00237076613132938, 0.0052880421819927565, 0.0026996362048281345, 0.00562637104482003, 0.0023806253045628657, 0.005601833249091739, 0.0012193422598276067, 0.003917301090744289, 5.099838341589579E-4, 0.0022552179114986837, 7.732497780111601E-4, 0.0018171132762274096, 0.0010855875545487984, 0.0016684845337369344, -0.003398245810549757, -0.0033845205995315466, -0.003718895064603273, -0.0034533091230961083, -0.0037445046085461445, -0.003640476555818926, -0.003772234845722295, -0.0033398417328169617, -0.00443146744968452, -0.0025690106443457873, -0.004223063675823325, -6.92994993876021E-4, -0.0028204952270465856, 8.13235612920984E-4, -5.50222813891609E-4, 0.0014099490666062322, -7.743057911523445E-5, 8.082441778051283E-4, 5.111394489748274E-4, 6.571484947191349E-4, 0.011790996252440959, 0.011200657326233163, 0.012535617980391694, 0.011271430477813666, 0.012715945428573365, 0.0115335042137683, 0.012887198139558862, 0.010631522796153063, 0.010285736441100366, 0.009374456295484935, 0.007081175138634028, 0.004884858230419296, 0.005295561526255641, 0.001937140972246882, 0.004796010547551055, 0.002627363457091053, 0.004287569938264005, 0.002730002935512635, 0.003380589925493653, 0.0032605932135709097 ], [ 0.006327485655524657, 0.006377118390378264, 0.006065394607826163, 0.005202576146894389, 0.006257771291869304, 0.004654657570553756, 0.004973802653479626, 0.004407054103350687, 9.554660332856108E-4, 0.004976782997211516, -0.0038353979931601834, 0.006362641809131267, -0.004693628764624216, 0.002572627224364557, -0.0019758682572846233, 0.0012705508931387308, -0.0018331297501124671, -7.035589849998584E-5, -9.484117788304384E-4, -3.995245138405943E-4, -0.004053245193375828, -0.004056394933399298, -0.003459013056149935, -0.004677892320677703, -0.002620423764848712, -0.004009522514296601, -0.0025572903606303587, -9.155700216739723E-4, -0.004902967873526468, 0.0026699040395273227, -0.009013270720107444, 0.005530543592168251, -0.009441949062303803, 0.0034435430030068364, -0.00222182387949718, 0.0010258398117882115, 6.572639755233751E-5, -9.463649325397309E-4, 9.260656731615578E-4, -2.504176970434487E-4, -0.010178566137985883, -0.011116451562049684, -0.009459630237952096, -0.010265174820301945, -0.009253290122950251, -0.009447662504321294, -0.007881016506252324, -0.006591724499000444, -0.0045274935477313885, -0.0037709462953685693, 1.259357977334413E-4, -0.001581729320166511, 0.0034106667440419246, 0.004108505306990343, 0.005323093949829836, 0.005409128160423763, 0.006629157152540314, 0.004372072988201047, 0.005980395646545792, 0.004989671378681653, 0.004129653312155054, 0.0022824324498063476, 0.004601410220398205, 0.0011112090029700295, 0.003963137433589715, 0.0010469253665611807, 0.002398302731407869, 8.133006902590002E-6, -8.34957801456827E-4, -3.4658641880777597E-4, -0.003932714673031602, -0.0022181538902196116, -0.005255637657093889, -0.0053929628440766925, -0.0018949164036884613, -0.00782125072006486, -0.001974764390485936, -0.006010149572436328, -0.0025362600243624966, -0.004514720073805034, 0.002352398167178154, 0.002365274020415339, 0.002708405186193644, 0.002900390685189029, 0.0041694188649516566, 0.003997125544190872, 0.0057493686178156315, 0.006961213016840552, 0.0060552317192721925, 0.008091387605401148, 0.005122545791701369, 0.007803337888474005, 0.0030950463856753907, 0.005434029962417804, 0.002379289717196515, 0.0032445609008842123, 0.00260281594302421, 0.002660299913824149, 0.0026245311156979177, 0.0026974265097042998, -9.237952747584028E-4, 1.3267379853101435E-4, -9.757778184627545E-4, 3.2253591159372725E-4, -7.60820606453226E-4, 2.7681258996932435E-4, -0.0014172238505908681, -5.65509872311621E-4, -0.002769762716616994, -0.001217439276714452, -0.003678357917809087, -7.098269390501676E-4, -0.0035085155895334666, -3.633720176971901E-4, -0.0018044403861978615, -1.4748555519613387E-4, -0.0014730399327148266, -6.186137859676399E-4, -8.500088281703408E-4, -5.418487161859354E-4, 0.005960786869824113, 0.005257481508069453, 0.006028670713278082, 0.0050361340080408035, 0.00522951746183561, 0.004618236611014668, 0.0045589191756406485, 0.003261748521597063, 0.002389032230234816, 0.0020829254986990385, 4.334089426502332E-4, -2.4280768883365217E-4, 5.52374440028027E-4, 1.8249512512518974E-4, 0.0015652746251368053, 9.11212126216885E-4, 0.0021120842966574323, 4.499210025475702E-4, 0.001408516837174595, 0.0011698036428677517 ], [ 0.005761360098694843, 0.006183406372667676, 0.005270439052061973, 0.005508043464351465, 0.004654657570553756, 0.006070985564269769, 0.002110659781413092, 0.005758103159321933, -0.002069916443147796, 0.005407134729699414, -0.006493719329707169, 0.004874533464308903, -0.00820996857042571, 0.002002664365547972, -0.005731617792087096, -0.0016349063341777816, -0.004045838892724137, -0.0036404378951587135, -0.0028823573477376623, -0.003613364673999734, 0.009512919372891752, 0.008014930848773815, 0.009693882002487799, 0.007135904084684891, 0.008782551694012836, 0.007789200001588034, 0.006985215826431666, 0.010250071009350598, 0.00401991987197913, 0.01191152478888018, -9.779900814295395E-5, 0.012818425564504242, -0.001070276633220094, 0.008924108441936333, 0.004381880696706793, 0.006843301066603254, 0.004887565229045261, 0.0046882972574278795, 0.005945492751639891, 0.005063585253830033, -0.004250166987304037, -0.005720362952309837, -0.003679894238951689, -0.005456817107001331, -0.004060825891670541, -0.005542401193102415, -0.003605099876467172, -0.003487604914560863, -1.8513044801047218E-4, -5.453248988118336E-4, 0.004473287050820465, 0.0029021607361623286, 0.007781615843886064, 0.002886181572721881, 0.007513336831781277, 0.005614413500614988, 0.006445681472592589, 0.005234051624497901, 0.005861352624598425, 0.005552725214574057, 0.005701222787398844, 0.004509492318794268, 0.00794076433782991, 0.004012608859702653, 0.009214730615224598, 0.006200982991902001, 0.009217031828284691, 0.006882364447526014, 0.006863042601200661, 0.007036747597197686, 0.0037058111333024045, 0.0073349836409292496, 0.004143357639031698, 0.005402414248554451, 0.00872735203627745, 0.003599417903678228, 0.007967944359665068, 0.004026049910797644, 0.007209214909252596, 0.0051246665207476125, 0.007082816957378498, 0.005651200376291052, 0.0049933406250593435, 0.004477847943335313, 0.0029431475138048464, 0.0031270798977575077, 9.579538829641817E-4, 0.003623676515987534, 0.0011409154611965785, 0.0039723160350644835, 0.0010558100982009902, 0.004500067609340321, 7.490688734848543E-4, 0.003241923932477959, -4.72089764787662E-5, 0.001503979762208302, 3.381670339088017E-4, 0.00104208361632662, 5.465278752802503E-4, 0.0010266517769851689, -0.004602809618536494, -0.004683999231400017, -0.004969479343490212, -0.004799396362734212, -0.005033829501970138, -0.004925625591808632, -0.004696832722119371, -0.004128747616698315, -0.004909126156572877, -0.0028791844060164235, -0.004103911587425717, -8.740516001117654E-4, -0.0025811254301710954, 7.19352614553059E-4, 3.09354930529477E-4, 0.0015784786525100897, 8.059841551253781E-4, 0.00120982754111109, 0.0012410072138871442, 0.0010528592314848423, 0.013775325214647582, 0.013212516073435661, 0.014657314003896704, 0.013422415150475167, 0.015275081484119888, 0.014130604248893541, 0.015888060629534177, 0.013571785056501081, 0.013732423105000882, 0.012037762402011083, 0.01036115328364773, 0.007189463224901457, 0.006570006643841382, 0.0029808702416788445, 0.005785643427876923, 0.0037589264994976218, 0.00506844007939475, 0.003524941912776542, 0.004165944355790912, 0.004048643260289447 ], [ 0.004133912237666434, 0.004480896488089664, 0.004193494730584397, 0.0031292678542463545, 0.004973802653479626, 0.002110659781413092, 0.005309918432493386, 0.001646833383145105, 0.0031558109235574417, 0.0023135548549790544, 2.642422901361633E-5, 0.004189741491013522, -3.0151659113103804E-4, 0.0013188970263261887, 7.925612217828131E-4, 0.0029677832082946705, -3.1834680919818627E-4, 0.0023977620821386725, 4.303174439056009E-4, 0.001709821618284188, -0.009735848257914851, -0.009417410274392342, -0.008995270180651747, -0.00953845947868236, -0.007345835093854319, -0.009187527773984457, -0.005864909917014304, -0.00716431164433091, -0.006806109681802156, -0.0038179958983449495, -0.009497916962808663, -0.0013686648983148475, -0.00967728757589823, -7.049228802150666E-4, -0.005500105816239281, -0.0016790778342020312, -0.002995493323422483, -0.002661212276788307, -0.0023273845455686936, -0.0024996510286471253, -0.009804944757044907, -0.010491959477601467, -0.00934256299028857, -0.009294383405807518, -0.008917027754726014, -0.008272837128257078, -0.007455318372117188, -0.006078262719641676, -0.005468654336756734, -0.0043084946519066445, -0.0027932870144789877, -0.0036962643216932856, -6.014530252354674E-4, 0.004053881286832517, 0.0013833193898612254, 0.003314637387297746, 0.004672621701087245, 0.001970088133280971, 0.004095560939609603, 0.0027528676498003476, 0.002123708894049116, 2.2192501053134645E-4, 0.00127118047647845, -6.769323673544165E-4, -1.7041183400968757E-4, -0.0022097692917888365, -0.0019586107684696303, -0.003827054187385079, -0.004594034256499938, -0.004444117234167928, -0.006290684802887027, -0.006995360409551893, -0.008158305853411575, -0.00911057383438171, -0.007643753500380356, -0.010149754797517185, -0.007460339902872084, -0.00842585517916222, -0.00736770992232337, -0.007757444117073905, -0.0012266627158129617, -1.860952214610871E-4, 5.150849789789999E-4, 0.0010345186262540559, 0.003412909747919034, 0.0032115036002732206, 0.006537949255652, 0.006296795579863182, 0.006974140435519191, 0.0074046420015211655, 0.0059444298221164316, 0.006642602751525113, 0.0033262498527321873, 0.004508994909865234, 0.002809435653232972, 0.0029050822898421163, 0.0027964719926990883, 0.002600327164437723, 0.002661999166108326, 0.0025492488367939246, 0.001782659988825325, 0.0029125605043233836, 0.0019454644087385055, 0.003128163323825579, 0.0021789557065019743, 0.0030522182559521395, 0.001073774469433614, 0.00157759408364656, -7.051397590577743E-4, 2.7390771139035737E-4, -0.002466407703496393, -2.4643312854046885E-4, -0.0028288697273783753, -5.011303508595516E-4, -0.0022488279047584376, -7.678989411350853E-4, -0.002105467260095732, -9.757757448197544E-4, -0.0015564189936812477, -8.974117107567136E-4, -6.235720602705795E-4, -0.0014238569187650485, -0.0010186500305266308, -0.0015108734739259215, -0.0021890666777681124, -0.0024230140035275518, -0.003259647645007832, -0.003546632140429774, -0.004750763340370363, -0.0041596979233222645, -0.005320166419993793, -0.004226951655710542, -0.0031702851311925, -0.0010303591192233133, -0.002017890102587276, -7.121885171500666E-4, -5.223969912965936E-4, -0.0012672258989482326, -8.613058163705951E-4, -7.586938722527263E-4 ], [ 0.005380437361474743, 0.005648921267334433, 0.005055497292464022, 0.004969178857726799, 0.004407054103350687, 0.005758103159321933, 0.001646833383145105, 0.006643283333580138, -0.0025979893302981887, 0.006751678646327839, -0.006288846340457392, 0.006788745055070021, -0.006976323875635105, 0.004156504273482124, -0.0025636090748363837, -0.0020312242485240285, -6.751572029777177E-4, -0.003676205972171523, -7.914571897899129E-4, -0.00284827722809605, 0.0025197008289725518, 0.0017809562888406382, 0.0027965931345290632, 0.001242678542380105, 0.0019338943652721105, 0.0027044962228979274, -5.088981440646882E-4, 0.006237250692864061, -0.0031666673427843224, 0.008411279243278948, -0.0062436215094406194, 0.010199074707878928, -0.005506321224964549, 0.005106487843366565, 0.0034476904004622317, -2.709121946798395E-4, 0.004340447687838083, -0.0017886736674921602, 0.004146237419190863, 1.303775934708868E-4, -0.00578646395891154, -0.00715602964529282, -0.005180280363605828, -0.0070615331495676404, -0.005383000264495433, -0.0070851918599281055, -0.004895235595502631, -0.005374561506945531, -0.0012817466098174455, -0.0027214546084302947, 0.00302558625710948, 9.3645737929187E-4, 0.006237120559684253, -7.208836658012256E-4, 0.007759559992345575, 0.004134782842022848, 0.005660175981751922, 0.003827625286706662, 0.005422134190808673, 0.00442840004775389, 0.003983928628009254, 0.002631420695719574, 0.004949275812605659, 0.0018448164441912864, 0.004752188921980361, 0.003288430840271181, 0.0036490663148311757, 0.003407241615098, 0.001400765917815518, 0.003081281643520565, -0.0015958089907003857, 0.0028232095443380388, -7.903719073652448E-4, -1.1594875094200069E-4, 0.0045823456144355006, -0.005042256709656254, 0.004327407353584328, -0.003572931022044964, 0.0028946780432414867, -0.001053535602789505, 0.004675373787839032, 0.0038803832703032644, 0.003984169413501137, 0.0034674316690199436, 0.003564640060665211, 0.0034112178999730863, 0.002501195382367945, 0.005162155249957076, 0.002739660130419912, 0.006223041442748989, 0.0020359310017399068, 0.006759318254865407, 0.0020639165454604427, 0.004736362264519073, 0.001251617043791519, 0.001946921784396519, 0.001906711217940668, 0.001184086079504246, 0.0018635334720401983, 0.001381479086493601, -0.002789966073503057, -0.002360282897758546, -0.0029375248049527177, -0.0021133844740990164, -0.0029490900999229316, -0.002067614488521128, -0.003180844918178623, -0.0017910600298804828, -0.004056239460090104, -0.001709919097699953, -0.0036737654740045763, -0.0010334074923124387, -0.0037213942805860746, -4.4946037925560164E-4, -8.935137333471276E-4, -3.296976411347613E-4, 1.980760090703667E-5, -5.323236649334272E-4, 3.6969915094310906E-4, -2.5831580120299323E-4, 0.00847665581105745, 0.007951758234639018, 0.008779599850800861, 0.007711397375746313, 0.008514892224441822, 0.007859563960501841, 0.008603738846367783, 0.006863058345537094, 0.007250417237020656, 0.005465794325151712, 0.0053405192377140205, 0.0023327453928392106, 0.002690634765535573, -3.7562573967595393E-4, 0.004894376487039852, 0.001097760955250444, 0.0038269891000417763, 7.317134332843726E-4, 0.0028751230229301715, 0.001773527958106209 ], [ -6.61037223719138E-4, -2.5143056839255955E-4, -2.3886467041507077E-4, -0.0010872898874349736, 9.554660332856108E-4, -0.002069916443147796, 0.0031558109235574417, -0.0025979893302981887, 0.005012190266849879, -0.0023754062649905786, 0.00606588941579401, -0.0010478125484169156, 0.006283980218512752, -4.843755061331239E-4, 0.004316932130364965, 0.0035433016272729484, 0.002690208099025101, 0.003809026993191708, 0.0030772030482230724, 0.0033853709433361127, -0.013032045300671303, -0.012512289413373245, -0.012331311825947627, -0.012230609226608926, -0.010208846720177002, -0.012531691522362071, -0.00768098823278763, -0.012776379718334646, -0.00588758103680114, -0.011528948470111227, -0.004584331879987694, -0.01057049187272294, -0.004956705689394924, -0.005074554673451452, -0.0073129846990602765, -0.004904494358201561, -0.004289639751597013, -0.005266734097082632, -0.004344981728719725, -0.004969804428120176, -0.004775187305972293, -0.004837905778692739, -0.004740338169903229, -0.004139220851847313, -0.003998524586072391, -0.003966657383759471, -0.0029299959371622266, -0.004126981705556218, -0.004082387670186152, -0.004573950306486456, -0.005563866379651629, -0.005216049427666269, -0.005613842992464295, 0.0029093709456081947, -0.004442172310078852, -7.269637817781976E-4, 6.282601971933177E-4, -0.0022604335362509816, -2.3389765352090636E-4, -0.0012488658060026323, -0.0014677652566673473, -0.0024274702109509418, -0.003951186122718999, -0.002346510735431428, -0.00575563806252251, -0.0047653923761521895, -0.006800262097214436, -0.006395742558096095, -0.007052844737072274, -0.007944981782043089, -0.005597042729917165, -0.010283870002562305, -0.008491664259145083, -0.009422682512484093, -0.012709195789462256, -0.009075446198942351, -0.011055354906294355, -0.008821483964700269, -0.01039315059395742, -0.009075997388479718, -0.005724329146747578, -0.0039411576279706935, -0.002762897963330777, -0.002814256527851716, 8.046785558640415E-4, -7.527000719804966E-4, 0.00434482585863435, 6.283806333543645E-4, 0.0046306826752100854, 0.0016936663860931617, 0.0037900913641979997, 0.0010780848728410661, 0.0021260837429646798, 0.0011747485741652513, 0.0024217087241560045, 9.267301317022615E-4, 0.00237305372035545, 9.651819904997769E-4, 0.0019760418290202405, 0.0011760023549060687, 0.004543380170826428, 0.005358975569026615, 0.004990029354718351, 0.0054603620671083725, 0.00525758602202704, 0.005677800621962621, 0.0041457119345760275, 0.004425496037201717, 0.0028415706115063307, 0.00274577897662609, 9.582613038121262E-4, 0.0010476504895761834, 3.6051316287104184E-5, -1.4993545052645443E-4, -0.001149385162067549, -0.0010701115254415062, -0.00142760301349865, -9.122089009670109E-4, -0.0013439166170358128, -9.273389928271321E-4, -0.009434120631981145, -0.009752743328633965, -0.010274601373222872, -0.00946600816310891, -0.011188296873532556, -0.010398210240583686, -0.012133256406250448, -0.010284000911823046, -0.011486161751601767, -0.009832307707505466, -0.009115958651007904, -0.006024077600419201, -0.00631414115755855, -3.7184032355969143E-4, -0.006307201127094675, -0.0019287404512149504, -0.0038119367361411044, -0.002861663123102808, -0.003445009856969135, -0.0027593173903747836 ], [ 0.006016259251333322, 0.0061408625347515264, 0.005587491394484606, 0.005178251405179642, 0.004976782997211516, 0.005407134729699414, 0.0023135548549790544, 0.006751678646327839, -0.0023754062649905786, 0.007854863516606298, -0.006498937104214641, 0.009420317957168417, -0.006685201750368331, 0.00562941982111756, -8.5660681389951E-4, -9.508824270546257E-4, 6.580016819151404E-4, -0.0022439624698576506, 7.412822765995544E-5, -0.0014964229963103023, -0.004350916168485395, -0.004589787056110521, -0.003800886638621135, -0.004791253453809876, -0.00424102917262677, -0.0025040355523184214, -0.006939026689431168, 0.002421403994712441, -0.010057441685595518, 0.00617491838517781, -0.01350904200845746, 0.009111184470721118, -0.011786563760888852, 0.002546535691292662, 3.4375612791026064E-4, -0.004361703497126231, 0.0017262150844711526, -0.00538279079167588, 0.0012661013348259466, -0.0031922135695906075, -0.009013979665337268, -0.01022259005068511, -0.008089313040471285, -0.009773536928143695, -0.007960296180475336, -0.008867419636899765, -0.0072031241983624835, -0.006423443025554342, -0.0030980333715687784, -0.0038985705124945647, 0.0016120299644339527, -0.0011574310290596835, 0.005003036282530913, -0.0022492196080400894, 0.008105758624917397, 0.0035795653794649957, 0.005673989663060604, 0.0035672256896339656, 0.00578712780294825, 0.004183792656919949, 0.0030599866529832324, 0.0014936528080338428, 0.0032078933567014434, 5.085284307883073E-5, 0.0017611177996495276, 4.5245180767698766E-4, -6.172925804907162E-4, -1.3443913316127072E-5, -0.0037612529139243794, 1.2533024230059918E-4, -0.007339763526445524, -0.0012872511327007908, -0.006442899542328018, -0.005966505740431446, 1.734725118434829E-4, -0.0125935001934361, -2.755692780523636E-4, -0.009740214783302498, -0.0020578906669363006, -0.0064465122395382215, 0.002475425835652236, 0.0025072622150652617, 0.0030469034440082842, 0.0031632622917048703, 0.004536176380119986, 0.004927802380819735, 0.0048110599907326135, 0.00850524266588191, 0.0054393572796944505, 0.009859049332032436, 0.004215284006428719, 0.009792755829214475, 0.003381786550931709, 0.006589332008671537, 0.0023867090251571696, 0.003131210071894582, 0.003100670785902507, 0.0021798815574192824, 0.003072391565292685, 0.0022805748331516276, -8.785589936020626E-4, -2.0234093465068174E-4, -9.357257126882204E-4, 3.330174732438178E-4, -9.304360006555032E-4, 3.810208710861628E-4, -0.0018504380363707686, -1.2115429419729912E-4, -0.0036603327958445934, -0.0010824710027013311, -0.004127042727998277, -0.0011811155760609033, -0.00508283957871853, -0.0010929025024414953, -0.0027292934165004117, -0.0015314426826052395, -0.001412424173668449, -0.001919657574110664, -9.132900541799985E-4, -0.0013872492779102542, 0.004606119170857277, 0.004102533630471155, 0.004531342039812976, 0.003444875837398018, 0.0032836213355734193, 0.0027948902720773125, 0.002608852477338717, 0.001014503493539067, 9.055552805596936E-4, -2.191613579039409E-5, -4.3341887000605405E-4, -0.0025290829633464146, -3.142968576782736E-4, -0.0036662744753833435, 0.004006164669832119, -0.001398361877578874, 0.0027445382111813566, -0.0013756958432200193, 0.001675290615929484, -2.637047740149497E-5 ], [ -0.006269497397796711, -0.005826294892597874, -0.005316536178181259, -0.006046631010939409, -0.0038353979931601834, -0.006493719329707169, 2.642422901361633E-5, -0.006288846340457392, 0.00606588941579401, -0.006498937104214641, 0.012391968042074328, -0.00598090315522351, 0.013639873701955858, -0.0012298328082640374, 0.00926149515357236, 0.0034111611979636197, 0.007629289001713136, 0.004503865450187621, 0.006882611651440165, 0.005054678873170883, -0.01881780561118617, -0.01779074672773324, -0.018204357680637114, -0.016779901366046505, -0.015878264663337825, -0.017281871518223364, -0.012597291760971947, -0.019783863750108273, -0.007495996721965407, -0.020937780172783367, -0.0010223981306545903, -0.02137163292922466, -6.690300700656357E-4, -0.011825783904179711, -0.009110841889404628, -0.011674752983320888, -0.005288410182635465, -0.011310297242951524, -0.006768993611480403, -0.009805112700492948, 6.611052028469996E-4, 0.0011835519914155104, 1.9316954564028012E-4, 0.0012401146348843001, 0.0012482964372319996, 4.592791325948092E-4, 0.00186638609349545, -0.002699070770489192, -0.0022945848113422674, -0.0056323430806003005, -0.00857160915999267, -0.006964691241570435, -0.010995787642931593, -0.0012657726836416586, -0.010459732107991173, -0.005508904701191112, -0.004305359531275639, -0.007533709914996293, -0.005245452948835165, -0.006089720295317138, -0.005728853050512694, -0.005910272092688025, -0.010392026427826578, -0.004954969441626408, -0.013329516664121873, -0.008530504239963675, -0.01414961537091682, -0.010405581369149134, -0.011627874253270413, -0.013222716994001097, -0.006706296994217584, -0.015286062563770977, -0.009925110647785524, -0.011405736845027525, -0.019327796801038955, -0.010993128919495415, -0.015801876383432452, -0.012323941341295563, -0.014432012187870897, -0.012787019422341901, -0.01129320817883878, -0.008694057571090461, -0.0065527970404798816, -0.007365345636006624, -0.0018262875478501518, -0.004884004087977003, 0.002331732940482333, -0.004862165170090533, 0.0026181057388536284, -0.0035246903877456147, 0.0019292805062178404, -0.0037032466900450093, 0.0016133528683006408, -0.0018364736999481608, 0.002296953340933085, -0.0012834616428583916, 0.0023867190260449477, -0.001061344322457069, 0.0014682116871757322, -4.636652930178665E-4, 0.007842029215225208, 0.008591776059998397, 0.00863606741688985, 0.008820384008316121, 0.008923162437941381, 0.009447504334991851, 0.007701323370460913, 0.008200423339304218, 0.006704210625046277, 0.005685879144214608, 0.004594920364735018, 0.0018121327754210105, 0.0021517509936941222, -9.796877991612488E-4, -5.501197802381216E-4, -0.002598456763210305, -9.105762768824699E-4, -0.0017197381535770456, -0.0014717947463865066, -0.0015585932048912785, -0.02065569349383068, -0.02039933247863269, -0.022249003554323944, -0.019922515090700584, -0.023281099516125597, -0.02101582227627719, -0.024267361638184368, -0.019848142122579363, -0.020817330881379117, -0.01832719304105412, -0.014915899026395275, -0.009994178483941726, -0.011654088974354927, -0.0015958406283069857, -0.011092705591102238, -0.003901407501612746, -0.0077400492628241085, -0.005585577222107023, -0.0065838065232000165, -0.0057385552380490356 ], [ 0.007104730874123899, 0.007557427999350768, 0.0066198474732753155, 0.005686070912310486, 0.006362641809131267, 0.004874533464308903, 0.004189741491013522, 0.006788745055070021, -0.0010478125484169156, 0.009420317957168417, -0.00598090315522351, 0.013757412105713176, -0.005478871623485024, 0.007932993627777057, 0.0025014969702400725, 0.0013466311135080494, 0.0029678181282601817, 5.016891269618137E-4, 0.0018540825973243314, 0.0010012811024770597, -0.01660406435148031, -0.01614611616244698, -0.015501038740331976, -0.015773796955084008, -0.014841204270958096, -0.012414645377160801, -0.017457145839349413, -0.005341033124281799, -0.02112065595374258, 0.0012334293140648892, -0.025430260579381525, 0.006288734844532766, -0.02238512719232949, -0.0012717063414290238, -0.004718971739520038, -0.01154581217620418, -0.0026519371887295624, -0.011159537120099788, -0.003634232127447041, -0.008719116249397073, -0.015041579831723868, -0.01638250396871941, -0.013629801053252816, -0.015110058362861903, -0.012843489920420082, -0.012819566958016587, -0.01132566207537635, -0.00919026389710683, -0.006450040175289037, -0.006815839549338726, -0.001108388054377498, -0.005359564294933643, 0.0028351807465125728, -0.0032202199368666796, 0.008730680518712017, 0.0026630364707776093, 0.006551434877550424, 0.0030315833702917513, 0.006938772414647474, 0.0038849899292349157, 0.0019294461821868709, -6.017429108890951E-4, 2.5227296842966545E-4, -0.0028673277837937185, -0.0034368120784863173, -0.0046229571141504985, -0.008047695171270646, -0.00608731554075457, -0.012815821954502643, -0.005417078262901297, -0.017235294558587577, -0.00920113933458346, -0.017065284782609998, -0.016334365050722683, -0.008416910523922141, -0.02604636647335388, -0.00887199966845578, -0.02032317622969304, -0.01155729742833669, -0.01593736189965711, -0.001623821436177083, 6.76668825708677E-5, 0.001419908709421915, 0.0024540161216236333, 0.006448971881803132, 0.007401503040986888, 0.009388268379977152, 0.013914195356293955, 0.010699291936799363, 0.015740384878532156, 0.008213219382911197, 0.014513753455499396, 0.005704606003964102, 0.009738911161662872, 0.004810979278102