{
  "weights" : [ 0.6891418216637535, 0.6908969421670705, 0.6835535612764149, 0.6912233558432551, 0.6723926155368307, 0.7004128180606547, 0.6771015265813491, 0.6961501500704473, 0.6944057748599114, 0.6727133253383122, 0.7139083611634248, 0.6531319988940774, 0.7024102785949353, 0.6264491937042435, 0.6760822933597982, 0.6112036746554482, 0.6448171020704571, 0.6125169174257818, 0.6346344566360685, 0.6145431330468042, -0.2418339787352505, -0.25446230182841684, -0.2418329277036272, -0.27987287391453164, -0.2780890251660549, -0.3033150002282624, -0.29913993643059317, -0.359765025318102, -0.30156862610888097, -0.43317470257544144, -0.30241127866951534, -0.4603944759786771, -0.35098379624512294, -0.453070009294984, -0.3756468920461219, -0.48283411454023345, -0.4105364713942135, -0.4573962939412225, -0.42617595775752304, -0.44090507689597896, 0.6075667394470777, 0.5862574797013868, 0.6150159600836008, 0.5724362168878954, 0.5984443255651516, 0.5548516894650442, 0.5763085803539113, 0.5232214026659862, 0.5534494875565454, 0.4813503821460771, 0.5318095868912638, 0.44182875455064174, 0.5397703175117736, 0.45091876658315144, 0.5623442411678389, 0.47346835475438986, 0.5391196321210889, 0.5040553151747061, 0.5289878216002886, 0.5274699171778905, 0.001108253041102981, 0.004326169362780181, 0.031580472058389764, 0.02223704583506364, 0.06386441411612583, 0.09047985224135964, 0.10249696473529907, 0.14130705962200268, 0.16229677766519346, 0.19234196270826134, 0.22246292382235755, 0.22407376999227135, 0.2535754348406431, 0.2336957955860713, 0.26134295337467056, 0.21884367370083835, 0.23856071217287056, 0.25400422348003926, 0.23150740083430055, 0.26047528072354803, 0.8784299553377218, 0.8702878187573515, 0.8292559173150595, 0.8117436848728249, 0.7469894731451932, 0.6967439257423673, 0.6339641273190285, 0.5528380145105165, 0.49031155461957826, 0.3895405494869731, 0.36383340311387563, 0.25271967216070607, 0.22839622343215055, 0.15316474378331554, 0.15570232942178835, 0.11923545627069483, 0.1361563957408099, 0.11953429220467654, 0.12922724803838406, 0.12445220427042786, -0.44210397074888874, -0.45538484234381865, -0.4499586000225604, -0.4654207766584434, -0.4622524429322057, -0.4744330837494943, -0.45645412951218095, -0.4660626701996969, -0.4191555303900618, -0.4291690730279181, -0.361538881735415, -0.350726463606207, -0.2873965177247802, -0.24469684618099213, -0.22825360889803192, -0.18870178993181475, -0.1611942667508228, -0.1629763477728906, -0.14393338071459988, -0.146341512171901, -0.35886594745518224, -0.36805578430322716, -0.3373766599485704, -0.3545743139118122, -0.3198132996880535, -0.32219371324063767, -0.28653452069124963, -0.2814104478750205, -0.22613797375783573, -0.22282222197547666, -0.1580699823054913, -0.15516597465916082, -0.07014195932877992, -0.08219326977922914, -0.016371010736775913, -0.0449654039658072, -0.022514257356502847, -0.02020524505357536, -0.02303072761173747, -0.01517875825463363 ],
  "covariance" : [ [ 0.010468339901478009, 0.010236452424642693, 0.009346278922844353, 0.00941358569120898, 0.007274681766633079, 0.007789951861202154, 0.00574669468300924, 0.004647354144704651, 0.006205911872646829, 6.970990887394162E-4, 0.005453139045503582, 3.988560768775777E-4, 0.002357551953687042, 2.1752165494656002E-4, 2.21276618212251E-4, 1.0055745872391284E-4, 5.216175961352601E-4, 8.503244048717301E-4, -7.16413219153667E-4, 9.589639573567314E-4, -0.006899850959539065, -0.005144102402903309, -0.008837342623668122, -0.0056002221345902116, -0.011806189017406953, -0.003753837166939264, -0.01039240937985208, -0.005931960535944789, -0.006299315482890453, -0.007682185365455604, -0.004834044873283116, -0.004293061699824198, -0.004394390097376013, -0.0010465584772084333, -0.0011723375838957814, -1.6971745143223166E-4, -0.003287162683813169, 0.0015183611596354296, -0.0019294050827937588, -7.944916694009986E-4, -0.012132047385824197, -0.01024364689917091, -0.012190616667652832, -0.009973372128498319, -0.012666393930323998, -0.00816288612609006, -0.010400179442015411, -0.006940775122551939, -0.007564813700483058, -0.003304178895396073, -0.005300048177113978, 0.003234469002707978, -7.742795696366165E-4, 0.008965907135698909, 0.005322208270496098, 0.007616820355395592, 0.0045972674284110995, 0.007289129797409447, 0.007359642167156635, 0.004998237400084106, 0.004474241240173496, 0.005394759936277926, 0.002843638647594901, 0.00573302757494395, 0.0018708952871211656, 0.007002568040392411, 3.149690704066081E-4, 0.0037604983735335523, -0.001878347708498772, -2.651696831025025E-4, -0.006096303734727891, -0.001624409796730934, -0.011680043369227337, -0.005187385679473629, -0.0139123109193575, -0.006556402359628311, -0.012652182049341432, -0.006462606275635207, -0.009103604859970246, -0.009633660086711899, 0.0037920273645243516, 0.004309713546581139, 0.0021909855689028227, 0.0042522888710170535, 4.6929329983757444E-4, 0.0021997421008900916, 7.110463469662746E-4, 1.6283902231239154E-4, 0.0013235421708893127, 6.577076345720238E-4, 0.001668750528571015, 0.001333273687497596, 0.0021344941949321887, 0.0017887016637909696, 0.003638154834623621, 0.004229139785541535, 0.004357405406759407, 0.004261567357020452, 0.0035027497753401327, 0.0038860489594751335, 0.0011432730804206515, 0.0013937161996406397, 0.0020738837341141036, 0.0016246946033535636, 0.002136006598305045, 0.0026098211635450803, 0.0030632675275805827, 0.003454758298381545, 0.0047880344955691, 0.003176094770978589, 0.006010222690041419, 0.003041947522956141, 0.006352172278508413, 0.002053011689128195, 0.005795219907410697, -1.0569458384525202E-4, 0.002409659508420602, 2.6921116476226584E-4, 5.655661852304438E-4, 2.1678383959624012E-4, 0.006790137163479369, 0.006642752359876965, 0.00610280294967885, 0.005445429696535635, 0.00470761334008413, 0.005760371347284411, 0.0040278074209839365, 0.005273445073368396, 0.0038602821232214574, 0.004852226948233398, 0.0032431094312750874, 0.005348457261728233, 0.0031839812652895176, 0.0048929603145893, 0.0026547912273237675, 0.0020883704933361523, 9.990870666924331E-4, 9.019011082423645E-4, 0.0019843359855966176, -2.9231376026081913E-5 ], [ 0.010236452424642693, 0.011419612630576738, 0.008909241776779982, 0.010413038077136257, 0.0066687908850102335, 0.008990289966301631, 0.004337291243506026, 0.006211221249076566, 0.004248991505758224, 0.00268574657088625, 0.002957609376678644, 0.002130324813755676, -5.728080467712663E-4, 0.0014516330585541506, -0.002173041100592029, 0.0013292398416528302, -0.001520669319126872, 0.0014657346146000859, -0.002038796007131693, 0.0010174672138182576, -0.0056179132658604, -0.004725204966515183, -0.007062777049525338, -0.005158904084303202, -0.010071599505793939, -0.0028281927191650532, -0.009752487751649472, -0.003601741362191872, -0.0065690059345332695, -0.004013509686169019, -0.007087029230153288, 9.822348782257274E-4, -0.0063548870662546945, 0.0033679249257632113, -0.0014224653392404963, 8.82389458377276E-4, -0.0014228899998492243, 0.0016025433594221037, -3.4387058320719133E-4, -1.22835121161729E-4, -0.011689388330793082, -0.010644858113976833, -0.011938379001199383, -0.010234687183808442, -0.012572102228538811, -0.008143161851607197, -0.010616017693887677, -0.005927070277751627, -0.007992911748450293, -0.0011957614095905655, -0.005818163411431586, 0.006608869940550976, -3.9849096229343584E-4, 0.012029291053277366, 0.0056707004621593705, 0.00841696631886686, 0.006576257663117159, 0.007147883412419795, 0.009118674723589383, 0.005331667917485699, 0.00556611007564244, 0.007098855953538897, 0.0037055698247188277, 0.007208894236570177, 0.0028436618448355825, 0.00816242833337066, 0.0016249369790468857, 0.003999766496785957, -6.048476631846073E-4, -7.766288478322987E-4, -0.005479327819521364, -0.00199855428241205, -0.01131864889770385, -0.004444624214835952, -0.013034025491478895, -0.006304684545435896, -0.01069443815333903, -0.00641934438637727, -0.007641097447827425, -0.00934533857948002, 0.004751301781877511, 0.004635051761531647, 0.0032436688195469675, 0.004361348500613449, 8.80781296234533E-4, 0.0022511834071082763, 8.742371215986677E-5, 0.0014039898082420406, -7.796057312658888E-4, 0.0030367930824586904, -6.223330287298802E-4, 0.004261934317644493, 3.7107283235576603E-4, 0.0034485595101268317, 0.003165324306005992, 0.00456222403862443, 0.004250165781304057, 0.004263899818696172, 0.0034613438911721443, 0.0039054669096350533, 9.597136874870682E-4, 4.118498580952643E-4, 0.002046209112816244, 4.161745881763342E-4, 0.002107403319236982, 0.0014073417620867799, 0.0029272238256858292, 0.0026868519202814427, 0.005064553008766773, 0.0022797970090393128, 0.00596555834123401, 0.0022363830982645183, 0.0060283739986062585, 0.002051247227992547, 0.00515141984186212, -2.688754155426591E-5, 0.0021002586458128782, 1.041504192192039E-4, 1.9415031556632757E-4, -8.105479752549161E-6, 0.00884174435115152, 0.008576732493554498, 0.007959117561665206, 0.007417109443712024, 0.006610272373895647, 0.007814302935160446, 0.005969854537269375, 0.007254908734770926, 0.006074896118052895, 0.0067083729614663586, 0.005077510979078912, 0.00710853508977674, 0.00478483970160579, 0.006289748951930301, 0.0037794483111046728, 0.0024293756109677322, 0.0027765958981067827, 8.216410854334799E-4, 0.0035107696594177313, 3.9558390788548144E-4 ], [ 0.009346278922844353, 0.008909241776779982, 0.008474214360226977, 0.008129802980962912, 0.006779917861832855, 0.006577413977946021, 0.0056878300704099735, 0.0037074324875288906, 0.006212785648020465, 4.520247353648335E-4, 0.0054288607865698385, 5.551182986273367E-4, 0.0025606641966837915, 4.4478257958217946E-4, 5.367690382827523E-4, 2.349899181379088E-4, 9.201759252100749E-4, 9.416518537121003E-4, -3.313204975582155E-4, 0.0011674736865285966, -0.006942364988780444, -0.005723469371198451, -0.00844816515929697, -0.006250208948615584, -0.010875713752400953, -0.00479036800980346, -0.009249754719086862, -0.006990653157197119, -0.005618963100176282, -0.008266881345400923, -0.004506531901333245, -0.0050415661569899375, -0.004378731659271149, -0.0018982865875608037, -0.0011489893169351261, -8.773919064347577E-4, -0.0034464231790488076, 0.001061081850727309, -0.0024537627085318, -9.810242316888422E-4, -0.01093204610295358, -0.009417357223091661, -0.010828463192237738, -0.009236262572579155, -0.011162553543672415, -0.007652624459912048, -0.009079157515785351, -0.006752398082038661, -0.006761912517812489, -0.0037385583390078256, -0.004850799724474824, 0.0017608817214368807, -9.874072581135596E-4, 0.007294981389895186, 0.0048593850327030156, 0.006455672862468414, 0.00372984706918709, 0.00656833699045843, 0.006125854393261017, 0.004418971200616453, 0.0035462427495289955, 0.003975404099700593, 0.002127832111012639, 0.004235741160706948, 0.0011257912615196864, 0.0051941633571977045, -4.2632508469228505E-4, 0.002437911775343606, -0.002289774089065667, -8.227626351576668E-4, -0.006093508452566876, -0.0017987080110322365, -0.011328238873690142, -0.005342209930809084, -0.013135601212573636, -0.006929049429212231, -0.012130837110672728, -0.006665306702849965, -0.00916133313546249, -0.00939203704222985, 0.0029508660096195767, 0.003369314434225462, 0.0017560954003414803, 0.0034491178183597955, 5.565139560639637E-4, 0.0019261376482583889, 9.671488822178562E-4, 3.4592290190855194E-4, 0.0016855393524039374, 6.930448329428264E-4, 0.00188460167906224, 0.0012490000895491852, 0.002050767358799944, 0.0015571437181439367, 0.0033018111502194024, 0.003919642941253249, 0.003949261451994663, 0.003988060961423285, 0.0031541852015999263, 0.003610798684414671, 0.0012980493272448045, 0.0015907264851117433, 0.0022326614010949996, 0.0018411287224408541, 0.0023613416919190788, 0.002695234006075075, 0.0033380426037628395, 0.0031977761082587525, 0.004781471248166274, 0.0030256994039444193, 0.005827873648884678, 0.0029169656215342864, 0.006048680432866296, 0.0020199216213287346, 0.005455730043393309, -1.8602418583296004E-6, 0.0022067849859654723, 3.3847955427203857E-4, 5.21497015542699E-4, 2.0852970421420935E-4, 0.0050271245654636264, 0.004787863654955014, 0.0044589291792811216, 0.0036550185313882744, 0.0032204867310256743, 0.0037620027175193993, 0.0026797205063894183, 0.003148814077892959, 0.0024360750139347897, 0.002920235514023219, 0.0020670415805800787, 0.00354400694403153, 0.0023269837275125263, 0.0036412619375681436, 0.0021940978068602486, 0.0014269182873290504, 5.079157232760795E-4, 5.942935067186303E-4, 0.0012910700095908492, -3.014613007021015E-4 ], [ 0.00941358569120898, 0.010413038077136257, 0.008129802980962912, 0.009780248076266462, 0.006097293042226103, 0.008635932941563042, 0.0036346168639299313, 0.006255140271931238, 0.0036926786449269274, 0.002477943570876101, 0.00314216929654604, 0.00153059232401555, 3.906195177826281E-4, 8.97254907343661E-4, -0.0012169726769505717, 0.0010206225019826947, -5.199493710815188E-4, 0.0013784032330975702, -0.0013747832115035149, 0.0012631061425367976, -0.00752697509593435, -0.006219315853336059, -0.009281502179103973, -0.006376185793455868, -0.01253213604642801, -0.0037569705588950033, -0.012963591477023478, -0.004157048562421769, -0.009706329047552222, -0.005163968465539156, -0.008709110776728406, -0.0017596995971504523, -0.006628825144589816, 2.0911823908631964E-4, -0.00189919293271833, -0.0010413601396891381, -0.0023452251359430557, -2.2259644380669602E-4, -0.001424714557782236, -0.0015292340116310082, -0.011584588157102761, -0.01023604154645929, -0.011956025161569055, -0.009921060177595593, -0.012895064858319833, -0.007917169372146576, -0.011281039487442992, -0.005929986616815179, -0.00868944609268928, -0.001594137423565547, -0.00623725555976256, 0.005267542387742494, -6.400487960012488E-4, 0.010168004946097061, 0.004979535939148724, 0.007515168753977291, 0.005386280650316556, 0.006644496230271347, 0.007807221586814627, 0.004814145582185049, 0.004559377590683545, 0.005892415303550544, 0.002699711794749343, 0.005996303333415167, 0.0019058342206708554, 0.007002135549454738, 5.958350470463373E-4, 0.0033929540281006664, -0.0020948378303956646, -0.0015067257909516262, -0.006432792049431245, -0.003702966464865263, -0.011493013600915878, -0.0064983095741797895, -0.01301293556271518, -0.008224219684587962, -0.0114043712046723, -0.008500988966285834, -0.008360368449093908, -0.010793183882497712, 0.0034035446616241805, 0.003720617601459777, 0.0019112706122034662, 0.0037337422916950613, -3.2842968601636E-4, 0.0017450815398712314, -8.825014578826311E-4, 5.270633378709193E-4, -8.987744592929643E-4, 0.0021325578380593734, -2.2861851052562317E-4, 0.0032070540238316935, 0.0013439587099705172, 0.0028431148452218273, 0.0035460766519404456, 0.004370544841675831, 0.00430993971900983, 0.004255762374218811, 0.0035262145508856693, 0.004007109892077845, 0.0011587402796271206, 0.0010905363574884226, 0.0022271108668253984, 0.0012885113976764675, 0.002320566170381115, 0.0025227168809381488, 0.0029713404771261765, 0.004079098842724079, 0.005004272092981623, 0.003592513244255864, 0.005894765586672962, 0.0032647673863385974, 0.005647361059748123, 0.002360791084996554, 0.004901633634939102, -7.917330732230268E-5, 0.0016703485783494494, -1.1878852887111632E-4, -5.0119982690411275E-5, -2.987562097993485E-4, 0.006432103785611216, 0.006206819271632605, 0.005478905053925375, 0.005191686785592112, 0.004098348393793713, 0.005794606087763964, 0.0033872703419175524, 0.005597560106932546, 0.003407840964321526, 0.005052033488622251, 0.0027192240675785063, 0.005395054634265422, 0.002644295613909587, 0.00453037447813268, 0.002203541609590032, 0.0012957237696315236, 0.001271254557269163, -8.21837202542627E-5, 0.0022440491902299634, -5.793363930445552E-4 ], [ 0.007274681766633079, 0.0066687908850102335, 0.006779917861832855, 0.006097293042226103, 0.005995481634491772, 0.004603901778595761, 0.0057919656930477325, 0.0022478435866991743, 0.0064650182720875065, 2.015454387021414E-4, 0.005346166992069568, 0.0014300253057919691, 0.0025384531014510984, 0.0016143863223818471, 6.508149385921334E-4, 0.0012027330833937699, 0.001857707084345983, 0.0014040479005333303, 6.015389805796593E-4, 0.0018346780318231962, -0.007788152788551762, -0.007346843534057782, -0.00855075474064598, -0.00840949369261025, -0.00986000653319083, -0.007868193834454022, -0.007664672899840722, -0.01012478831554524, -0.004729236156731549, -0.010100587793130405, -0.0044872977074259055, -0.0065545821267682155, -0.005305088635317892, -0.002675765538312076, -0.002327729832416964, -0.0017582337876204566, -0.00399413757206939, -1.6992385138968E-4, -0.0036022403040989444, -0.0016530648994857598, -0.008979385672914956, -0.008447525646167384, -0.008381349024983253, -0.008874467564366993, -0.008477883186806968, -0.008005208812830143, -0.006559489861061157, -0.0078011855401360405, -0.004990820770353236, -0.005392609507767443, -0.003632597412011441, -0.0014704065343926743, -7.499189491588891E-4, 0.004297215634274781, 0.003950328640439891, 0.0042043558046152415, 0.0022227094750569896, 0.00519712674231648, 0.0037729119978152734, 0.0033707936317288944, 0.0016829413341731179, 0.0014920271359514028, 6.494752775325051E-4, 0.0013957303984661732, -1.2932373630190235E-4, 0.0018782763155320598, -0.0016367359546994146, 2.1770547099729184E-5, -0.003568422514232993, -0.0020587389014636854, -0.006848664332893258, -0.002749970439324537, -0.011868972235544046, -0.00585008665112891, -0.012702303895746524, -0.007916769304661394, -0.011490170825440606, -0.008217165038115107, -0.009577488704783218, -0.009799506696807254, 0.001064083814309769, 0.0014349043495326809, 5.525362110670711E-4, 0.0016900257533786892, 1.1355009787068207E-4, 5.763913905478366E-4, 0.0013019043415826849, -9.128864586294809E-4, 0.002755590055018707, -5.442083202574525E-4, 0.002877224435541605, 5.565829925021559E-4, 0.0024164306490404215, 0.001366248778443181, 0.0029807632136993377, 0.003639987334587049, 0.00340791006563333, 0.003675383311202636, 0.002762845765942667, 0.003311972791683219, 0.0017304583210217702, 0.0023219946331839852, 0.0026404159607131047, 0.0026424204504381195, 0.00295802025422889, 0.003461234240606999, 0.003980844230505021, 0.003777337868683078, 0.004877792095048895, 0.004071503018475963, 0.00526976834298824, 0.004070046254170374, 0.005125414610281301, 0.002900662583709513, 0.0046719283929787594, 5.021137341572014E-4, 0.001770947837131774, 5.501182577825188E-4, 4.1292284576404346E-4, 1.8569467420151138E-4, 0.0013506886384987088, 6.893996193946149E-4, 0.0010911118003984997, -4.3596956674168226E-4, 2.218412454448736E-4, -5.860294230825057E-4, -5.4555970973268336E-5, -0.0010909620466560375, -4.825676885867984E-4, -7.610257081643104E-4, -5.054710868852221E-4, 7.307248359053956E-5, 1.0474846537253716E-4, 0.0011589427600684778, 5.997035834234632E-4, -1.0073281462520591E-6, -8.10911396120194E-4, -2.876887528875736E-4, -2.3410540748190311E-4, -0.0011611288299705664 ], [ 0.007789951861202154, 0.008990289966301631, 0.006577413977946021, 0.008635932941563042, 0.004603901778595761, 0.008169761748258139, 0.0014780374179722989, 0.0066347588041042165, 0.0011744493350868445, 0.0030992569823264805, 0.001391897893909769, 0.0012462199903299205, -1.0039587080527476E-4, 5.9739950358570016E-5, -0.001200767365999114, 2.9931458652013423E-4, -0.0010335740048165443, 8.836629428760133E-4, -0.0018415700298814695, 7.267240641972956E-4, -0.005763073595144892, -0.004037643613556571, -0.007655006699235076, -0.0034166942569312476, -0.011070842782652095, -1.88435627065823E-4, -0.013497558757246793, 7.337789581072002E-4, -0.01129511467484113, -6.432405923132423E-4, -0.009505526299205595, 8.582151705324565E-4, -0.0062805409403899025, 8.949936755016532E-4, -0.0011149910346281956, -0.001138973755421169, -0.0012850423591213567, -7.771690850258878E-4, -3.7553373376298976E-4, -0.0015225668418648256, -0.009656451509491064, -0.008023136421730205, -0.01050275943111073, -0.007182792462692663, -0.011766675708305412, -0.004920486807000464, -0.011013438588869917, -0.002647190424145045, -0.00888499118195855, 9.26530539266725E-4, -0.006566202657092496, 0.006550813741306613, -0.0011988438352160296, 0.009580959658116664, 0.004105327293968333, 0.006701889775697606, 0.004887144557936668, 0.005449836166585223, 0.007197913057505323, 0.004020254930810273, 0.0041467271866586315, 0.005499191394236889, 0.0022799654951189043, 0.005772112738595537, 0.001597367364096004, 0.0067361566323196, 2.9748501607450273E-4, 0.004178466961439898, -0.0022321707807839643, -1.5002371166909222E-4, -0.005676388010508847, -0.0026257986916851635, -0.009110721604800923, -0.00515559376559636, -0.009866613183242483, -0.006987471052846469, -0.008538674057122268, -0.0070692960464216244, -0.0056795587807227125, -0.00891899462895681, 0.003397607737834149, 0.003935407868318516, 0.0018805392502952343, 0.0041145379852128225, -2.993503729012099E-4, 0.0026726436098007764, -0.0014413989355772062, 0.0018906434167890777, -0.0016206989575026272, 0.003117933468158414, -7.834559412084318E-4, 0.0034134127416152707, 0.0010200560083447607, 0.0023666256367160803, 0.002952671495761414, 0.0034023129817711416, 0.0034821532403618437, 0.003288598635372218, 0.0027715580840967247, 0.003142343590820173, 6.247854674258032E-4, 6.850030844380394E-4, 0.0014264895926213107, 8.580296993707172E-4, 0.0013060983687295715, 0.0019809159366991694, 0.0014203223913888258, 0.0035046164165445596, 0.0031620376830939954, 0.002858709529462787, 0.004114957341850125, 0.002318910744115979, 0.004000071368503391, 0.001507765577010798, 0.0037491135278364895, -6.099291218549949E-4, 0.0012079627326607872, -5.88039141029903E-4, -1.7333644082465096E-4, -5.273873768788347E-4, 0.0065410178462116655, 0.006591547587935267, 0.005457236035802517, 0.006064477708884498, 0.004002413094212738, 0.006858351779386596, 0.0030172767864243095, 0.006891920652435727, 0.002858945685916568, 0.006123037329498344, 0.0021742209531731282, 0.00607853042148413, 0.0021849164883306136, 0.004554243470061269, 0.002063502902445245, 0.001258557075662088, 0.0014504374952522354, -2.0151188053145193E-4, 0.002461962436829959, -4.7515416338389575E-4 ], [ 0.00574669468300924, 0.004337291243506026, 0.0056878300704099735, 0.0036346168639299313, 0.0057919656930477325, 0.0014780374179722989, 0.008115337703558587, -0.0016598975894578452, 0.009517724486913178, -0.003003886054496684, 0.0075739668817011285, 1.7038347620812596E-5, 0.003876355544259638, 0.001611271592078965, 0.0013705405819923113, 0.0013295770431690692, 0.0029064177810508005, 0.0012009481006678047, 0.001803705641220525, 0.0018463107785988587, -0.006492425565609332, -0.007466332218353354, -0.006041641467898586, -0.01004602663300497, -0.005292241165887954, -0.012350922875255856, 0.0014505843956211049, -0.017647693406652176, 0.005317027069738678, -0.017195887187664505, 0.004038342566064698, -0.01176988240533296, -7.774680586658824E-4, -0.004607953389555153, -0.0014141010344206587, -0.0012641005661854574, -0.0035376639550878477, 7.042999099815448E-4, -0.003603360129049471, -8.660748288041606E-4, -0.006910282116142003, -0.007300977260619448, -0.005286585185218812, -0.008986417019338616, -0.004167525726197532, -0.009827350142828747, -0.0010978951992423448, -0.01121195189570607, 3.258508440369206E-4, -0.009296887572192223, 9.102501304918335E-4, -0.00617767087501443, 0.0010772631339236827, 8.337849063843209E-4, 0.0034259515730722325, 0.002475161878014498, 0.0010161112082543071, 0.00434807896511928, 0.0017116531674984128, 0.002666432585317902, 5.94548468170706E-4, 7.25571958123055E-5, 4.4689991378055313E-4, -3.382626107972602E-4, 2.4968813712561953E-6, -4.1772661156085577E-4, -4.345425152155009E-4, -0.002624924892135807, -0.0011842530966264444, -0.0034335980756977852, -0.003997731139102815, -0.0027101421939597706, -0.009770366455325155, -0.0044994241856603605, -0.011386119855058227, -0.005271475612994863, -0.010306308059659071, -0.006265359424521081, -0.009209585200955075, -0.007392970516463526, -7.143616302861169E-5, -3.2974466126625603E-4, 4.4487066345985735E-5, -5.416165864576489E-4, 4.90576528428955E-4, -0.001969336374493135, 0.0031807809070012122, -0.003994886313273649, 0.005220067075436397, -0.004036310305261595, 0.004907985330134862, -0.0018679058730347042, 0.0030661035663811596, 3.2974843194057634E-4, 0.0026935023064236997, 0.0026950397272211676, 0.002876161844140061, 0.00289807181065355, 0.0023743549585084223, 0.0025993813862142906, 0.001946990520605596, 0.0022510426772562424, 0.002774398140917714, 0.002385073387929172, 0.003370866718678289, 0.002620531141904298, 0.005135400012597366, 0.0020389139909972594, 0.005589863709457407, 0.0027750230633231737, 0.005480848929422086, 0.003371916690399439, 0.005089985851817785, 0.0027214756426955523, 0.0043499192597694835, 9.462919968487906E-4, 0.0017629884896650557, 0.0011381973909556189, 6.753084508931576E-4, 5.028421358352477E-4, -9.145596185985028E-4, -0.0018115117853205113, -4.341333865190405E-4, -0.0032801610549056132, -3.9680635636070265E-4, -0.004168864534901644, 2.070926101759036E-4, -0.005066502737120922, -4.6131580307023825E-5, -0.004229703908425274, 3.6557324980556784E-5, -0.003081682217006205, -1.3103400437158028E-4, -5.705669052681753E-4, -5.903853556829173E-5, -1.7790891871000722E-4, -0.0014485704836437621, 1.4066618947756982E-4, -0.0011955099564372185, -9.318909388198952E-4 ], [ 0.004647354144704651, 0.006211221249076566, 0.0037074324875288906, 0.006255140271931238, 0.0022478435866991743, 0.0066347588041042165, -0.0016598975894578452, 0.007238656760149349, -0.002548870605181794, 0.005777707709618351, -0.002191465672958085, 0.0039564551776976944, -0.002354741430476381, 0.002075629823550205, -0.0018074491929914518, 0.0016547091749753461, -9.746090347950262E-4, 0.0015684335433823692, -0.0013290219240085584, 0.001267644380549064, -0.006417384324073688, -0.004414774497765168, -0.008432639722596872, -0.0028702763679476894, -0.011992581617160594, 0.0016670744264740656, -0.018148398189809473, 0.006028484839864123, -0.018615666647615985, 0.0063978033226306545, -0.01705679932057564, 0.005826342988896977, -0.010792478221450474, 0.002654621545428921, -0.004208132562735276, -0.001383321635531186, -0.0028132614732140244, -0.0020790966084082317, -0.002147791882482153, -0.0023202652197100108, -0.00658829643875658, -0.00569444255694531, -0.007729298905728417, -0.004415656622767705, -0.00972913100504711, -0.0017462002876593098, -0.010818672887745791, 8.323206989873194E-4, -0.00995921041934161, 0.003178609296151768, -0.00823643560533598, 0.0063687058245087465, -0.0023821662490654994, 0.006953649225246443, 0.001950594570032009, 0.0038748617636987677, 0.0027600468184908462, 0.0029547067937360496, 0.004220441365328437, 0.0022375345029499146, 0.0020745937788742156, 0.002677551596548357, 3.8720189700392925E-4, 0.0027870532707711696, -2.2151904231963292E-4, 0.0038696365039061374, -0.0023031092414221724, 0.003183960450878757, -0.0054401767648154815, -2.3005280912830593E-4, -0.007698589544195413, -0.003061887434244574, -0.00865643716806748, -0.005680083905302053, -0.007746821857349518, -0.008317690032068897, -0.006715613988503632, -0.007917006447918153, -0.005202191690450871, -0.008756812153085443, 0.0012545759952626882, 0.0022621091182637417, 2.2757340221220217E-4, 0.003007945822236126, -0.001598386512234428, 0.0026172213665576352, -0.0033350668159421123, 0.002737179436848765, -0.0037602981242097137, 0.004514780883304157, -0.0029241898335971056, 0.004236723806883572, -4.3554680814967737E-4, 0.002988852579357082, 0.0016143181920136064, 0.0034711255870413646, 0.0023224294514118797, 0.003077834832730807, 0.0019958940982795666, 0.0028478218110571897, 6.401727108247741E-4, 0.0012204396071722324, 0.0012292444362379765, 0.0016837455046298199, 0.0011171616855406542, 0.003196298227601488, 4.028782449916338E-4, 0.005403164015448944, 0.0016262077934498177, 0.004994154163804751, 0.002096570215165157, 0.004097062550873525, 0.00202553650083644, 0.0025192577979541173, 0.0019354292351406932, 2.3087242339027262E-4, 3.696039559717709E-4, -4.685517010496981E-4, -5.374121209037452E-4, -4.5204015673392994E-4, 0.002587891772575688, 0.002359444044164695, 0.0013931219094644332, 0.002279505223693194, -1.461586252422581E-4, 0.0035399926502645528, -0.0014040346344530719, 0.004281073472643081, -0.001508450369211134, 0.003868155372169517, -0.0016388550427538654, 0.003869766326900551, -1.931737997887343E-4, 0.002246982022037481, 3.657837801235408E-4, -4.5540785119215204E-4, 2.1541993807036174E-4, -0.0014315759824579705, 8.561490742775528E-4, -0.0013268456486202897 ], [ 0.006205911872646829, 0.004248991505758224, 0.006212785648020465, 0.0036926786449269274, 0.0064650182720875065, 0.0011744493350868445, 0.009517724486913178, -0.002548870605181794, 0.011712810010024714, -0.004744328047485696, 0.010397641141747271, -0.0016985163941137676, 0.00664829000841597, 7.514902420317894E-4, 0.003370794092182339, 0.0010332420966644342, 0.004978999607768488, 0.0014055914810257, 0.00329746896730788, 0.00271487832275362, -0.011496142794247922, -0.013054947757341246, -0.01104737293672223, -0.015927503525034054, -0.010390290658110838, -0.018599774638671185, -0.0019767130474823667, -0.025253657736425683, 0.0034548559958807613, -0.025801186094256953, 0.0037764454471270574, -0.020954059303179826, -7.87405216767941E-5, -0.012571381248031834, -0.0014715419727435973, -0.00559586539061198, -0.0056574563912795495, -0.0018753191247518192, -0.006340098010488321, -0.0031443969491083586, -0.008922999012054936, -0.009042243698531321, -0.007035282548397501, -0.011317632363704994, -0.00587264388007669, -0.012557441464207671, -0.002279610498496765, -0.014605447816391658, -5.35881114270869E-4, -0.01265280095018742, 6.622299655743616E-4, -0.009713942100224011, 0.0010837013326396561, -0.0016556249699634467, 0.003518783816817669, 0.0020741560295248294, -1.402995886699357E-4, 0.005032219067619571, 5.205735681793921E-4, 0.0028475311795969176, -4.133813680419359E-4, -0.0013726619952625838, -5.322489421740607E-4, -0.0019055352053910088, -0.001204185996515853, -0.0023179574776984813, -0.0014502516388329462, -0.005463602915086091, -0.0022968000271466043, -0.007261979280597922, -0.00514154148569779, -0.00747960776055054, -0.011501908497267743, -0.010195310116049237, -0.014122304693631415, -0.010313184278919306, -0.014684374227300477, -0.011142684053666436, -0.013549526571530059, -0.011754960601404393, -0.0021800375871846326, -0.0024615630768167747, -0.0017923886539483191, -0.0024051967918288573, -0.0010361669354000873, -0.0036931963364209915, 0.002298629875420014, -0.005768798746633907, 0.005304534831256556, -0.005353585739174518, 0.005493130292053043, -0.00303446671207748, 0.004661684011117802, -2.3920977754455803E-4, 0.003925821254297598, 0.0031678461883299417, 0.003889931281102132, 0.003852012698025769, 0.003248834731880106, 0.0036654199857652546, 0.002932267633523184, 0.0033720403722110335, 0.004224027520731565, 0.003789868965554219, 0.005133241972723583, 0.004323571885655138, 0.007499628456973533, 0.0037173249414968516, 0.008315400150928806, 0.0040867549739428116, 0.008394160909789844, 0.004480590316613623, 0.007111587225017261, 0.003215621345141723, 0.0055043103445879295, 0.001169688165827633, 0.0014603437110274346, 0.0012317239581417054, 2.3581330870939531E-4, 1.3504968161403153E-4, -0.004959743937312442, -0.005844175941912014, -0.004541333593672618, -0.0076106753482885325, -0.004401238953028668, -0.008663546904289384, -0.0033741370465279153, -0.009736679127458982, -0.0034143431794802542, -0.00890279389303937, -0.002718656305319867, -0.0073299345635760346, -0.0026822962258827403, -0.003828663713778664, -0.0019091577754100212, -0.0021157720553918106, -0.0037720835980681803, -0.0011459696823439133, -0.00335364218392315, -0.0024921844584979563 ], [ 6.970990887394162E-4, 0.00268574657088625, 4.520247353648335E-4, 0.002477943570876101, 2.015454387021414E-4, 0.0030992569823264805, -0.003003886054496684, 0.005777707709618351, -0.004744328047485696, 0.009100226768731408, -0.0068123693510400655, 0.010166622434620978, -0.007429484490601497, 0.0075535219170133686, -0.00479498930045599, 0.0053407997557631814, -0.0021031041660434973, 0.0033160192102902743, -0.0012386736279028363, 0.00227513635304159, -0.0033339040673434793, -0.002875606261402915, -0.0037877240387431945, -0.0018511087162815043, -0.005459802538992019, 0.002022415755690252, -0.012952424456403737, 0.00895494852396665, -0.01741326976352671, 0.014591299528122055, -0.021251846169018346, 0.016596425423777386, -0.01653079071326446, 0.012023987723641731, -0.00843915153790752, 0.002643817230754159, -0.0033737026533386515, -1.0354983816050485E-4, -0.003241770288593791, -4.19445386173122E-4, -9.04275615630956E-4, -0.0029271435846501726, -0.0013208663114977466, -0.0017668299844872898, -0.0030567142098411344, 5.841413704980295E-4, -0.005491235293072617, 0.002977241060721913, -0.006774598469738645, 0.003964051173702243, -0.00724285993257481, 0.00486311908201464, -0.002676094017004067, 0.004696600030113575, 8.987751909619843E-5, 1.942608986533184E-4, 0.0010580623534881693, -1.6490612858285355E-4, 8.310763377122007E-4, 1.4798309993199586E-4, -7.650046825658927E-5, -0.0011321208425325697, -9.644306746259444E-4, -0.001580891984080265, -0.0015178051152432675, -5.512903368141966E-4, -0.004424630097048401, 9.198061503665238E-4, -0.007360745519764559, 5.617520864349693E-4, -0.009164695573553181, 3.055058690052158E-4, -0.008941942979790445, -0.0013157383233917213, -0.005329085271670572, -0.005885846856247155, -0.0024992934282883857, -0.005128456942180972, -0.0037208463453046706, -0.0052663515508799014, -2.5594654073604975E-4, 5.34294665118678E-4, -1.7350924832288458E-5, 0.0014561724641938673, -7.282418601896186E-4, 0.0020077410249055043, -0.0024301476809746154, 0.003429624413636496, -0.0040567051717076775, 0.0055967655273832595, -0.004545501099959041, 0.006167336787727254, -0.003964812993701049, 0.004818414484887589, -0.001183658117849253, 0.003860960420726362, 2.8937864239646493E-4, 0.0026014138796773543, 5.512144200252818E-4, 0.0019938089279313244, 6.925196436704539E-4, 0.0013012928681678626, 9.87439916889748E-4, 0.0016345601670865906, 0.0011260135283716374, 0.0028917151052487177, 4.5508130572520175E-5, 0.005077927105644706, 1.8101368687238205E-4, 0.006050926974332033, -8.444606578140066E-4, 0.005507464253412565, -3.9492604468710285E-4, 0.004247366145525684, -3.1599230926631223E-4, 0.0019629511672879284, 2.0339328141136525E-4, 4.2579268282773444E-4, -2.4393655730279705E-4, 3.645477943527737E-4, -7.170235908948671E-4, -0.0020952171973501604, -0.0012914065602726726, -0.002120310210081449, -0.0023390024357305885, -0.0010550091760675438, -0.0034378120150619982, -1.339276794296603E-4, -0.003463690968501744, 8.197810670303729E-4, -0.0032540591624170296, 0.0014191483744735675, -3.776957469307107E-5, 0.0010869211616976648, 3.8059456292420166E-4, -0.0012223495860092615, 7.542580546201273E-4, -0.001562306528120586, 1.1887175086930336E-4, -9.72151212648456E-4 ], [ 0.005453139045503582, 0.002957609376678644, 0.0054288607865698385, 0.00314216929654604, 0.005346166992069568, 0.001391897893909769, 0.0075739668817011285, -0.002191465672958085, 0.010397641141747271, -0.0068123693510400655, 0.012443818348582507, -0.00683669210613156, 0.01134793507741107, -0.004146570861232269, 0.007375335040648945, -0.0022922339972332993, 0.007099696636082398, 6.340582249142284E-5, 0.004310398813203202, 0.0024381651826333515, -0.016186854643154235, -0.017161024095437537, -0.016710914539687854, -0.018384220977699588, -0.017498523538722808, -0.019640382465738508, -0.010729283541595783, -0.026106343756346982, -0.003943646066643097, -0.03075717794989862, 0.002233863131151149, -0.031771892139745066, 0.0032168120183719987, -0.025726580966498686, 0.0016818424436925816, -0.013435225703854324, -0.006551196911256595, -0.007008873849321674, -0.007874800213390133, -0.0068721076762772865, -0.010329900006564592, -0.008271586866670934, -0.009436333586615088, -0.009948098972068877, -0.009059781336138256, -0.010737466300633672, -0.006130096061512005, -0.012821538709625588, -0.004183945566078175, -0.01193658286899284, -0.0015703830307683205, -0.010833406566630408, -4.6400836134581245E-4, -0.0050447371832506895, 0.002744928604040507, 0.001502628580974876, -0.001967711222761173, 0.0049591906295259666, -7.914478469127567E-4, 0.0024463851066004855, -0.0016561403994473692, -0.002618883624892646, -0.0021472404665566075, -0.0026887991706403772, -0.0031125144422759965, -0.0036810151553395678, -0.002971617075198079, -0.006947289703627319, -0.0035273660081858926, -0.010211502424379676, -0.004823904385136871, -0.01310341490149147, -0.009131105513969643, -0.017329177648390755, -0.012735435414587094, -0.016166798559606173, -0.01705350214642029, -0.01597514395489211, -0.015199518784714807, -0.015530667497312193, -0.004308273345828981, -0.004204760502711294, -0.004044921064097565, -0.0034338557835225875, -0.0031504284271394235, -0.0034074290882712332, -4.974937686225443E-4, -0.0045940401181283905, 0.003536736574086434, -0.004361970267727486, 0.005082718210175752, -0.004207243565794822, 0.0070536116734507175, -0.0024253882537110145, 0.005330302133706231, 0.001954230654398278, 0.004417569146379948, 0.003628256247950108, 0.003501639122253146, 0.003874905363293008, 0.003228309584337686, 0.00397382512585155, 0.004815378539593181, 0.004834427907331742, 0.005597778271400363, 0.005681157137057262, 0.007838888530828819, 0.004877297728457285, 0.009076516142249502, 0.003723767821853164, 0.010319698299204203, 0.0032493250246792473, 0.007986302984148087, 0.001350099258158493, 0.005892906941743026, -1.8906075948878893E-4, 2.655639636944624E-4, 1.8271619733229122E-4, -7.480416125986284E-4, -0.001039152356258506, -0.008775615429242278, -0.008557688224642567, -0.00907422292787929, -0.009761867163370018, -0.009281573415917028, -0.0106069064356195, -0.008336138536598802, -0.011703051642179926, -0.008421748312218917, -0.01195470897617734, -0.006929993919804174, -0.010732867856301712, -0.006824352804257671, -0.007663894283461311, -0.004294525627378355, -0.004509852774864538, -0.006579806795947416, -0.0029933792754844256, -0.005490205950520145, -0.004409457710638492 ], [ 3.988560768775777E-4, 0.002130324813755676, 5.551182986273367E-4, 0.00153059232401555, 0.0014300253057919691, 0.0012462199903299205, 1.7038347620812596E-5, 0.0039564551776976944, -0.0016985163941137676, 0.010166622434620978, -0.00683669210613156, 0.015291822778470045, -0.009800965525663757, 0.012875902519859341, -0.006893103384174298, 0.009190399546038189, -0.0015259272226601645, 0.0053623475058573395, -3.3446393992374605E-4, 0.004039578701255105, -0.003958705235032112, -0.004769024323916603, -0.0030653123253969084, -0.005860541355509494, -0.0027875705297709516, -0.004089200661876702, -0.007617368895334661, 0.0018548478538716543, -0.012925587938048128, 0.011850885722203166, -0.021657383456145023, 0.019213470756982237, -0.021236612264398602, 0.018041611895296593, -0.01310458275944409, 0.006067464612118085, -0.005378927271308054, 0.0017285034378320822, -0.0055104315439737815, 5.629386169773242E-4, 1.451378484309731E-4, -0.004467643814485826, 0.0012495412304490837, -0.004663243320168495, 2.878181573882951E-4, -0.003384126501286195, -0.001428511249290143, -0.0020405532489378097, -0.0032514178473931213, -7.91687411898685E-4, -0.005060111969454034, 3.016931006944218E-4, -0.0014756831798500261, 0.0035428817059868153, 2.309100772647943E-4, -0.0012945983706563514, 2.5399143246467563E-4, -4.3920314470093525E-4, -0.001016334295701775, -1.9548653869332663E-4, -0.0013255622098321184, -0.003832460651033402, -0.0015876749230493553, -0.00500277337196423, -0.0020829698970367327, -0.003563347973643021, -0.005724406566514618, -0.0013492346135291437, -0.009483704531423469, 1.3400119833018357E-4, -0.0125551424853038, 0.0018586588048818621, -0.014386256914011557, 5.469540702394008E-4, -0.009353660011423895, -0.00573322177981441, -0.00401082171860464, -0.0060164157845578655, -0.006587754427579442, -0.0060537765521477185, -0.0015251301348163733, -6.279444377010002E-4, -5.105810039523321E-4, 1.9028530907058412E-4, -3.9660788810940323E-4, -2.075257398521348E-4, -1.8053458009030505E-4, -1.1529889582325806E-4, -0.00107399738698027