0.8852244887943145,-3.274925598608383E-17,-0.4651640618522078,-0.10420029916699328,5.420436683644124E-17,1.0,3.2749255986083546E-17,0.4856676338289918,0.4651640618522078,-5.4204366836441065E-17,0.8852244887943145,0.4370896124517899,0.0,0.0,0.0,1.0
0.8852244887943145,-3.274925598608383E-17,-0.4651640618522078,0.16842529295170536,5.420436683644124E-17,1.0,3.2749255986083546E-17,0.4856676338289918,0.4651640618522078,-5.4204366836441065E-17,0.8852244887943145,0.23206880801697696,0.0,0.0,0.0,1.0
0.8852244887943139,-3.2749255986083836E-17,-0.46516406185220893,0.16842529295170536,5.420436683644134E-17,1.0,3.2749255986083583E-17,0.36285474260966105,0.46516406185220893,-5.420436683644119E-17,0.8852244887943139,0.23206880801697696,0.0,0.0,0.0,1.0
0.8852244887943139,-3.2749255986083836E-17,-0.46516406185220893,0.16842529295170536,5.420436683644134E-17,1.0,3.2749255986083583E-17,0.36285474260966105,0.46516406185220893,-5.420436683644119E-17,0.8852244887943139,0.23206880801697696,0.0,0.0,0.0,1.0
0.8852244887943139,-3.2749255986083836E-17,-0.46516406185220893,0.16842529295170536,5.420436683644134E-17,1.0,3.2749255986083583E-17,0.36285474260966105,0.46516406185220893,-5.420436683644119E-17,0.8852244887943139,0.553101186378406,0.0,0.0,0.0,1.0
0.29227305424364913,-2.6737155814178325E-18,-0.9563349108775069,0.07347642560653031,1.789656301782682E-17,1.0,2.6737155814171284E-18,0.36285474260966905,0.9563349108775069,-1.789656301782671E-17,0.29227305424364913,0.921072425062382,0.0,0.0,0.0,1.0