{
  "weights" : [ 0.7116412994798064, 0.7177507165627495, 0.6991880701331641, 0.7093615431597098, 0.684989705960427, 0.6983530961166656, 0.6697401510427979, 0.7022812041432059, 0.6626473291724717, 0.7206591059133154, 0.6661981054670569, 0.7548249775192846, 0.6542892328606753, 0.7850893747982179, 0.6477748513647135, 0.7541725685744346, 0.645032090271653, 0.7421576681795741, 0.6453883775191128, 0.7049419761466604, 0.2214975840340948, 0.18900126011986584, 0.24114512495667947, 0.1753450904117254, 0.2500743969083031, 0.20559525234492615, 0.2596130344178903, 0.25577318913203334, 0.32656395808842387, 0.2975144359350371, 0.4029116581566383, 0.32389268474026267, 0.4802457948249782, 0.3635624725942515, 0.5090215231635435, 0.38203622243895885, 0.5200595989188334, 0.40439651361377205, 0.5244725690909644, 0.43891722094800745, 0.5889369174818998, 0.5939857763805318, 0.6042867678888695, 0.6107214432957726, 0.6103427666220148, 0.6269243750066816, 0.6076931655718857, 0.6147051398587345, 0.5645422803362684, 0.5559309495231076, 0.4892386222268627, 0.47081497736074635, 0.41555347907454576, 0.3674137079953289, 0.42514011601652185, 0.3545555068735463, 0.4251574800338992, 0.3622162395503233, 0.4136084181092381, 0.38639175910864826, 0.08996306940300718, 0.08576822648382189, 0.0886479766654045, 0.0813411320325826, 0.06841591144864795, 0.039677840050729475, 0.02522628770379374, -0.030144057639504365, -0.05784494041104756, -0.12953231203011573, -0.16402634112196393, -0.2051995954547213, -0.2397867272722715, -0.236183410242726, -0.24694923745558794, -0.239672648368651, -0.23537947170752332, -0.2829858180832661, -0.21556462989735645, -0.276757074692181, 0.8145233192958072, 0.8079808611281067, 0.8086052344443349, 0.781162901237248, 0.7730653097146454, 0.7122855641202405, 0.6768223563671886, 0.5937249590678692, 0.49142767297746853, 0.42044644431175987, 0.2722919803471649, 0.23152170137578545, 0.07228960743613805, 0.07181240742820899, -0.013170582764570192, 0.026100560907658554, -0.013151106097223593, 0.01596954740125924, -0.0056706985517577585, 0.019688881086286237, 0.6427526838612146, 0.6225436184064971, 0.6470627318769949, 0.6129433143577552, 0.6456319896380265, 0.6228763344568267, 0.6302715197238586, 0.6264456902364214, 0.5994740424319667, 0.5795274697833105, 0.5233310088839906, 0.45852473900519247, 0.38867250132549097, 0.267769353610837, 0.24883687246880093, 0.15553685983710053, 0.16561947009738404, 0.15726644784886093, 0.14411796594407936, 0.17433394612821326, -0.3635161621878498, -0.3601660966700504, -0.3683068935208232, -0.346277772031757, -0.3623132675733765, -0.3242187785377191, -0.3339821817021718, -0.2966598480423609, -0.2841722906671489, -0.25124067779746406, -0.20486732839007693, -0.1856049469217686, -0.09493115922590573, -0.1173117668159908, -0.027438299576873756, -0.06011518244640284, -0.0138491934018072, -0.05916821175556744, -0.03171709522532954, -0.05986869791723036 ],
  "covariance" : [ [ 0.010848549482319624, 0.011415134589216707, 0.009066017981910084, 0.010814779311414852, 0.007023457498579342, 0.010053677134298271, 0.004971529803440221, 0.0093582199201512, 0.0026644920393871455, 0.007392672182364884, 7.028679554368749E-4, 0.003633031510273188, 1.3021933765683603E-4, 5.81209872866067E-4, 0.0013116715801684453, -0.0014360641913064138, 7.665440693136288E-4, -0.002323035005615518, 9.161098500112756E-4, -0.0014088984914600797, -0.014181250247947703, -0.0171032743692303, -0.011164301282123156, -0.018882640368981955, -0.009467842011985224, -0.01724558179334624, -0.010524920400833757, -0.01599614534923663, -0.00898899651308444, -0.01657066140918603, -0.00785732825191271, -0.014536325802321646, -0.00863359924489307, -0.009709629717509204, -0.007816321158773657, -0.008779015366853755, -0.00944537098831471, -0.004409194800819544, -0.01092978550129315, -0.006575995491707164, -0.0069967945434221785, -0.005995957036533527, -0.006556680517354114, -0.0040381653779506185, -0.005690526670897177, -0.003080856019137748, -0.003550010805105663, -0.0012899980625164873, -0.0023610464026777556, 0.0014196251715120254, -2.2349148281286887E-4, 0.004285145699640784, 0.0029675813785275083, 0.0027647594945090785, 0.0019367822440710346, 0.0029516948561562925, 0.005308755712666259, 0.0011101904743018524, 0.005589810110725634, 0.0027235504231169997, -4.020236912581618E-4, -2.2647855236878484E-4, -5.182238592721806E-4, -5.164753003877226E-4, -9.679845198768383E-4, -0.0013094971266847104, -0.0018830017867154508, -0.005316246695038707, -0.0032506157546072652, -0.006754536209945063, -0.0044886424389420105, -0.008783956049770645, -0.007156032454498862, -0.009014416875913476, -0.007875900546540545, -0.007410608844767285, -0.00787757721555026, -0.00461560397713356, -0.00825264488114128, -0.007755220677933454, 0.020441341848879822, 0.020750584504308698, 0.01848483777252199, 0.019886857945667916, 0.016723463530389053, 0.016862114395684833, 0.01602395835416794, 0.012416454785817327, 0.01222453001589825, 0.010128164878146904, 0.009353370386834864, 0.005339786330380631, 0.006767701783876062, -1.4391881152478502E-4, 0.0014200453836787264, 1.9189103454074675E-5, 0.0013282064769009137, -2.8533917455614863E-4, 0.001003994973585043, 1.3856205144014973E-5, -6.266061451170173E-4, -0.0012494486990914466, 3.1022790653806266E-4, -9.371452748233007E-4, 0.002019081218352651, 6.386942368180828E-4, 0.005170430567794461, 0.0031382757502951397, 0.007902863300855323, 0.005756443407115489, 0.01011870863422272, 0.005639175622643101, 0.010131348404588174, 0.001800234374610007, 0.0034774217808321572, 0.0013737563299694635, -2.5044990411536523E-4, 0.0017663865882095345, -5.793225446741618E-4, 0.0015640249141503728, 0.01147871541914968, 0.011349839666315021, 0.011331753510073567, 0.011493380644941834, 0.011024844453328193, 0.011608700973198601, 0.009823602907622863, 0.01189520074355959, 0.00811674779018734, 0.010028847442121245, 0.004581855725178874, 0.007784724952840762, 3.2296993458051524E-4, 0.005020858986398243, 0.0014532046607059902, 0.001782782340113023, 0.002856336434562661, 7.245481061995385E-4, 0.003071384737573783, 0.002025202700082882 ], [ 0.011415134589216707, 0.013475068070335378, 0.008827434640966211, 0.013714542585559373, 0.006427550030992069, 0.012943801845430309, 0.004591475136731737, 0.01176933548526215, 0.0018640317937923551, 0.00942146463406472, -3.389289105977635E-4, 0.005345785408599952, -7.212113309652512E-4, 0.0018966295645237582, 7.132389407447368E-4, -1.681581457679557E-4, 8.127233964749909E-4, -0.0014740726640609203, 0.0013940925818478292, -5.548486137323554E-4, -0.009194947156242538, -0.01191361356466519, -0.006346126007539427, -0.01416135913701531, -0.0034837754208841653, -0.013345378877946817, -0.0032790243913858397, -0.012701842271141767, -0.0010720468562985825, -0.01320226415040126, -5.398373354813641E-4, -0.011373586496197845, -0.0035072990091808355, -0.006585706722991946, -0.004948545717324007, -0.005774878190113484, -0.008066576016986321, -0.0013421840179521926, -0.010199988387069954, -0.0034385990985009397, -0.008981545371805342, -0.008344769861716053, -0.008395459452007384, -0.006458891765026856, -0.007661879288744963, -0.005384831135575465, -0.005781765204148545, -0.0033935740891701477, -0.004572985340145376, 2.123153521306541E-6, -0.0020172315458522774, 0.0035112160837644357, 0.003078322236665273, 0.003031629070502759, 0.0034899620952284797, 0.004772983972743679, 0.006853581444891437, 0.003554224702793426, 0.006156084153314389, 0.004427545482879194, 3.8741514315989475E-4, 0.002174985552221397, -7.996694845391136E-4, 0.002466067659814241, -0.0014170194099668632, 0.0015494494318531885, -0.0010672525994979256, -0.0032951049004279935, -4.457547203205218E-4, -0.004401028966554196, -6.001195856801802E-4, -0.005756007527257791, -0.0023365041497297487, -0.003368125042078891, -0.003695012097562018, -2.300062183866092E-4, -0.0034345983258088153, 0.001985340749225103, -0.003634213691244821, -0.0017254448518710399, 0.020649124044372386, 0.021369739640406376, 0.018372448097429328, 0.02084094456715393, 0.01612356401327545, 0.01785166337444779, 0.015531010432146634, 0.012704190550193874, 0.012391099695530037, 0.010240404801368662, 0.010235090827787254, 0.00514567623675858, 0.008202871145154566, 8.084176449539666E-4, 0.0025278127887998197, 0.001448047418618815, 0.002262442143617217, 0.0010603999497271492, 0.002098604649830717, 0.0011865642642621206, -0.001689274892564, -0.002839342099102295, -4.12186852463025E-6, -0.002783795795222494, 0.0021688211072860893, -0.0015227717410661, 0.005317158961118739, 1.8306942536035328E-4, 0.007313408964257409, 0.0022823083956275613, 0.009361703672496474, 0.0016151208147886166, 0.009664261926833522, -9.768503860331547E-4, 0.0033925481146440672, 7.998172901489075E-4, 1.5085626936818964E-4, 0.0017386851633147365, -2.6391274617234493E-4, 0.0014394548026682064, 0.009299281747255946, 0.009364932152236632, 0.009438244073523422, 0.009640525168202251, 0.009188369206458942, 0.009625084303079786, 0.007886557050237317, 0.009983589460905242, 0.005633854656986859, 0.007976664272186572, 0.0018515475500949037, 0.006006375254882937, -0.0018873335555505046, 0.0030834283034926755, 2.7396327039067394E-4, -1.7106024025757106E-4, 0.0017849502378078684, -9.772868899645154E-4, 0.0018283485569487367, 4.1024848378849363E-4 ], [ 0.009066017981910084, 0.008827434640966211, 0.00804727133563626, 0.008066266779622057, 0.00648080603571625, 0.007506932278256579, 0.004626848039577709, 0.007154153622623608, 0.002627686722861898, 0.0055719417486258934, 8.118491554791797E-4, 0.0024756206355680123, 5.249193199793767E-5, 8.577330584209756E-5, 0.0011510936091742462, -0.0017267221006008514, 6.80537294450161E-4, -0.0026272996444304765, 8.786025038807382E-4, -0.001791354457437875, -0.012822056111085027, -0.015894588681533865, -0.00985740146866693, -0.017405138615997698, -0.008554596266858089, -0.01558747954590225, -0.009855048684136468, -0.01422333534141798, -0.008579786654613519, -0.014586684351661468, -0.007580670851961967, -0.012703453375022027, -0.0075277449405519, -0.008878231172414071, -0.006810499610668472, -0.0075321685802921855, -0.008233466257328053, -0.0040600879958492386, -0.008688395540421685, -0.00603027279340412, -0.0055063985352278, -0.00438910151308685, -0.0053467740892138346, -0.0028550058863863336, -0.004570876813431973, -0.0022706884951987465, -0.002640896205770691, -9.160776430044893E-4, -0.001580265182986903, 0.0011383106560877239, 3.630294654787877E-4, 0.0036786991407516244, 0.0024116987167935896, 0.00265509330059696, 0.0010627719621313812, 0.0024130593815507354, 0.004242310900208635, 4.16778602568689E-4, 0.004868873114354086, 0.002045023460176814, -6.049107922882217E-4, -0.0014017257885780316, -1.922335343433503E-4, -0.001840044714476358, -4.99500051122974E-4, -0.0022967758137535012, -0.0015317571786866591, -0.005197283601191571, -0.0030987378914391975, -0.006481120611908761, -0.004055319569936591, -0.008246124954156364, -0.006614752011822558, -0.008935163824527288, -0.007079611928681647, -0.007539874908289287, -0.007067905271208317, -0.005522337898437275, -0.006859375690625771, -0.00796271253134131, 0.017221253670387543, 0.017320316351060152, 0.01571024289722992, 0.016529080803384832, 0.014308457899248428, 0.013963645663240005, 0.013682097192029608, 0.010589848069051774, 0.010289767659099827, 0.008749845073136142, 0.008234797644213306, 0.004789579029520503, 0.005874181633969067, -5.366487088133052E-5, 0.0012324171410770185, -2.749298132918702E-4, 0.0012728062909880323, -5.189198967274462E-4, 8.761048111791347E-4, -1.402598697416757E-4, -1.9807301243847516E-5, -4.4528697214662094E-4, 4.879854702558018E-4, -2.932061376754024E-4, 0.001743920212601295, 9.716291436684768E-4, 0.00420462883020037, 0.003238163164512941, 0.00650656537958825, 0.005591727286513703, 0.008408633776771592, 0.005878159278000939, 0.008212006572099268, 0.0028967386697020354, 0.0025557352697971264, 0.0016827138893874731, -3.984809499872825E-4, 0.0017006581999118753, -5.197958562839918E-4, 0.0015491805310422404, 0.010408918933700752, 0.010257282558492604, 0.010146899107521546, 0.010223788971714942, 0.009877118610831482, 0.01028986349247799, 0.008843238185039381, 0.010377497580193637, 0.007488422735432822, 0.00888551467341544, 0.004355060927754314, 0.006948030948002058, 5.939659592219587E-4, 0.004707490642133807, 0.0014254578435500297, 0.002008385612277742, 0.00256357494227507, 0.0011781917398682462, 0.002628431774685319, 0.0021903456270820605 ], [ 0.010814779311414852, 0.013714542585559373, 0.008066266779622057, 0.014777858894954697, 0.005625002761403011, 0.014270268215937658, 0.004099306582748452, 0.012869847702705548, 0.0010297653680030054, 0.01037102117988381, -0.0015026001340759125, 0.006444463999914567, -0.0020553436198755175, 0.003187236865008445, -2.9022147741169114E-4, 0.0010081939914443146, 8.146454854373675E-4, -0.0010624105299088678, 0.002130882080406993, -1.71187755232619E-4, -0.0022837963926388245, -0.005229848772710675, 5.93818155296977E-4, -0.008027751733263148, 0.004644628088552302, -0.007922883597778395, 0.006062967659976496, -0.007678058587241884, 0.008799836592580695, -0.007760870990266446, 0.008468907592232105, -0.006170268423069026, 0.00382431319185955, -0.0024753716753097613, -5.298468504760612E-4, -0.0012276274196176735, -0.005577606644174435, 0.0027349221205822008, -0.007473676864878796, 7.493300456133545E-4, -0.010253419010713957, -0.00985533335428286, -0.009804474388429456, -0.0084123181686703, -0.009271947930478468, -0.007674358027374068, -0.007779879824679952, -0.005886126741408037, -0.006521835343437412, -0.0023270629385169473, -0.003406834734214023, 0.001717817996904966, 0.002909275900257121, 0.0030984460083066574, 0.004721231420600348, 0.00648506754848365, 0.008150714072512206, 0.005676393726313353, 0.006663688277695248, 0.005901159964549246, 0.0010550744855734053, 0.0035201489061740896, -7.541377455933384E-4, 0.004356228214267041, -0.001371229977800998, 0.003801711238754564, 2.105311062169993E-4, -8.285691079721422E-4, 0.002867817669874418, -0.0012987811458354316, 0.004267834589808087, -0.001677902272966238, 0.0035957517261397806, 0.003177468089088579, 0.001987364088258229, 0.007855414686179375, 0.0028271010386619446, 0.00858883017431466, 0.0035144654234658635, 0.004804764746250852, 0.018481303132428455, 0.01944909637899857, 0.016274150394058967, 0.019390405535791258, 0.01374616374681306, 0.016827600026519146, 0.013353857221597026, 0.011762926437359765, 0.011437791025882235, 0.0093107850122304, 0.011079469161355259, 0.004506227220053, 0.009726200635085017, 0.0021266298287367603, 0.003870272962047221, 0.0028504948082759005, 0.003636652619387946, 0.00237168226678741, 0.0035492110016306566, 0.002442803475761273, -0.0023187576967635464, -0.003910668073859102, -1.7058637759311338E-4, -0.004435473760890847, 0.0021646332596189587, -0.003946472946838179, 0.0047611157318915845, -0.0033737593652262933, 0.005667792660834257, -0.002212982464827918, 0.00743461011309943, -0.0030501253681118794, 0.007774390360733378, -0.0030276049335232463, 0.00247443905553894, 5.80648496262826E-4, 4.1638198473692396E-4, 0.0018087279419625884, 8.331687787687352E-5, 0.0014401368167319285, 0.006163189566395516, 0.00640339019444533, 0.006492214294314857, 0.006618842135930319, 0.0063234334260439395, 0.006359888954090818, 0.004988143952061933, 0.006550455167934149, 0.002324944382130089, 0.004775902379123879, -0.0015811838221828042, 0.0033749541524338827, -0.004303840393081898, 5.592398150710226E-4, -0.0010270523799872943, -0.002272277326976175, 4.060751354641849E-4, -0.0025448824108936265, 2.3874504768658196E-5, -0.0012563158663137432 ], [ 0.007023457498579342, 0.006427550030992069, 0.00648080603571625, 0.005625002761403011, 0.005507703667318231, 0.005065525381907657, 0.004229167800657773, 0.0047207591893518724, 0.0026909995467367274, 0.003339996840599707, 0.0012572778509386962, 7.583515661924098E-4, 5.298371911529542E-4, -6.101254444198238E-4, 0.001229080045097158, -0.0017550536036184138, 6.372964074278499E-4, -0.0020811771026240044, 6.340046868227537E-4, -0.001412066241183591, -0.010040270756037313, -0.012383187065854997, -0.007799391143105308, -0.013144751598092759, -0.007128244598144713, -0.011342504860561105, -0.008670035231188443, -0.010025947741179942, -0.007795574938507842, -0.01037177715200145, -0.006895446660571084, -0.009134721487894197, -0.006185197479351595, -0.006996283320100327, -0.0048996542988506775, -0.0061328064835213325, -0.005685082000557935, -0.003608865506692184, -0.006018800422224768, -0.004896212808649797, -0.004062180558837172, -0.0030913617209531643, -0.0040316991515161014, -0.0019865541642976694, -0.0034397336313655514, -0.0016316855380706337, -0.001965104871535017, -5.124721243502282E-4, -0.0010820853955194937, 0.0011738074218829062, 6.290989717588132E-4, 0.003314685046528083, 0.0020316823505795644, 0.0024436751275719614, 6.823793092481072E-4, 0.001976549990927283, 0.00326577515065394, 4.8003553824140703E-4, 0.003779302318789264, 0.001613047891208292, -4.4407428858632116E-4, -0.00133458897668539, 3.958303423791092E-5, -0.0018943183769030447, -8.205049110573945E-5, -0.002362083811066405, -8.093902131252296E-4, -0.00424456361492174, -0.0021707235044226376, -0.004907682813775996, -0.002829639386727905, -0.006567156447874344, -0.004633443001279165, -0.00783312216879637, -0.004526559812373935, -0.006512790301679772, -0.004484362893532184, -0.004917118052582341, -0.004520350888588065, -0.006374723939157331, 0.013304420413002081, 0.013276238712781274, 0.012159159839356063, 0.012547935829404262, 0.011223703681955195, 0.010393087365504572, 0.01088956033350147, 0.008244589602356368, 0.008152414518485179, 0.007418186363535751, 0.006773455540246024, 0.004383196393374946, 0.00517702404713866, -3.260573221600685E-6, 0.0014937916997524385, -4.0212701286365855E-4, 0.0012985939713854567, -5.189831775878805E-4, 8.962453453875157E-4, -1.3006670425739423E-4, 7.558484404112054E-5, -7.632970078603205E-5, 2.966594379251342E-4, 2.1684146161813847E-4, 0.0010587673808717737, 0.0012859095508634306, 0.0026010433585728332, 0.003194944398446156, 0.0043078554898898416, 0.00506953050992342, 0.005930701346261565, 0.005424221970813251, 0.006185565738865648, 0.0026916800327283184, 0.0021325947288008615, 0.0013370877195040543, -2.7976966067820303E-4, 0.001280259288234463, -3.9830786237908067E-4, 0.00114306881418876, 0.008117010183394266, 0.00800422053244372, 0.007887826972048421, 0.007940391293991031, 0.007660644864428858, 0.007969798450709114, 0.006802184716052748, 0.007929020503366128, 0.005661055476242854, 0.006766826852948821, 0.0030523377083084124, 0.0051967473901977, -1.0245321551424292E-4, 0.0038576660277982767, 4.725558642717324E-4, 0.0019883122500327466, 0.0015784898416560196, 0.0012248477058073772, 0.0018026283165059344, 0.0018443326026049674 ], [ 0.010053677134298271, 0.012943801845430309, 0.007506932278256579, 0.014270268215937658, 0.005065525381907657, 0.014124680841756086, 0.003549798253600461, 0.012882172597928914, 5.558257951978559E-4, 0.010597644702574334, -0.002032189651489147, 0.007100342379168964, -0.0027611529996604068, 0.0038027419449885532, -8.044420094796901E-4, 0.0014353285136384784, 7.420319372428024E-4, -0.0011762510823056045, 0.002508556901071833, -3.5454244170064037E-4, -1.7496831723920556E-4, -0.003539197814323918, 0.002955707910876389, -0.006894765795872647, 0.007543634190036135, -0.007172700627286415, 0.00939875826500893, -0.006777708303994512, 0.01197132283555862, -0.00649378514752361, 0.011227647399509127, -0.004807939664753458, 0.006178625762726186, -0.0012245957145650462, 6.913934645220875E-4, 3.3402735882322784E-4, -0.004999986326567712, 0.00409372474457875, -0.0064538828256143765, 0.0020099690708284233, -0.010144330912270603, -0.009787881719122591, -0.009823915094780604, -0.008525095155197303, -0.009400104484882401, -0.008065793270158512, -0.008053625362623362, -0.006678819517499807, -0.006754697112465265, -0.0034794196905044627, -0.0035674594101016417, 4.2803167681986317E-4, 0.0027205189180013294, 0.0025405211773076235, 0.004827626761745153, 0.006520700952660335, 0.008261341124340198, 0.005550217927978534, 0.006818874435536596, 0.005889841860134561, 0.00103680212459026, 0.0031414079751514445, -6.797564198089376E-4, 0.00420655513043929, -0.0012818018872778356, 0.004173543948705184, 3.3537650436708116E-4, 1.0755252297030759E-4, 0.0033095314514851983, -1.5722108740768214E-4, 0.005066065594473396, -7.89702965370313E-5, 0.004341958486296058, 0.0053801017737492626, 0.0028940592474268525, 0.00984517052654085, 0.004264861566696235, 0.00987223969818743, 0.00560836675844964, 0.0060552267356977305, 0.01674712257260496, 0.017744535641478803, 0.01481221050572227, 0.017943339908227923, 0.012277660982204164, 0.01586877949039854, 0.011952369433968527, 0.01084846454031409, 0.01086058133593732, 0.008161054193516367, 0.011261627299649565, 0.003718948452620808, 0.009969957496406152, 0.0025262726438105483, 0.0039187009072926444, 0.003186474363047927, 0.003954617323973626, 0.002650021493419443, 0.0038828227683740586, 0.0027339748146740163, -0.0022298728490915097, -0.00399686689992937, -5.460107151417418E-5, -0.005000416191815689, 0.0023021636757376224, -0.005025313479697903, 0.004748894370169993, -0.00494928681196001, 0.005471846196119675, -0.004194875605458373, 0.0070743369676605685, -0.004875415268870062, 0.007044820883658435, -0.00323193625523236, 0.0017705015732227501, 6.672610677772281E-4, 3.0468912944791546E-4, 0.0018237048468488736, 6.61223477685898E-5, 0.0014930233283606818, 0.00515213516611718, 0.005384126818344208, 0.005451014818949567, 0.005522241262309579, 0.005303723271655951, 0.005159515494542281, 0.004027650737041049, 0.005242908296593687, 0.0014734771213954691, 0.0036787686599185, -0.0022237149613261974, 0.002610185488602477, -0.0043679007034176116, -3.209158951358042E-4, -7.970095742384055E-4, -0.002950593940855782, 3.6444440422322305E-4, -0.0029107220360997726, -3.477571764542454E-4, -0.0016244890099581175 ], [ 0.004971529803440221, 0.004591475136731737, 0.004626848039577709, 0.004099306582748452, 0.004229167800657773, 0.003549798253600461, 0.004328075428606398, 0.002542440682546269, 0.0037021333261456407, 0.001291950241689707, 0.002760389765667559, -6.253812484175159E-4, 0.0019125992126740883, -5.249695376415576E-4, 0.0013855254163197674, -4.126695231579665E-4, 6.10939377042021E-4, -4.1971935519000386E-4, 7.977564524131625E-4, -7.83940654329121E-6, -0.005631423570717883, -0.005850764736742422, -0.004729892247927407, -0.005682249624274405, -0.0044450339600198615, -0.004240993042111227, -0.005960665458584097, -0.0031053055442350247, -0.005813132978214593, -0.0029511844730271304, -0.005852135402140816, -0.0020261072125165457, -0.0053558617223509524, -0.0024046037236462345, -0.0034186482029414118, -0.0026220490147347317, -0.0037382478468643617, -0.0019385968278575747, -0.0039056067800894508, -0.0025708991048533757, -0.0030546166459668534, -0.002711101459481623, -0.003003910578902726, -0.0022137330968799813, -0.002582129453349961, -0.0021660954458290775, -0.0019906740724212808, -0.0011444221473090126, -0.0010876919523971382, 1.5658188531804087E-4, 8.73362320126305E-4, 0.0021185465576681515, 0.0022265220607979126, 0.002096477614425943, 8.766733187707072E-4, 0.002191491098677716, 0.0026785910492144126, 0.0013580668219515047, 0.0027915406947813986, 0.0016228507973431673, 2.4797624632294225E-4, 6.540455229813414E-4, 3.036097899865373E-4, 2.9336953238866086E-4, 1.5561698115902628E-4, -2.0679909110073391E-4, 7.137239873126462E-4, -0.001681733089460846, 7.105809069231295E-4, -0.0013110868393718708, 7.961557123233784E-4, -0.0023601187729832235, -3.755983104003083E-4, -0.003727707947520986, -1.6539953251663213E-4, -0.0018407721313370195, 2.943038200052722E-4, -0.0017086342883015737, 1.3227126229398194E-4, -0.0020385678685295163, 0.009346586537877715, 0.009560100540600282, 0.008389537821000612, 0.009110981699085294, 0.007582185002735305, 0.007482315429985083, 0.008184339672006482, 0.005770432597145463, 0.0077512913216103265, 0.00559325115898126, 0.007923027219694942, 0.003460705366622177, 0.007378507132489369, -3.273788244485111E-4, 0.0034884232911026746, -5.801239215143476E-4, 0.0024678095747751073, -3.201657086159306E-4, 0.0018587995111511144, 2.149878572309372E-4, -9.272243782299336E-4, -6.888287618675457E-4, -7.438475753666631E-4, -1.3072973702650425E-4, -1.9001781856993526E-4, 6.83052549672591E-4, 4.4530294627484414E-4, 0.0019525743096362861, 0.001752653502193161, 0.0030058808846444426, 0.0033105242527229333, 0.003429094542408465, 0.004582971784529564, 0.001401925195153479, 0.0016349226869308655, 8.383851374408261E-4, -7.586560814128656E-5, 6.701719675229233E-4, -3.050264374422875E-4, 3.0194939566712475E-4, 0.004538454222219598, 0.004461617514097357, 0.004540744326227186, 0.004347820182886513, 0.004412069011033399, 0.004252385769708425, 0.0034899639796578353, 0.004200366422940778, 0.0019677161926925156, 0.0034728871844897074, -5.226969507471689E-4, 0.002278926842345871, -0.002938000732992636, 0.0018759697889113199, -0.0015470580271730934, 8.813541506285865E-4, -1.0703473481504363E-4, 4.559081230944209E-4, 2.9751795922532197E-4, 6.704328192237467E-4 ], [ 0.0093582199201512, 0.01176933548526215, 0.007154153622623608, 0.012869847702705548, 0.0047207591893518724, 0.012882172597928914, 0.002542440682546269, 0.012387067705657053, -6.139525914633132E-4, 0.010479167160104276, -0.003158766374919628, 0.007312726918866858, -0.003666306961829698, 0.003373693078031572, -0.001002295751044706, 5.105096881702788E-4, 6.321888707600811E-4, -0.002151177942076346, 0.0021792334941415194, -0.0012928570356396895, -0.0014678739906872427, -0.006029363304366198, 0.0022092813589589927, -0.009705947461678452, 0.006675785025000321, -0.009912292916888742, 0.008570252208143633, -0.009548785899121242, 0.011363710034685072, -0.009538773510220354, 0.011128337550504977, -0.00791464314671937, 0.006535503200360695, -0.003097943971058444, 4.7418999565601073E-4, -7.247292661447034E-4, -0.005029523289403834, 0.003330626962025831, -0.0059126363688872955, 0.0010977274365273687, -0.009214208519755207, -0.008490573611311988, -0.0090523538162334, -0.007180031183750397, -0.00866342045916957, -0.006675382850641824, -0.0070561415398831, -0.00563326291498637, -0.006058135778254849, -0.0027568985642239994, -0.003577860676351227, 7.440029260622505E-4, 0.0018260462004872492, 0.0024968415528311663, 0.0038316532893266264, 0.005694312492275217, 0.007252132811170809, 0.004366407780728396, 0.006299496351986337, 0.005131084737585984, 4.741365805826788E-4, 0.0012940625803386447, -7.341612683578428E-4, 0.002201178480979689, -0.0012884291951831043, 0.002359735547127132, -5.455162144675201E-4, -0.0012219061748683297, 0.0014903875088021674, -0.002167359178589844, 0.0028868473284973353, -0.0021323776487658284, 0.0019535731161645113, 0.003389575196641303, 3.7742069991619775E-4, 0.007100250766297694, 0.001296887691151029, 0.0076104853920613, 0.0030512469100681, 0.0035443593316550736, 0.015723454153795058, 0.0164569493815408, 0.014048615984721626, 0.016586602493625514, 0.011765721014587787, 0.014729338340707351, 0.010840000402930474, 0.010280645437502081, 0.008629958364868285, 0.00759748452524184, 0.008378352454741498, 0.003422287174038436, 0.0067550526532375674, 0.002696858798370007, 0.001960263290859694, 0.0031629115604462185, 0.0026432281826705324, 0.0024450015801664167, 0.002752011279733739, 0.0023738360421310376, -0.0011524879129180968, -0.0030790497558876024, 7.7051648728869E-4, -0.004355076038087903, 0.002909755681435344, -0.0044440854458164735, 0.0053891773866627385, -0.004271583438024705, 0.005869893828285414, -0.003188004668721138, 0.006969097643225015, -0.0037572350948267795, 0.006070476228986297, -0.0019772828830156323, 0.0012282402297414821, 9.773693060596144E-4, 9.56781007604458E-5, 0.0019558414775283695, 1.019562989706903E-4, 0.0018504388078326294, 0.005980079143114715, 0.006198510357386582, 0.006078870225971795, 0.006307544169426155, 0.005921060726434887, 0.006036365734513471, 0.004947588376202218, 0.006065443924064347, 0.0031305002697200107, 0.004487933782803277, 7.528456071083627E-5, 0.0035538386457761835, -0.0019142085489471713, 5.147653293180338E-4, 6.705130137062911E-4, -0.002204082607419619, 0.0012258250415692232, -0.0021947452589325513, 2.985857457033822E-4, -8.910651751965689E-4 ], [ 0.0026644920393871455, 0.0018640317937923551, 0.002627686722861898, 0.0010297653680030054, 0.0026909995467367274, 5.558257951978559E-4, 0.0037021333261456407, -6.139525914633132E-4, 0.004659436153240765, -0.0011659539762154565, 0.0047742591305837846, -0.00198903629278709, 0.0041158696905851675, -0.0010932539781822344, 0.002002032063366889, 2.9733634021904227E-4, 1.8597235555844262E-4, 0.00105263147623381, 6.328589267895737E-5, 0.001002882041668219, -0.008301807283611257, -0.006303225809874514, -0.008680933887733193, -0.005287934003201314, -0.009704666248834789, -0.004088348802677292, -0.011962682806287638, -0.0027114482931834983, -0.01351557126824612, -0.0022137216634814643, -0.013824975307146919, -0.0011270414373957811, -0.012223222456079295, -0.001890594133142324, -0.0069404663461189176, -0.0037690426229330964, -0.00469054020909443, -0.004513057609381335, -0.004870357014194134, -0.004639661917910926, -1.2135700374832909E-4, -3.369166086528334E-4, 1.5427319021578504E-4, 8.959586012036744E-5, 5.348614973869672E-4, 1.956035003348704E-4, 5.958940575465747E-4, 9.261400954767484E-4, 0.0014180315954073167, 0.0011607547761683919, 0.0026274955540605345, 0.0018210892599237784, 0.002375861944581356, 6.109331048918348E-4, -3.3742665249305556E-4, -2.2705800081180153E-4, 2.1032862333096431E-4, -9.032640419447437E-4, 9.339906876074776E-4, -5.518661682132035E-4, -5.467151448386323E-6, 0.0010177503079927895, 2.9789939913923665E-4, 5.383602817945472E-4, 4.305511088001708E-5, 1.1462739686404256E-5, 1.6745212231808362E-4, -0.00111834419334119, -8.194432107781876E-4, -6.640453344967206E-4, -0.001970056493713921, -0.001658356468723813, -0.004217114823632806, -0.00527648981521815, -0.0036959400767263267, -0.005641142626383781, -0.0029697021270329227, -0.0056928250426158105, -0.0038743053895642786, -0.005052813322384253, 0.006119325887751933, 0.0064027576395517035, 0.005523231988175132, 0.00595199835703325, 0.005175576461897749, 0.004983899734872158, 0.006394440239604156, 0.0032675504495124556, 0.0076464078804999586, 0.002999808456369732, 0.007311526683957156, 0.0019528304584781166, 0.006729564184092831, -0.002089923495823324, 0.002964592814809422, -0.0021436469120388337, 0.0014797145087064169, -0.0015136112799672273, 7.171260744397471E-4, -8.934788081512127E-4, -0.0010582799241833957, -2.0464420247800607E-4, -0.0013277860840075692, 8.422011110724569E-4, -0.0010200970089111778, 0.001930261585723662, -4.0362885744559825E-4, 0.003449895114916919, 0.001897427367436008, 0.004456137183901252, 0.003439639097267118, 0.005166740327569216, 0.005038504998986951, 0.001971719378299523, 0.001859789910449965, 3.6357442738351174E-4, -2.0572553011933274E-4, -2.1470867951973077E-4, -6.421187405494311E-4, -6.351255983895815E-4, 0.003812076283512506, 0.0035244456086362683, 0.003810197045646553, 0.0034761610291242024, 0.0037041100468749462, 0.0035312866401107645, 0.0029304598674665338, 0.003737490961882889, 0.0018208157495261314, 0.003353593424427655, 1.5807569291446087E-4, 0.0021092175072680622, -0.0020044048837179218, 0.0021164693653266528, -0.0011296059407459066, 0.0016129214088024947, 3.3780883289430283E-4, 0.0012111319144283584, 0.0011326291521109718, 0.001232292646419554 ], [ 0.007392672182364884, 0.00942146463406472, 0.0055719417486258934, 0.01037102117988381, 0.003339996840599707, 0.010597644702574334, 0.001291950241689707, 0.010479167160104276, -0.0011659539762154565, 0.009397909281893662, -0.003142316497661956, 0.007343731097433187, -0.0034165343974374273, 0.0034609778384123123, -9.471507182006601E-4, 5.746469574531408E-4, 5.83745228823667E-4, -0.0022884544261754774, 0.00195840765887355, -0.0014526858674317662, -0.002681208489838158, -0.006424292905149392, 4.408972089889983E-4, -0.00978407099285604, 0.004223603856550927, -0.01022446725654581, 0.006305112315987515, -0.010333574576127394, 0.008799491610189017, -0.010276243198891397, 0.008528782861271768, -0.008366981057070977, 0.004294914499706091, -0.0031273342094080272, -0.0016426392021036693, -3.3400499136804885E-4, -0.006388020543299986, 0.0030424782954980097, -0.006408881427355512, 4.705621375618571E-4, -0.007136073822905008, -0.006527203533498742, -0.0069512936931791685, -0.005434120272234284, -0.006526274327344658, -0.0049636988070159435, -0.005159562447097924, -0.004268747270323957, -0.004550930090678228, -0.0023598709873857643, -0.0030401653061972868, 3.148476532973329E-5, 9.023668688602481E-4, 0.0016119407870148902, 0.002522065222818414, 0.0040779343426018905, 0.005246620372416253, 0.0024671240840006743, 0.004867205618240018, 0.003596386295350688, 1.3959465788942796E-4, 5.193987949654918E-4, -6.87281159648043E-4, 0.0014336945733557649, -0.0013543976901657824, 0.0018172109941682166, -0.0011080740444071584, -0.001571037595549898, 2.947001490323928E-4, -0.0031272125013434016, 0.0011527441097833747, -0.002785087529576136, -8.497282800810907E-5, 0.0022344123804361373, -0.00243788790040897, 0.004849040641895125, -0.0022821796231692003, 0.005297188035686354, -2.838609019733053E-4, 0.001348346546687952, 0.01284063281287971, 0.013457464729507415, 0.011503233376957763, 0.013646934268346515, 0.009457429707553748, 0.012357909026856654, 0.008422870034780965, 0.008226453393392973, 0.006478045342851194, 0.005133013613805737, 0.005874856974724463, 0.0016070883467577198, 0.004135281002555782, 0.0016288574457775221, 5.849568274386493E-4, 0.0022806329953917012, 0.0015461683649334694, 0.0016882476654968529, 0.0016652154594036573, 0.0015802247509764636, -8.143783541306205E-4, -0.0023798361186100378, 7.173381029477713E-4, -0.0035861653915385304, 0.002642927994645956, -0.0037053495036481416, 0.00522539845607604, -0.0035420624885340716, 0.00582155189004952, -0.0024646121775564345, 0.006399197268780792, -0.002933221497940652, 0.004842077769174956, -0.0010188172572461645, 2.1951010449406053E-4, 0.0013195886624781928, -2.926177463619449E-4, 0.0018511977823741218, -4.8981584604774526E-5, 0.001768341914467042, 0.005571498631278813, 0.005689318989735806, 0.005594674580648243, 0.005703463084426494, 0.005510339531429486, 0.005558872859741571, 0.004821832071177673, 0.005730401280362477, 0.0036762061861691456, 0.00451137775629678, 0.0014951038000454934, 0.0038672611504349304, 4.406797499719258E-5, 8.414594886666064E-4, 0.002051154655761441, -0.0019343568053822751, 0.001982011332419538, -0.0017731883119017971, 8.903775275578525E-4, -4.4444516830541037E-4 ], [ 7.028679554368749E-4, -3.389289105977635E-4, 8.118491554791797E-4, -0.0015026001340759125, 0.0012572778509386962, -0.002032189651489147, 0.002760389765667559, -0.003158766374919628, 0.0047742591305837846, -0.003142316497661956, 0.005880634119657619, -0.0031938724972497413, 0.005757399421671193, -0.002009132855848506, 0.0030949056242250486, 1.4834437037743032E-5, 4.09012599774186E-4, 0.0017501457863764733, -4.741394680403648E-4, 0.0016086350587043378, -0.010208365414648453, -0.006524280048756638, -0.011797097039088386, -0.0045322486218178516, -0.014057261623091637, -0.0035754654595849486, -0.016775809944956803, -0.0022526953937951778, -0.01926278599573283, -0.0021462170194526662, -0.019208221175875097, -0.001465148433341678, -0.01680432114958936, -0.002204908119222656, -0.0093180467894559, -0.005199020825015035, -0.004905762213647916, -0.006293833964682871, -0.005647993552604169, -0.006143678719937229, 0.002295520984108908, 0.0017974807646682542, 0.0027834291539626794, 0.002213229347912825, 0.0030577440048185894, 0.002532807985591398, 0.0026635428619566433, 0.003136730973425638, 0.0030686877908951402, 0.0028313611846066196, 0.0031490603521284704, 0.002126579910697178, 0.0018208482776622553, -4.8246622147195327E-4, -0.0014905532874798183, -0.002269549197681622, -0.002008525048526793, -0.0026557238080423605, -9.116898694314976E-4, -0.0022909041882601074, -1.2619771455557008E-4, 9.674230672339806E-4, 2.7209240454261727E-4, 3.0543463969414557E-4, -2.3837556469710598E-5, -4.4636829584087463E-4, -3.805514094410702E-4, -0.0012120799774369808, -0.002404156821740345, -6.485116284754019E-4, -0.0046911049567579625, -0.002149028939442786, -0.006839796135040617, -0.0076217327749786516, -0.006050173491981947, -0.009684625969779261, -0.0059518681392299695, -0.008486910210629719, -0.008087927403807378, -0.007384080923655236, 0.003149872825099603, 0.0033123160638507546, 0.0028321940445802346, 0.0027497098809288606, 0.0030078202049150958, 0.0021801674591564618, 0.0044414187841878665, 9.446344981313435E-4, 0.005954025157680179, 0.0014116155419766439, 0.004435343010411115, 8.976806636246749E-4, 0.004457276534755029, -0.003550319737392536, 0.0019189601648502035, -0.003215532139668284, 1.8759646638377063E-4, -0.0023186485316780423, -5.226015826102613E-4, -0.001775834586535521, -0.0011270551821237554, 2.9356156370195254E-4, -0.001782587806634589, 0.0018938129633300777, -0.0018052474139686726, 0.003270096325860654, -0.0012973134542653873, 0.005009168144698215, 0.0013515427094211068, 0.006180520907746944, 0.00255177907820702, 0.006672282700994558, 0.004519027353054927, 0.002051613309461045, 0.0017686213373536237, -1.1094281928826985E-4, -4.689733603365082E-4, -8.826816211201622E-4, -9.71465386809984E-4, -0.0012623325144858336, 0.0030921996849188707, 0.0027170946130456878, 0.003091817136210368, 0.002808348935488321, 0.0030045932538002597, 0.0030616465101400976, 0.0025144237003895875, 0.003490572485849563, 0.002116456840160652, 0.0031689768721670755, 0.0015579053336299005, 0.0021798210323292584, -4.396751610730725E-4, 0.002754914440423221, -4.963412238535603E-4, 0.0024552545149366927, 6.651032915741991E-4, 0.0017000946992226356, 0.0018705447141444192, 0.001637103146691062 ], [ 0.003633031510273188, 0.005345785408599952, 0.0024756206355680123, 0.006444463999914567, 7.583515661924098E-4, 0.007100342379168964, -6.253812484175159E-4, 0.007312726918866858, -0.00198903629278709, 0.007343731097433187, -0.0031938724972497413, 0.007087111354447843, -0.0033211896243361514, 0.003931009317133121, -0.0014195262064652615, 0.0014409881400870316, 3.1308578537253236E-4, -0.0018132353639194634, 0.00182728254341923, -0.0012030295422085784, -2.1680625394861837E-4, -0.0025597958693890773, 0.00187936446720451, -0.005482841068698797, 0.0050226169150511205, -0.006553605939501021, 0.0076902879269903504, -0.007363763045155033, 0.009627249738054785, -0.006850708204031978, 0.008717445898062974, -0.004812353879897775, 0.004574440408547742, -3.3262200333383535E-4, -0.0018905305532243796, 0.0027954585862524357, -0.006102967885580797, 0.00440091623080511, -0.004742341408355439, 0.0018196033146047415, -0.004265103031582517, -0.004052020064565405, -0.004160225256398639, -0.003624103208335125, -0.0038441501105132194, -0.003482352025683451, -0.0031721633481102867, -0.0034741819108011123, -0.0030199717190988206, -0.0030340650185207286, -0.002503550326459922, -0.0019891263338700565, -3.110817508216267E-4, 2.854936366448626E-4, 0.0012166352766128012, 0.0024506150946900247, 0.002761146385440425, 8.465993300211747E-4, 0.002783850828033863, 0.0019640475505376185, 3.278777304303797E-5, 2.6488699779214636E-4, -5.102080245144195E-4, 0.0013944124358601204, -0.0012577370717208373, 0.0022767162685973998, -9.746616331119317E-4, -3.2417636213225904E-4, 6.012493083980575E-4, -0.0021126963064113514, 0.0015362389415502866, -7.530135842415085E-4, 3.6444066318379255E-4, 0.0043380095046271815, -0.0028011198264043585, 0.006000344340689439, -0.0030779034929118367, 0.005153446802081836, -3.65263877613997E-4, 0.0018879154546413044, 0.006424674404832107, 0.00700080380686193, 0.005734432678204687, 0.007532270802177721, 0.004059123365108227, 0.007415117547358551, 0.0032117612555820855, 0.00411361912034333, 0.002832307230762319, 7.125954846149592E-4, 0.0030307525602261314, -0.0012939990701821885, 0.0015896001173205372, 7.875945158886725E-4, -3.483507393402222E-4, 0.0015853656075790889,