f: 0.0
H: 1.0
lb: 1.0
ub: .inf
A: 1.0
b: 20.0
Aeq: []
beq: []
X: 1.0000000002806149
FVAL: 1.0000000005612297
