{
  "weights" : [ 0.16850965465176407, 0.15610958704760577, 0.15673455942545833, 0.14490132269381548, 0.15241190257036294, 0.13100977004458197, 0.14565051696660308, 0.11112665794595851, 0.12243387311650518, 0.07451741066147638, 0.08807752107536729, 0.013243465113867823, 0.06273725475916715, -0.03155491142788654, -0.04747809516540021, -0.04552930903631347, -0.04747416212152878, -0.039795429299435504, -0.041906271382946496, -0.033517808023133096, -0.0452348095623801, -0.044999638323371546, -0.052946463428501775, -0.054555018981293515, -0.06337612407541585, -0.0632191337775203, -0.07738102570533324, -0.07284004796001797, -0.09379991187568498, -0.07378856384369074, -0.094731961354295, -0.058614601533840044, -0.07461101613284812, -0.05419116039378011, 0.020194481915496942, -0.007627950593787446, 0.01357469784588958, 0.00238925986890231, 0.011356418628962231, 0.004324578254902607, 0.9807314475972804, 0.9818144753820945, 0.982913654402898, 0.9801239098791957, 0.981437396759513, 0.9770305222341157, 0.9781252869177569, 0.9732887005358963, 0.9768494739732798, 0.9649983637031162, 0.9702835499004896, 0.9408935936878903, 0.9186271511824344, 0.878835196214512, 0.8257426634768259, 0.821655580247336, 0.8266948946648367, 0.8270330310036835, 0.8312166522753979, 0.8437298109454582, 0.08503414566767344, 0.08981582715177017, 0.08032579377572645, 0.09670678509054104, 0.07772783196336734, 0.09568504158091007, 0.09242769109773935, 0.11747120301199072, 0.12244238317077777, 0.19568414624748043, 0.20738236425945347, 0.3355350557722696, 0.373145057692478, 0.48547064888248237, 0.5587864147019984, 0.5571830092341459, 0.5527408400122945, 0.5474004249188117, 0.5457456335419475, 0.5235316120163264 ],
  "covariance" : [ [ 2.823610929485735E-4, 1.2328849687046837E-4, 1.5668304278732928E-4, 2.1019666022810602E-5, 5.0072142745634294E-5, -1.6060490922354694E-4, -9.160644375258163E-5, -1.2681994338414404E-4, -7.05933196709573E-5, 6.302227205634144E-5, 9.897808779587493E-5, 2.793741046419355E-4, 6.437266361912573E-4, 5.839100574756273E-4, 4.6590345710381784E-4, 8.180747196872438E-4, 4.936936970510168E-4, 7.482710778770198E-4, 4.5326650907964337E-4, 7.541079165189412E-4, -2.2875384137005392E-4, -1.7493319525391037E-4, -3.432025534771755E-4, -3.159420427141083E-4, -4.292360385750813E-4, -4.439346951005519E-4, -5.481717792148362E-4, -4.4740665989621744E-4, -6.874924525302538E-4, -4.660822847758241E-4, -6.53058741822079E-4, -3.660258747251749E-4, -8.208849438457696E-4, -7.923794974431188E-4, -4.1214367970954723E-4, -9.395022223236002E-4, -6.280362572766062E-4, -8.463130612118741E-4, -6.751820456132103E-4, -8.26385553241332E-4, -4.227901311892477E-5, -2.4710865674679403E-5, -3.282856486119904E-5, -6.459288548367898E-5, -6.686611541513679E-5, -1.004325223396039E-4, -1.1220785621452927E-4, -1.449135780673177E-4, -1.291887319984755E-4, -1.642254842090865E-4, -1.1919582560447107E-4, -8.316306508747572E-5, -1.757541567292867E-4, 1.6655275952850084E-4, -1.736713358726743E-4, 3.760125630904595E-4, 5.396090379876314E-4, 4.8358414469116515E-4, 4.7565073943511187E-4, 4.5846984940047224E-4, -1.3920842494517384E-4, -9.302084024348354E-5, -1.855104043170061E-5, 2.3271286819641473E-4, 2.5939695137038423E-4, 5.973720351512146E-4, 4.83949131346739E-4, 5.434479244024348E-4, 3.2187365882527404E-4, 3.533369794996713E-4, 1.305630573462157E-4, 1.9037294529371327E-4, 1.4745249921126216E-4, -3.0620804633307885E-4, 3.113854793762047E-4, -5.16829187582848E-4, -6.643221738593169E-4, -6.090078265398779E-4, -5.809111739533985E-4, -5.993295670936303E-4 ], [ 1.2328849687046837E-4, 3.086253271310028E-4, 2.2677170674314864E-4, 2.1881627618917327E-4, 1.8616508430001607E-4, 2.890669033172536E-4, 1.9538927326698046E-4, 4.3070514598727156E-4, 7.694505036629488E-5, 6.870765557861098E-4, -2.3968327664976053E-4, 7.935118986969417E-4, -1.6472696223229153E-4, 6.341503476599195E-4, -6.710180654199155E-5, 5.027220727683034E-4, 1.363267468070972E-4, 2.3110167844244675E-4, 4.9900785252437517E-5, 1.8551998562254553E-4, -4.41219938896852E-5, 1.9225155897780074E-5, 2.8411779490922512E-5, 7.118240656279378E-5, 1.738892652959261E-4, 1.9784013002840947E-4, 2.099771651020466E-4, 2.778050611480826E-4, 2.2141046403953077E-4, 1.4582675940559193E-4, 3.072559892659907E-4, 4.284833859028946E-5, 2.0469783805448523E-4, -2.465605895997071E-4, 2.3977262089045802E-4, -2.777062241511571E-4, 1.0345861101831845E-4, -4.201211292659675E-5, 1.0623987805248132E-4, -2.3298101575338506E-5, -4.929705275556218E-6, -4.543645622640615E-5, 4.0886965737922076E-6, -2.5016802241057197E-5, 3.3509207667856605E-5, -1.2445736079023783E-5, 6.64967083094816E-5, -1.1949432171768907E-6, 1.3237540753962667E-4, -1.3397313299968907E-5, 2.0783261308202086E-4, -1.395664536611644E-5, -4.719334287479282E-5, 1.243669104178437E-5, -1.741412547033804E-5, 1.1910993598763611E-4, 1.0229438623714679E-4, 1.582821001662275E-4, 8.928507176984873E-5, 6.289333525840189E-5, -2.211051312634998E-4, -1.1286675390776403E-4, -4.192378800240823E-4, -1.8364214793308625E-4, -5.415021230623675E-4, -2.538029253517238E-4, -5.284914108605075E-4, -2.5960259802121653E-4, -6.277643582303302E-4, -9.012018495423233E-5, -5.30417833595987E-4, 1.934910652892091E-4, 1.6476665455926408E-4, -3.36275006534202E-5, 5.237484421165261E-5, -1.9999936688394702E-4, -1.4719482964448157E-4, -2.3927706842371145E-4, -1.2125185521834916E-4, -9.053822015417441E-5 ], [ 1.5668304278732928E-4, 2.2677170674314864E-4, 4.120832161443892E-4, 3.104962372827109E-4, 4.404353716466017E-4, 4.5879779863874253E-4, 4.439843460009338E-4, 7.395653655544644E-4, 1.356864517874176E-4, 0.001291719489814536, -7.666409497313156E-5, 0.0011042186068011223, 4.824250000929508E-4, 7.608068881120643E-4, 4.889074621794639E-4, 9.676514037637056E-4, 5.833157437507599E-4, 9.155177222458197E-4, 6.260868323256228E-4, 8.336820786399024E-4, -1.421437338523651E-4, -9.909181621797138E-5, -2.0878496342616258E-5, 9.549043758435136E-5, 4.598935464147337E-5, 2.4505863044138604E-4, 9.665963098098877E-5, 3.9731240432592526E-4, 1.6131811693096673E-4, 3.122098218804332E-4, 1.0483576308076262E-4, 2.647512710855439E-4, -2.7666863753953705E-4, -1.556196910592154E-4, 2.1897364721933988E-4, -6.928013090919565E-4, -1.5115807831398645E-5, -6.061114454405474E-4, -1.655673771883043E-4, -5.140893994580008E-4, -2.291368488615368E-5, -2.772405900631833E-5, -5.342752188885474E-5, 2.690352526365329E-5, -4.07884966387973E-6, 6.626768890789993E-5, 6.934087012310658E-5, 1.0019472331482866E-4, 1.820071873449021E-4, 7.940533139199515E-5, 3.2612694329909876E-4, 9.925037739092812E-5, 1.7732994907690002E-4, 3.2161652564767046E-4, 2.8719749618566986E-4, 6.597505469514032E-4, 6.661600398122783E-4, 7.347328499215729E-4, 6.436746207860746E-4, 6.182727198044373E-4, -1.5055413261827396E-4, -1.5602818809299878E-4, -2.8595308666118385E-4, -5.899145253075325E-4, -6.474839527985119E-4, -6.99327018159252E-4, -8.816762693149606E-4, -9.765907642088926E-4, -0.0011643968555070947, -8.786169101586006E-4, -0.0011761552280685932, -2.1995170967469398E-4, -5.854133886816272E-4, -4.6804739327055135E-4, -3.824856559092369E-4, -8.853229431953224E-4, -9.247957080553022E-4, -9.976551629237687E-4, -8.884749225767001E-4, -8.923433414537603E-4 ], [ 2.1019666022810602E-5, 2.1881627618917327E-4, 3.104962372827109E-4, 5.176904775025352E-4, 3.522744440897128E-4, 8.36530480434416E-4, 5.047177688864736E-4, 0.0012451539394717583, 8.71031221313316E-5, 0.0016527644105997974, -1.500968546569096E-4, 0.001270770051253127, -6.975141535358389E-5, 7.211421754044039E-4, 1.6649692866652215E-4, 6.209706649890687E-4, 4.4050014062524477E-4, 5.651173378528158E-4, 3.262899831898886E-4, 2.747760281248832E-4, 9.775463580057945E-5, 2.0335404676745822E-4, 3.597225461869931E-4, 4.831207063632662E-4, 7.299693788510778E-4, 8.745438155170714E-4, 0.0010200468257727145, 0.0011416762172332512, 0.001344582678079313, 0.0010003852314013025, 0.001258639855135837, 7.305632567079279E-4, 9.38989038361012E-4, 4.826111366661155E-4, 5.14450332140633E-4, 1.987422810122906E-4, 2.9166756138783944E-4, 1.5923601032047618E-4, 3.964494702317807E-4, 3.6926930771220297E-4, 7.875647580049653E-6, 2.152871560224396E-5, 7.150560731169879E-6, 1.0349493152639421E-4, 1.285853523004972E-4, 2.1617659986887536E-4, 2.6476186191678997E-4, 3.0179626724414403E-4, 4.922814627664021E-4, 3.8688263677833445E-4, 5.618046927944187E-4, 3.693234068992903E-4, 2.773987699922322E-4, 1.4143483107998132E-4, 3.857503189581156E-4, -7.392697357499163E-5, 1.8914579566594575E-4, 2.5991601848637356E-5, 1.484828324667125E-4, 4.054571278777925E-5, -1.8238861629987042E-4, -3.7619840348963017E-4, -6.366839781634358E-4, -0.001199203962980492, -0.0014294439842043316, -0.0018355914456072583, -0.0019818701668203975, -0.0020814454823509625, -0.002248863614916927, -0.0019012630061358193, -0.0017102852862492, -8.904038457106036E-4, -5.362537505070997E-4, -1.9782406434231157E-4, -5.960615519780868E-4, 1.9554465227700175E-4, -3.4829354994902404E-4, -1.570167840223248E-5, -2.7841202105312904E-4, -8.456927724941143E-5 ], [ 5.0072142745634294E-5, 1.8616508430001607E-4, 4.404353716466017E-4, 3.522744440897128E-4, 5.949469279863789E-4, 6.471195402336793E-4, 6.686128656020662E-4, 9.747157860751738E-4, 3.9099774311222987E-4, 0.0015423123260036712, 1.271062819356345E-4, 9.931388680839014E-4, 7.374463203906096E-4, 3.6517858967992616E-4, 5.948034382145297E-4, 7.391077573631195E-4, 5.947580076930062E-4, 8.570454867321114E-4, 6.631477649684991E-4, 7.646678745811498E-4, -8.529233473065294E-5, -7.339108284642471E-5, 9.194129662206321E-5, 2.3284587983059653E-4, 1.7975918241869642E-4, 4.7876566953292723E-4, 2.967859737052869E-4, 6.632963316690462E-4, 4.6854402980637914E-4, 5.930943307296315E-4, 3.381498659291186E-4, 4.891969578657063E-4, -7.670266670874553E-5, 1.952261481289942E-4, 4.3332797932098884E-4, -4.445244880035748E-4, 2.75486787290158E-4, -4.5720136301003134E-4, 4.559542588267368E-5, -3.6458297331808033E-4, -5.911297806242972E-6, -2.4887364266462724E-5, -5.211993899188717E-5, 5.784186379274571E-5, 1.637818066813408E-5, 1.1329581561126667E-4, 1.3268427630689928E-4, 1.7129266362180803E-4, 2.803013165332011E-4, 1.5909557881921437E-4, 5.215105328447192E-4, 1.739058045293652E-4, 3.9232244999081345E-4, 4.4899503679871923E-4, 4.282306725663332E-4, 6.422850991387765E-4, 6.476989514065409E-4, 7.569314992708104E-4, 6.58525876560462E-4, 6.080082833987312E-4, -1.216823356105848E-4, -9.363858612751455E-5, -3.108047915746349E-4, -7.71509026623919E-4, -9.125528038559141E-4, -0.0010563691815641868, -0.001316413523175221, -0.0015182479770612452, -0.0017139333367401184, -0.0014024485481972623, -0.0018466706919686706, -3.8670183241763974E-4, -0.0011319867579452662, -5.955059855863004E-4, -6.030178709655141E-4, -8.523416688425966E-4, -9.209651927614063E-4, -0.0010494656288096535, -9.427032207373298E-4, -8.968279868667643E-4 ], [ -1.6060490922354694E-4, 2.890669033172536E-4, 4.5879779863874253E-4, 8.36530480434416E-4, 6.471195402336793E-4, 0.001586839687181905, 9.378600137846592E-4, 0.0022888744058728308, 1.0064627335491243E-4, 0.002809978717332509, -3.928107341645962E-4, 0.0017488883310930686, -6.313093868883688E-4, 3.051331017416146E-4, 2.8467298482226054E-5, 1.7823131123217577E-4, 3.23302718703525E-4, 2.496428381722454E-4, 8.859288981266498E-5, -1.3546704875645033E-4, 3.358265657305997E-4, 4.3746171379691284E-4, 8.442334679441829E-4, 0.0010705279698786205, 0.0014651150810797383, 0.0018057669496421348, 0.0020072930234815035, 0.0022449253433257516, 0.002659947739105769, 0.0021145572437093704, 0.0024386899848425113, 0.0016525130814531966, 0.00199789001040712, 0.0016979795252697399, 0.0011675316349571896, 0.0010856321170030453, 0.0011742405601009843, 9.370758194405399E-4, 0.0013295490365608678, 0.0011692517469114527, 4.4418432689732094E-5, 5.207387217493388E-5, 2.1128147295845543E-5, 2.4208320752681705E-4, 2.496766562235201E-4, 4.4922548257656365E-4, 5.293644095667809E-4, 6.264958655976259E-4, 9.491672859122366E-4, 7.614431900355114E-4, 0.0010795374935499594, 5.925816166572502E-4, 5.776590752486271E-4, 7.067353031042091E-5, 7.57766544327411E-4, -3.5960619458797377E-4, -7.01760067921965E-5, -1.9899099461926197E-4, -7.594234495690477E-5, -2.3122035283113077E-4, -2.3539912732557227E-4, -5.619578176001015E-4, -0.0010607250191076683, -0.002300223326667143, -0.0026728593439502473, -0.003671634122258856, -0.0037230659832643144, -0.004119405918975733, -0.004072063746511635, -0.0034803595975102506, -0.003040606937417129, -0.0013236324589784478, -9.878110884763477E-4, -1.4477932460342762E-6, -0.0012313936147127784, 6.35371955069828E-4, -1.2539667207061615E-4, 2.6507929935182955E-4, -8.910546175123503E-5, 2.439768992578079E-4 ], [ -9.160644375258163E-5, 1.9538927326698046E-4, 4.439843460009338E-4, 5.047177688864736E-4, 6.686128656020662E-4, 9.378600137846592E-4, 9.414225980447481E-4, 0.001314567348659315, 7.072729855848724E-4, 0.0019528802500412043, 2.1078249682513517E-4, 0.0013566635108793197, 6.803168209327564E-4, 5.874969666993077E-4, 3.141771385388032E-4, 7.778328211992004E-4, 4.840869774420292E-4, 8.696210050387012E-4, 6.79257642804704E-4, 5.745623255259776E-4, 2.4113851056778813E-6, 4.4748585087033265E-5, 3.3766061539234677E-4, 4.8500253674539385E-4, 5.98397570621073E-4, 9.370668992732511E-4, 8.621819892651682E-4, 0.001221089844524692, 0.0011452143007254683, 0.0010363866641193388, 0.0010180453837682624, 7.88496712885298E-4, 5.725415919117768E-4, 5.07231735726814E-4, 9.155492315057273E-4, -7.362120901011285E-5, 6.308740941648912E-4, -1.3187855542154644E-4, 3.958112529369705E-4, 1.3016050707977556E-4, 1.3702237339278107E-5, -2.8659302748690288E-5, -2.5034916848218343E-5, 7.489931400912755E-5, 9.0316501636732E-5, 1.7095299822906734E-4, 2.5654373889254256E-4, 2.7170280335792247E-4, 4.433422879652756E-4, 2.9217671096753425E-4, 7.400487724209735E-4, 3.755331359174878E-4, 6.551091461601077E-4, 6.005267238366225E-4, 6.489808218266118E-4, 5.434986048321555E-4, 4.839736389356158E-4, 6.282081505759134E-4, 5.45878159062814E-4, 4.899077371814968E-4, -3.632034417356112E-5, -3.428071196617276E-5, -4.343042784548812E-4, -9.869466061226894E-4, -0.0013508826862113537, -0.0015577534371963202, -0.002098004967243561, -0.002082520107429758, -0.0024962897598071404, -0.002042752858413701, -0.0025208130843560952, -0.0010143325962488792, -0.001649374406099035, -8.41243628411007E-4, -8.937280472803178E-4, -7.265237823448495E-4, -6.960067233790638E-4, -9.407302215722186E-4, -8.162595650416883E-4, -7.786020348885951E-4 ], [ -1.2681994338414404E-4, 4.3070514598727156E-4, 7.395653655544644E-4, 0.0012451539394717583, 9.747157860751738E-4, 0.0022888744058728308, 0.001314567348659315, 0.003389937507425973, 2.3990355454721184E-5, 0.004175454100979587, -5.661457722756499E-4, 0.002562365817631685, -7.200062815675336E-4, 5.385698296000506E-4, 3.72228099096762E-4, 5.203497370323992E-4, 7.636246254983266E-4, 6.784592486578425E-4, 3.3030556027667724E-4, 1.3507087002923322E-4, 4.349668690509826E-4, 6.013781360131403E-4, 0.00114315988014937, 0.0014924435399786898, 0.0020299589584234466, 0.0025172072300482366, 0.002809919475850452, 0.0031748022253763283, 0.003774931108968612, 0.0030175985756364467, 0.0034063790729052397, 0.0023872694815687914, 0.002697094114518697, 0.002300527714837691, 0.0014925820345890219, 0.0012891247680764002, 0.0014461240040149702, 0.0010595741528139032, 0.0016968302805415094, 0.001377915330024143, 5.129997988019732E-5, 9.20541402521152E-5, 1.4630808346086946E-5, 3.685200821681055E-4, 3.441520936199761E-4, 6.757452291709461E-4, 7.479568514801927E-4, 9.267807714989695E-4, 0.001384735618931886, 0.0011375567309905546, 0.0015440643447899999, 8.553352387301077E-4, 7.011790694808745E-4, 1.2392863689865218E-4, 0.0010355099840526814, -4.225362386664033E-4, 1.62755053797544E-4, -1.349521059330643E-4, 1.1104698493605536E-4, -1.6647951045022452E-4, -4.360852157815476E-4, -9.673381197021688E-4, -0.0016137738699354804, -0.003526259628225278, -0.00392580879090538, -0.00546874786750862, -0.005403367777085251, -0.006173897083804399, -0.006029842121138351, -0.005198169424851851, -0.004442177195677673, -0.0017951677110686535, -0.001264370429693012, -3.4201508642313415E-5, -0.001722932521155244, 8.279327894209597E-4, -5.711721462642919E-4, 2.4383405527718722E-4, -4.431843310211933E-4, 1.4536989037996123E-4 ], [ -7.05933196709573E-5, 7.694505036629488E-5, 1.356864517874176E-4, 8.71031221313316E-5, 3.9099774311222987E-4, 1.0064627335491243E-4, 7.072729855848724E-4, 2.3990355454721184E-5, 0.0016030856099372795, 2.017180167575437E-4, 0.001231922226662202, 4.97174720003355E-5, 0.0020758681590501422, 3.0825132903634537E-4, 3.131663290357455E-4, 8.149382961369021E-4, 4.1561109574529036E-4, 9.92924821953963E-4, 8.143572527306202E-4, 6.735390418199337E-4, -2.0442877682036334E-4, -1.5742552890974873E-4, -1.1094461536025998E-4, -1.2901798617764507E-4, -4.608707242572607E-5, 6.548787050334148E-5, 2.07881514964752E-5, 1.661256224487453E-4, -5.025646641712399E-6, -1.145396711401525E-4, 2.667998934771918E-5, -2.4679510412204525E-4, -9.412567954225211E-5, -7.574788162618311E-4, 6.30697381446845E-4, -6.512044718289398E-4, 7.800680137438939E-5, -6.709334177606007E-4, -3.4727065525815297E-4, -3.627187079068904E-4, 1.0556259451913267E-5, -1.0133268414285146E-4, 2.7620634337992015E-5, -1.5124572388813348E-4, 5.5451457570240874E-6, -1.9093096298118583E-4, 1.5591026867300357E-5, -1.959268485244664E-4, -6.0222785105181015E-5, -1.9652918809737595E-4, 3.504500492132372E-4, 1.8583306805973476E-4, 5.043404870776481E-4, 0.0010367369179455487, 5.492263651125587E-5, 5.187335446263687E-4, 4.69829335716716E-4, 6.748678359822817E-4, 6.123484553658016E-4, 5.232411629587097E-4, 6.074433588856951E-5, 5.077261023669757E-4, -4.484050033949383E-5, 7.643968369333233E-4, -5.3334059503557776E-5, 9.782082279654165E-4, -3.379007440074551E-4, 4.5022624471277947E-4, -8.443664898788911E-4, -2.811416380613197E-4, -0.0018531549838864472, -5.756771488248893E-4, -0.0018362324251325194, -0.0015798781274033453, 1.2915267408317583E-4, -8.374330828320274E-4, -4.6535541706769254E-4, -0.001066514472845766, -8.002169348691686E-4, -7.757829193340163E-4 ], [ 6.302227205634144E-5, 6.870765557861098E-4, 0.001291719489814536, 0.0016527644105997974, 0.0015423123260036712, 0.002809978717332509, 0.0019528802500412043, 0.004175454100979587, 2.017180167575437E-4, 0.006175601211277435, -6.174476697603701E-4, 0.004794695319374111, 1.859172814004033E-4, 0.0025865793278537857, 0.001108992365306609, 0.002380973621996694, 0.0017453081867521369, 0.002218133072632211, 0.0016437024484738279, 0.0015515665568941338, 1.7234810668139162E-4, 3.753622959140441E-4, 9.93614877734615E-4, 0.0014665205294904075, 0.001892538669702774, 0.0026454251662878037, 0.002680859657954679, 0.003446772103660408, 0.003671825342109472, 0.003059927667679937, 0.0033148753786392004, 0.002247672176262898, 0.0019512007794032817, 0.0014451298885203522, 0.0015089165365458283, -2.4333731334140053E-5, 8.277701507791717E-4, -1.432543355543346E-4, 8.526427862068253E-4, 4.1317581195254117E-4, 4.99511903163379E-6, 4.83711147260585E-5, -9.539764255628338E-5, 3.7840992666810446E-4, 2.943880291088881E-4, 7.41693379850271E-4, 7.685640457227679E-4, 0.001033051424481831, 0.0014976068605426344, 0.0011791359322247184, 0.0019151396049832778, 0.0011220323950788607, 0.001362492886667037, 6.024809588830341E-4, 0.0018280748098514828, 7.811357778204577E-4, 0.0012402625361887143, 9.222306366144593E-4, 0.0010754161015054439, 8.695235299730663E-4, -4.7136902792166435E-4, -0.001088929982459609, -0.0016274670088414107, -0.004040156952914596, -0.004341481878503535, -0.005958977454024608, -0.006167405808294198, -0.0069518223951867235, -0.007076190596275647, -0.006378893442712141, -0.005959619649628643, -0.0029543695802003687, -0.0027676634437461592, -7.028240824976115E-4, -0.0027487813748779495, -7.209532990626872E-4, -0.0019941314755144426, -0.0012139527303942031, -0.0016663227252754853, -0.001358333078628298 ], [ 9.897808779587493E-5, -2.3968327664976053E-4, -7.666409497313156E-5, -1.500968546569096E-4, 1.271062819356345E-4, -3.928107341645962E-4, 2.1078249682513517E-4, -5.661457722756499E-4, 0.001231922226662202, -6.174476697603701E-4, 0.0018259801906984636, -9.654570586764919E-4, 0.003129300653339479, -2.4312621793766672E-4, 0.0012170980262560037, 7.318760524426853E-4, 9.782528748715144E-4, 0.0013111767095992256, 0.0011769448714137882, 0.0010994494044871542, -2.911672127275092E-4, -2.616305779178981E-4, -5.12742504601103E-4, -5.484790393259275E-4, -6.75524776152085E-4, -6.539435494532859E-4, -7.271681521806455E-4, -6.831778027295302E-4, -7.543226024463223E-4, -7.412400953942399E-4, -8.555713871797965E-4, -7.442157832538738E-4, -0.001005398396344119, -0.0012002991301999454, -5.365885211815897E-4, -9.8100927619133E-4, -0.0010368120543250603, -0.0013695277920254525, -0.0013242695724643505, -0.0011335631333722201, -2.1761559742194368E-5, -2.0411396093581282E-5, 5.2414813215264784E-6, -1.4565571394413828E-4, -8.287807144129917E-5, -2.2394798054906477E-4, -1.589175126849111E-4, -2.972814876991476E-4, -2.7201346896415623E-4, -2.354183220798083E-4, 2.4263455920893657E-5, 2.1094519232436217E-4, 4.1633490870477633E-4, 9.934992516405325E-4, -1.6532606368265573E-4, 1.894196123019973E-4, 7.687785724095047E-4, 5.045978972441355E-4, 7.542680190686798E-4, 5.919031052004537E-4, 7.795286182686832E-5, 3.271756641975992E-4, 3.713137330043196E-4, 0.0010270327307126605, 7.26722669341342E-4, 0.001586865302182201, 7.425983100105994E-4, 9.493391834473065E-4, 5.6954725040969114E-5, -3.102339130934574E-4, -0.0012542683378757714, -8.546411504973473E-4, -0.0018657283194354244, -0.0014740350279650444, 3.9526758947423823E-4, -2.174168722273392E-4, -8.241102359265408E-4, -6.554599348369706E-4, -9.205327526263286E-4, -7.577026076209621E-4 ], [ 2.793741046419355E-4, 7.935118986969417E-4, 0.0011042186068011223, 0.001270770051253127, 9.931388680839014E-4, 0.0017488883310930686, 0.0013566635108793197, 0.002562365817631685, 4.97174720003355E-5, 0.004794695319374111, -9.654570586764919E-4, 0.005409379657112959, -1.295167590529315E-4, 0.004688609948066948, 3.220046462355891E-4, 0.0035358845309556375, 0.001401330076541947, 0.0024933597339313325, 0.0018070802265535862, 0.0018646685055015533, -1.9313802585052716E-4, 5.0680070977429496E-5, 3.942034775286748E-4, 6.679865514340203E-4, 0.0010196554859116056, 0.0014153321543370107, 0.0014000711559254318, 0.0019627331105553604, 0.001714840090406583, 0.0013137075786988322, 0.0018299143939181672, 6.82529043487109E-4, 6.515637862806256E-4, -6.998991656762943E-4, 9.81991003932295E-4, -0.001408853546253295, -3.0611847178128404E-4, -0.0010106733039018981, -3.368606493067654E-4, -3.3345135338128925E-4, -5.4115226437671354E-5, -6.116038310851532E-5, -1.150058786494485E-4, 1.0942683552693765E-4, 1.398511538330995E-4, 3.3999032443607054E-4, 3.8737774316670727E-4, 5.129309239367113E-4, 7.647492758168714E-4, 5.058796061967333E-4, 0.0010606031209759884, 7.84703903085774E-4, 0.0010555855748127937, 5.346883556308714E-4, 0.0015574971395378276, 0.0015109521458128929, 0.001328552140872089, 0.001218092726436673, 0.001145393776530695, 0.00121311309362829, -2.434813041160262E-4, -6.469123452099207E-4, -9.409638802933367E-4, -0.0021035728777930502, -0.002368728173564044, -0.002897940995365354, -0.003519424769962209, -0.0031484873709329043, -0.003833128616914089, -0.0032954959801379286, -0.003326885093153155, -0.002666748405706157, -0.00186271117865698, -8.47030614099563E-4, -0.002088944420210701, -0.0018930295427285117, -0.0018555906314265845, -0.001733145464070628, -0.0015113712095186787, -0.0018473404618749487 ], [ 6.437266361912573E-4, -1.6472696223229153E-4, 4.824250000929508E-4, -6.975141535358389E-5, 7.374463203906096E-4, -6.313093868883688E-4, 6.803168209327564E-4, -7.200062815675336E-4, 0.0020758681590501422, 1.859172814004033E-4, 0.003129300653339479, -1.295167590529315E-4, 0.006783340768562208, 0.001232075950947455, 0.0032404038772989472, 0.0033798126228077366, 0.0028533456731688867, 0.004237816890775463, 0.00345306127569682, 0.0039098242143981886, -0.0010275388201980585, -9.430438761865814E-4, -0.0014716422866428013, -0.0013935438524553436, -0.002014731900760295, -0.0017247920861406115, -0.0023321419009755522, -0.0017053875037970514, -0.0026297960494933168, -0.0018664393082711808, -0.002824411419158601, -0.0016706952510765545, -0.0037510910493538134, -0.0033662521851476027, -0.0013586607496079777, -0.003905680951186995, -0.0027357422666609787, -0.004388604754780864, -0.003601667168190485, -0.0038819810979666344, -1.2906595848277387E-4, -1.0059348861696109E-4, -1.4162404715715394E-4, -3.102942247133272E-4, -3.1466825760289197E-4, -4.716668306916688E-4, -4.560294130212022E-4, -6.289288833251557E-4, -6.420711386109731E-4, -6.428968220599678E-4, 4.02113122476435E-5, 2.86289084061258E-4, 8.313936205929733E-4, 0.002316443148200324, 1.8855651227741825E-5, 0.0020138119406013103, 0.002905533582640299, 0.002603769976792082, 0.0027907989783764737, 0.002591032654785719, 2.2300671022846324E-5, 4.7714744080009454E-4, 8.004710747986725E-4, 0.0017163749260505547, 0.0015449140336735142, 0.003255211598744152, 0.0016368173830851392, 0.001849148279398901, 1.1855914064396657E-4, -5.894049094569747E-4, -0.0027019133987355106, -0.0015356666840816583, -0.00396941601878773, -0.0034907210436779038, 3.925489106975834E-4, -0.0026797893898353087, -0.0034662595635532828, -0.003457829505561679, -0.0034997235769440235, -0.0035160600275819256 ], [ 5.839100574756273E-4, 6.341503476599195E-4, 7.608068881120643E-4, 7.211421754044039E-4, 3.6517858967992616E-4, 3.051331017416146E-4, 5.874969666993077E-4, 5.385698296000506E-4, 3.0825132903634537E-4, 0.0025865793278537857, -2.4312621793766672E-4, 0.004688609948066948, 0.001232075950947455, 0.006042735443119065, 6.118840225156527E-4, 0.0047272095448949595, 0.0018224934523693032, 0.00335799407463566, 0.0025240998710761887, 0.002744162328661835, -6.261336922881839E-4, -3.2413185914847254E-4, -4.770542891078338E-4, -4.5025028279483954E-4, -2.045436146766478E-4, -2.915256519364464E-4, -2.132057637418632E-4, -3.67593206094224E-5, -4.54780656507987E-4, -8.472912235209742E-4, -4.429253001828146E-5, -0.0012599833754957939, -9.620115889702414E-4, -0.0034241979816827285, -2.4350459653196135E-4, -0.003122523183660597, -0.0023077075059954647, -0.0025470601482741, -0.002359050356620573, -0.0017596245253668783, -1.1590435661942299E-4, -1.0925808213180117E-4, -1.1451585554462032E-4, -1.7093399805375397E-4, -5.579037502020829E-5, -9.78182114298856E-5, -9.069728812901957E-5, -9.305919007297994E-5, -9.200305571911395E-5, -1.4307703013033388E-4, 1.0517669932677738E-4, 5.418809378988936E-4, 5.757111343291098E-4, 7.939442570248313E-4, 8.969414862752948E-4, 0.0019251597799097068, 0.0018418660761118232, 0.0014464515647941694, 0.0015617538519390657, 0.0016506446933620775, -1.369162784184387E-4, -3.210401550720152E-4, -1.9863850452928305E-4, 5.651777957568424E-5, -4.4093848788977295E-5, 6.402059674743896E-4, -3.572395292106797E-4, 7.789404431083574E-4, -6.069974841161467E-4, -5.537689511998348E-4, -0.0010821647219922312, -0.002365340333827929, -0.001250008923368314, -0.0014257057486920675, -9.284453587273485E-4, -0.0025007028888976582, -0.0023027217863597236, -0.001973620160188571, -0.001853317942207871, -0.0023491402905685215 ], [ 4.6590345710381784E-4, -6.710180654199155E-5, 4.889074621794639E-4, 1.6649692866652215E-4, 5.948034382145297E-4, 2.8467298482226054E-5, 3.141771385388032E-4, 3.72228099096762E-4, 3.131663290357455E-4, 0.001108992365306609, 0.0012170980262560037, 3.220046462355891E-4, 0.0032404038772989472, 6.118840225156527E-4, 0.002689185707510713, 0.0018496464357069292, 0.0022642541121612246, 0.002418639388430917, 0.002106956544709898, 0.0024871723091769286, -4.174009751303202E-4, -3.996727564289873E-4, -6.804341144916884E-4, -5.468051617251742E-4, -9.232660064051783E-4, -7.189867056062897E-4, -9.852066647199498E-4, -6.605260705046542E-4, -8.000450304657031E-4, -5.796864920121874E-4, -0.001123997452026589, -5.825253346428099E-4, -0.0018084368945376812, -0.001509271216686398, -0.0013119270130336508, -0.002051819096061798, -0.0019123924481950188, -0.002416573137082192, -0.0021168710382582427, -0.0023920583885038375, -7.035438280693346E-5, 5.445657438057916E-5, -1.3297542016209473E-4, 3.860517737699353E-5, -1.6464999311316075E-4, 5.036933470634166E-5, -1.5990229633412975E-4, 9.164394230845144E-6, -4.887528934559011E-5, 6.280053010364106E-5, 2.2789287626072597E-4, 2.42275963562688E-4, 2.9110851728711195E-4, 7.84658314720061E-4, 2.1496280282021308E-4, 9.536354808768048E-4, 0.0019444805902612992, 0.0012560150684634154, 0.0016649383603466509, 0.0013924295713668123, -3.387870054405629E-4, -4.5611659331486713E-4, 5.6305771389781706E-5, -5.094292761213959E-4, 3.332943589661073E-5, -7.987372405828264E-5, 9.385259695129995E-5, -9.473561981079901E-4, -0.0010066623878401465, -0.0017072071027286824, -0.0019740462910967887, -6.089127780686245E-4, -0.0016514412581899608, -9.819158116388953E-4, -3.4257880949006446E-4, -9.867251834111397E-4, -0.0026570651142377466, -0.001399517371016458, -0.0022152824956200483, -0.0018076401632755377 ], [ 8.180747196872438E-4, 5.027220727683034E-4, 9.676514037637056E-4, 6.209706649890687E-4, 7.391077573631195E-4, 1.7823131123217577E-4, 7.778328211992004E-4, 5.203497370323992E-4, 8.149382961369021E-4, 0.002380973621996694, 7.318760524426853E-4, 0.0035358845309556375, 0.0033798126228077366, 0.0047272095448949595, 0.0018496464357069292, 0.0049972193115578305, 0.0025466490242665725, 0.004448421827474229, 0.0032026845626872136, 0.003866495711095699, -9.383121103458612E-4, -6.585267074550316E-4, -9.151047817193884E-4, -7.70664414514234E-4, -9.285109807448208E-4, -7.569793378895749E-4, -0.0010593992262137048, -4.574465767971212E-4, -0.001373025740703987, -0.001023139614945337, -0.001241300992507358, -0.0010701352054413595, -0.002426898961670077, -0.003410314316806655, -4.996760126058416E-4, -0.004077368639702218, -0.0024085335205530495, -0.003787549961160668, -0.002862374401476563, -0.0030430554218187165, -1.5418179539833035E-4, -1.2279444266177845E-4, -1.6807528711324264E-4, -2.0659029214155063E-4, -1.6989976752010514E-4, -2.0375617965357655E-4, -2.091842469199601E-4, -2.458389309215564E-4, -2.062698643863312E-4, -3.030697568262053E-4, 1.5060779062791056E-4, 4.086550896872348E-4, 4.6967932645154166E-4, 0.001569117516774667, 5.760280386682669E-4, 0.0025543183131270302, 0.0028047969720377155, 0.002597579411747588, 0.0026034697875171806, 0.002580312942411123, -1.9326601083138347E-4, -1.906628551498443E-4, -5.435551659227879E-5, 2.0609957693755866E-4, 1.810020506681499E-4, 0.001152356106759697, -9.49456334861452E-5, 5.998317131203299E-4, -9.311726507173499E-4, -8.496087291424325E-4, -0.001949872849110734, -0.0018197402708508472, -0.0020631996010271963, -0.002592197467985, -4.217880274391448E-4, -0.0034244060178290174, -0.0035191659033467705, -0.0034925955718971657, -0.003288936775241546, -0.0036157316829578947 ], [ 4.936936970510168E-4, 1.363267468070972E-4, 5.833157437507599E-4, 4.4050014062524477E-4, 5.947580076930062E-4, 3.23302718703525E-4, 4.840869774420292E-4, 7.636246254983266E-4, 4.1561109574529036E-4, 0.0017453081867521369, 9.782528748715144E-4, 0.001401330076541947, 0.0028533456731688867, 0.0018224934523693032, 0.0022642541121612246, 0.0025466490242665725, 0.002284381648554043, 0.0027410899418947293, 0.0022118451657234446, 0.0025231257598997167, -4.045989063549105E-4, -2.705850458901448E-4, -5.015629781195096E-4, -3.6529985073451823E-4, -4.692369469808749E-4, -3.29081160913652E-4, -3.9637482205449426E-4, -1.3389637577486575E-4, -1.7536101777625642E-4, -2.890134187627865E-4, -3.7352433182523994E-4, -4.727837525107108E-4, -0.0011417419591130044, -0.0017322099505259242, -9.07777724994958E-4, -0.002084908828969542, -0.0018869414645143081, -0.0022932223396477155, -0.001979926501523321, -0.0020223670771717106, -7.20395827621188E-5, 3.240554713931607E-5, -1.0264895719778898E-4, 1.824427260842318E-5, -7.960997094759505E-5, 7.624593439983787E-5, -4.633498408058465E-5, 6.728383297154893E-5, 1.1396380985684648E-4, 1.5572131987301688E-4, 3.7406934680000114E-4, 4.4042427583433234E-4, 3.593434059325229E-4, 8.417561560094998E-4, 3.513841270526187E-4, 9.238396607808107E-4, 0.001882701681551401, 0.001153059223768637, 0.0015993750179868194, 0.0013260584032107091, -3.8042675362913567E-4, -5.602570870829389E-4, -2.77667876088041E-4, -7.224128667857346E-4, -4.856803096994261E-4, -4.829641526046095E-4, -6.717816225726735E-4, -0.0012217131737619286, -0.001711889195890399, -0.0020666768524618844, -0.0023334278377216636, -0.001237580102335008, -0.0016139622262357758, -0.0011741010716227356, -4.7392253347592353E-4, -9.602599081109744E-4, -0.0025531213206335225, -0.001310144976478498, -0.0021159216663852645, -0.0017471311609010137 ], [ 7.482710778770198E-4, 2.3110167844244675E-4, 9.155177222458197E-4, 5.651173378528158E-4, 8.570454867321114E-4, 2.496428381722454E-4, 8.696210050387012E-4, 6.784592486578425E-4, 9.92924821953963E-4, 0.002218133072632211, 0.0013111767095992256, 0.0024933597339313325, 0.004237816890775463, 0.00335799407463566, 0.002418639388430917, 0.004448421827474229, 0.0027410899418947293, 0.00456927889245527, 0.0033107703148889727, 0.003968209137545581, -9.027943162076846E-4, -6.671795804825933E-4, -8.887968210875177E-4, -6.829939880960212E-4, -9.82785454465402E-4, -6.594043015213673E-4, -0.0010485218266318105, -3.146068390454124E-4, -0.0012092055402373578, -6.608338781341281E-4, -0.0013398593815337591, -5.813243265783842E-4, -0.0025862887824724193, -0.0026328060331149332, -5.437281267822836E-4, -0.0037687015382320242, -0.0021683305802521445, -0.0038718781043333805, -0.0027208588362747583, -0.0031484535578001228, -1.4659560412524835E-4, -6.8546604018569E-5, -1.730089823715391E-4, -1.3505978449099737E-4, -1.7301366695036345E-4, -1.2549142909353177E-4, -1.7406553220066418E-4, -1.564582660792531E-4, -1.1688563144298921E-4, -1.5676008605486607E-4, 2.6290363661957193E-4, 4.920617877663755E-4, 5.52657162675415E-4, 0.0018431331326315323, 5.439368442392373E-4, 0.002415672640000372, 0.002968583226379614, 0.0027314815731454287, 0.0028150735547798813, 0.0026999981311178305, -1.1326638294853312E-4, -1.8705797435576385E-4, 6.03607872798956E-5, -1.3183240023492026E-4, 4.086809764744601E-5, 6.493999177973226E-4, -4.488601118408556E-4, -3.087609459047917E-4, -0.0015504548227530833, -0.0017435996940427698, -0.0025938118737950035, -0.0019475101756442118, -0.002671731037791958, -0.0029508008985495836, -4.407508074870057E-4, -0.0031927344988983003, -0.0037633749963013824, -0.0036240610320749313, -0.0036481608933777196, -0.003771977379400886 ], [ 4.5326650907964337E-4, 4.9900785252437517E-5, 6.260868323256228E-4, 3.262899831898886E-4, 6.631477649684991E-4, 8.859288981266498E-5, 6.79257642804704E-4, 3.3030556027667724E-4, 8.143572527306202E-4, 0.0016437024484738279, 0.0011769448714137882, 0.0018070802265535862, 0.00345306127569682, 0.0025240998710761887, 0.002106956544709898, 0.0032026845626872136, 0.0022118451657234446, 0.0033107703148889727, 0.002703295901308348, 0.002998276199138695, -6.328101891244081E-4, -5.321753436120301E-4, -7.004230239288067E-4, -5.865877503622581E-4, -8.696253490374849E-4, -6.284843102512537E-4, -9.406570385826461E-4, -4.6279994613766817E-4, -9.942771641329431E-4, -7.185791738008681E-4, -0.0011139152517471902, -7.675112926941697E-4, -0.0020325750424885513, -0.002220370708433112, -6.968342364430394E-4, -0.002793397115499345, -0.0019651429699437464, -0.002958218965764001, -0.0023921786563755112, -0.0024887862035139915, -9.801337096553014E-5, -3.0793476461813236E-5, -1.5167856790396003E-4, -7.694264187788949E-5, -1.6539258033603828E-4, -6.414286883826091E-5, -1.7442112370040833E-4, -8.77531541776974E-5, -1.6298909789815816E-4, -1.0005916602695897E-4, 2.0514819287162361E-4, 4.250135409589868E-4, 6.924127047004436E-4, 0.0013231406708804417, 6.421035468669139E-4, 0.0018367126110086503, 0.0022625435814703555, 0.001907316396757006, 0.0020785707481133257, 0.0019919641412918096, -2.7230628659074662E-5, -9.941611022811622E-5, 2.9259176180322795E-4, -1.2128881008400161E-5, 3.067347557299107E-4, 6.16363465185609E-4, -1.0991880662337939E-5, -1.3789030235294682E-4, -8.902857719485412E-4, -0.0014494092212639451, -0.002095088190694326, -0.0017189317954583107, -0.002531018399301606, -0.0019906729613975525, -7.048240492219589E-4, -0.0023275962188600403, -0.0029055257329932633, -0.0024855664939035776, -0.0026710843406363874, -0.002767272164648807 ], [ 7.541079165189412E-4, 1.8551998562254553E-4, 8.336820786399024E-4, 2.747760281248832E-4, 7.646678745811498E-4, -1.3546704875645033E-4, 5.745623255259776E-4, 1.3507087002923322E-4, 6.735390418199337E-4, 0.0015515665568941338, 0.0010994494044871542, 0.0018646685055015533, 0.0039098242143981886, 0.002744162328661835, 0.0024871723091769286, 0.003866495711095699, 0.0025231257598997167, 0.003968209137545581, 0.002998276199138695, 0.003753082824059799, -9.102736109183239E-4, -7.876780491856067E-4, -0.0010810826051601476, -9.20971017917723E-4, -0.0014355619916934083, -0.0011509334547837905, -0.0016984940477638047, -0.0010022217822948823, -0.001989941928495156, -0.001199715953758889, -0.002095597101494235, -9.884971316622602E-4, -0.003163741719103397, -0.0027939853459543872, -9.747873414848676E-4, -0.0038339613288453545, -0.00228104895259745, -0.00383460627536592, -0.0028702147714764056, -0.0034309365720324916, -1.4528683063286943E-4, -7.432638465974052E-5, -2.020867385810536E-4, -1.4590660461540308E-4, -2.650543054603958E-4, -1.9151235104246665E-4, -3.211400464164535E-4, -2.64915855571292E-4, -3.491073362851165E-4, -3.4389945205005965E-4, 1.2453105050449348E-5, 1.7134188958842082E-4, 3.447459186982257E-4, 0.0015040097716842312, 3.684080272972154E-4, 0.002479954956540857, 0.0028612277931508263, 0.002692114870029941, 0.002679944132162027, 0.002619686287306593, -1.4902226980831153E-4, -1.027053034097937E-4, 3.248182418516824E-4, 2.6876666813665E-4, 6.85320786102454E-4, 0.0013443892525585855, 6.588387632692386E-4, 5.421404025028561E-4, -3.127382337702959E-4, -6.782378254360719E-4, -0.0016486790060491517, -9.51720690297317E-4, -0.0021074459537563143, -0.0023423832840517396, -2.4655077502390985E-4, -0.003291638478590274, -0.0036545115887481948, -0.00353443997892377, -0.0034459777844050637, -0.003625450714516733 ], [ -2.2875384137005392E-4, -4.41219938896852E-5, -1.421437338523651E-4, 9.775463580057945E-5, -8.529233473065294E-5, 3.358265657305997E-4, 2.4113851056778813E-6, 4.349668690509826E-4, -2.0442877682036334E-4, 1.7234810668139162E-4, -2.911672127275092E-4, -1.9313802585052716E-4, -0.0010275388201980585, -6.261336922881839E-4, -4.174009751303202E-4, -9.383121103458612E-4, -4.045989063549105E-4, -9.027943162076846E-4, -6.328101891244081E-4, -9.102736109183239E-4, 3.2933273352048735E-4, 3.1595388064821484E-4, 4.5172749529908654E-4, 4.46466256038544E-4, 6.760449683971898E-4, 6.379371894179948E-4, 8.811399422600611E-4, 6.834796101789455E-4, 0.001157352939167867, 7.212377039122498E-4, 0.001100830970101307, 5.343281295079232E-4, 0.0012888111579413752, 9.79710129445466E-4, 3.130992460751959E-4, 0.0012167560227973088, 5.991853651615812E-4, 0.0011229631533258026, 8.437189063164115E-4, 0.001052749265717447, 4.862024433744437E-5, 5.699258293625987E-5, 5.384069600301004E-5, 1.1468868548301933E-4, 1.1822596938792009E-4, 1.840658378765257E-4, 1.892980356138761E-4, 2.4106805662946857E-4, 2.966633489340876E-4, 3.1506912825343073E-4, 2.1304542341266743E-4, 1.3177584911219683E-4, 2.2413599356988316E-5, -4.125778968107727E-4, 8.150795962451928E-5, -7.935086557709006E-4, -6.833092705172653E-4, -8.36794642448582E-4, -6.850165925454405E-4, -7.50311512353863E-4, -4.203558789421715E-5, -1.9215874831483623E-4, -3.0473869516660715E-4, -6.793456304268243E-4, -7.338001919210401E-4, -0.0012632799783466226, -9.377943064351764E-4, -0.001170551505514598, -8.338045311929343E-4, -7.691955960989552E-4, -2.5942198321422496E-4, -1.1976086718404639E-4, 3.344873849810616E-4, 6.983793739810901E-4, -2.610516811748294E-4, 0.00