{
  "weights" : [ 0.03723391042142388, 0.02008496619367981, 0.030648502319899535, 0.014793271144470245, 0.022009948402246005, 0.010794905142706597, 0.018754680157222647, 0.020047922056719864, 0.006572218891828895, 0.023425821751868817, 0.00615075672297502, 0.007952755441406653, -4.895071857170005E-4, -0.015537572063454816, -0.01772959558901482, -0.013576298288608117, -0.020787080852483802, -0.013454928706155833, -0.01929168039287414, -0.008328550957474716, -0.05565031742720772, -0.054287839886634805, -0.05203005654501446, -0.04657752880122086, -0.04560800876631843, -0.03344752210621355, -0.035419817388749254, -0.030223424636535476, -0.02414883272442168, -0.027618796117625265, -0.022756783490699664, -0.02973263852583483, -0.01559779487057503, -0.017383559944545667, -0.0044248536001691525, -0.012772920327021493, -0.0022604518533425708, -0.007607071481738374, -0.003530279764436549, -0.006311625274227949, 0.984914774499528, 0.9875130115185533, 0.9884749998572805, 0.992573275914937, 0.9922737088535393, 0.9959194086797497, 0.9916262105581056, 0.9922732137179039, 0.9824751201534472, 0.9811875491685605, 0.9678408309777264, 0.9638295805005771, 0.9487276223411298, 0.9412811255586742, 0.9293619066589286, 0.9290632711519673, 0.9204406316899332, 0.9223848610639114, 0.9205867613189701, 0.9280746000581444, -0.08967375762213135, -0.07891523336278067, -0.06162378722669315, -0.03162443139429608, -0.018030840941902035, 0.03396518491906717, 0.07010080058552379, 0.09818921069829563, 0.16528318689541927, 0.1802163247752132, 0.24033071251474958, 0.2573185206208904, 0.31214016102282904, 0.33078767801859055, 0.36475823075583913, 0.3644325576616981, 0.38385265801309976, 0.37839656238111746, 0.3828132413640641, 0.36237923551557905 ],
  "covariance" : [ [ 0.0023333259155564373, 0.001987573873649328, 0.002770966098548764, 0.0014694628494320934, 0.0019448807542193, 0.0016937224591192948, 0.0017737665060955036, 0.0015476624993672888, 0.0015027646318864184, 7.315376923869669E-4, 0.0012811616851496487, 3.411528832436202E-4, 7.342581210170182E-4, 1.183279810978845E-4, 7.727107058117294E-4, 1.237925704609515E-4, 5.932805540722296E-4, 5.806218963511804E-4, 1.8441337086291487E-4, 7.123437877196181E-4, 0.003033073568379653, 0.0029917828730217514, 0.002810584304056269, 0.0028310482745106894, 0.0025663729883372167, 0.0023123650489691415, 0.0021646250221029873, 0.001911444635730244, 0.0012327427009453953, 0.0014989217027351108, 5.257562280620847E-4, 0.0010876731018707828, 9.797500126237034E-5, 8.682779597123682E-4, 6.016126422097276E-5, 4.00543106442635E-4, 8.266077799368617E-5, 2.3276168525624723E-4, 2.648140394293762E-4, 2.2445177154986954E-4, -9.679502856023789E-6, 4.15828693801269E-5, 2.5456960212197523E-5, 1.4082791097987227E-4, 1.532364710345885E-4, 1.8125200640031611E-4, 2.6253728236104847E-4, 2.0305850785664096E-4, 4.159579023422645E-4, 2.0496815300491427E-4, 5.240422331256061E-4, 3.026082650436754E-4, 4.886911058760525E-4, 2.745932234920048E-4, 4.1035602793066994E-4, 3.5446117733874637E-4, 4.750381455090979E-4, 3.2182903984069247E-4, 5.23666287033692E-4, 3.3507899736511285E-4, -0.0029836027409682916, -0.0030720441870627693, -0.0030640811469358495, -0.002712419301179545, -0.0027480628383233247, -0.0027303066581371637, -0.0021636142654852053, -0.0022203430586982607, -0.002431987159434173, -0.001127163967165088, -0.0024917596298454675, -9.807378671588796E-4, -0.001839877996670561, -7.144733841070133E-4, -0.0011639831253325837, -9.244468411496236E-4, -0.0012476574770325188, -7.976826195069221E-4, -0.0013433333920062729, -9.057575048140863E-4 ], [ 0.001987573873649328, 0.0025933156787358246, 0.0021215276872196234, 0.002116092000726181, 0.0016389232691308862, 0.0018974699958270113, 0.0015698731626624081, 0.0014883712691786048, 0.0013215968713108828, 4.979503062735401E-4, 0.0011019203351927036, -5.214555013485309E-5, 1.9986619832170537E-4, -1.445002848834906E-5, 6.461368537940116E-4, -1.34233608895206E-4, 4.872158140469072E-4, 2.0141023315099375E-4, 1.3179310744036114E-5, 3.0889781523833916E-4, 0.003535777873315571, 0.003641339946889138, 0.0033111075587592014, 0.003438970390448676, 0.003085656593744279, 0.0028080095790775335, 0.002647062503462337, 0.0023520825673177454, 0.0016241488646344788, 0.001837374028267444, 7.79865637100462E-4, 0.001415039220370649, 3.006428165603289E-4, 0.0011111120271775875, -4.705330960998299E-6, 5.86425835014262E-4, 8.500488807820402E-5, 3.667437304575829E-4, 3.6284372950124555E-4, 4.030134981890591E-4, -7.471591966974229E-5, -5.440675310127509E-5, 9.658324791112223E-5, 9.140197022197259E-5, 2.3401289137466326E-4, 1.9031398953311038E-4, 3.050165542360159E-4, 1.393075395329143E-4, 3.3056585543523003E-4, 1.1734711105841888E-5, 3.546480843774054E-4, 3.7855621931203026E-5, 2.728918072862211E-4, -5.3733889745221587E-5, 3.4143924796858547E-4, -1.9713789524109175E-6, 4.577459784264416E-4, 1.705804364543691E-5, 4.440200873428314E-4, 1.0046315860125652E-4, -0.004030330371836394, -0.0036745427420684334, -0.0036031783022206993, -0.002814488008472704, -0.0029700209851859375, -0.0027649291011502286, -0.001201726649431349, -0.0019685224562160557, -0.0010460208968876672, -5.535952760133371E-4, -0.001242703210091664, -2.5450442013684113E-4, -8.273064032513851E-4, 6.74907882847477E-5, -7.995719039205449E-4, -1.2256207800702472E-4, -0.001042264852147142, -9.220454361747108E-5, -0.001029832896274237, -2.777711972257522E-4 ], [ 0.002770966098548764, 0.0021215276872196234, 0.0035330029755699754, 0.0014541888220650128, 0.002488329190064125, 0.0019020353198221348, 0.0022785085587105442, 0.0017321117496592647, 0.0020187660883131823, 8.764375109644472E-4, 0.0018064455478415272, 4.140624745237788E-4, 0.0012638559237640294, 8.838194271133428E-5, 0.0012947924074226485, 1.6041389337923502E-4, 0.0012914161131782399, 7.604367863889662E-4, 7.679073979540358E-4, 0.0010813611179147876, 0.0030153107368977006, 0.002969459894024982, 0.002738012591138917, 0.00284473527426601, 0.002454943519247749, 0.002358872168390774, 0.0020224278366999565, 0.001946016594448314, 0.00104051011606232, 0.0015205932333205356, 3.244486048138776E-4, 0.0011085548714999264, -1.4889488655717788E-4, 9.736128716599651E-4, -8.754002772484125E-5, 4.615821842840756E-4, -1.056871617382577E-4, 2.0586867366060397E-4, 9.507782496999805E-5, 1.240440341893834E-4, -4.139240433710548E-6, 6.781180271981975E-5, -9.232330436547511E-6, 1.7210345468722562E-4, 1.4922136998956107E-4, 1.8648839192874985E-4, 3.0131747882038243E-4, 2.2808946806093032E-4, 5.583561380581643E-4, 2.644952482873202E-4, 7.374607403459055E-4, 4.055627793434543E-4, 7.026223469508144E-4, 4.169080533683692E-4, 5.643588633753722E-4, 5.58153779209054E-4, 6.86070971761029E-4, 5.749134709210931E-4, 7.762053358474488E-4, 5.900766236462188E-4, -0.0029029157533149823, -0.0030676837871961853, -0.0031709217934788717, -0.0028301170011707415, -0.0029282668064123233, -0.003030631262933753, -0.002677972085250528, -0.002598551379368079, -0.003309480473805607, -0.0014033708962243531, -0.0034657431641244, -0.0012720473516623027, -0.0025934886762334144, -0.0010470715811836753, -0.0015759792282252236, -0.0014206950663310177, -0.0017473961330251608, -0.0013989012630647132, -0.0019365798058696532, -0.0015420608413356696 ], [ 0.0014694628494320934, 0.002116092000726181, 0.0014541888220650128, 0.0019708908810995907, 0.0013538242472886253, 0.0014855291135395952, 0.0014466594481907227, 0.0010972898532897433, 0.0013512743714136322, 3.231979139752397E-4, 0.0011471346762529067, -8.114431292635146E-5, 3.2790301762411316E-4, 4.8481934871291436E-5, 6.83928028630854E-4, -1.108266299263535E-4, 5.71926234586162E-4, 9.010805925616836E-5, 2.0172885973931184E-4, 1.8830613578391374E-4, 0.0026309313551591954, 0.0027404656705826928, 0.0024473251734866016, 0.002581606995591576, 0.002282545190418063, 0.002103139406409273, 0.0019193629884456066, 0.0017442759935926734, 0.0011413909320037551, 0.0013226252192755702, 4.7155454251155565E-4, 0.0010200017317329203, 7.60766804857179E-5, 7.143990977842849E-4, -1.9538993595125695E-4, 4.1178027516423904E-4, -1.3300912480677165E-4, 2.9686447991218273E-4, 1.0490546805901696E-4, 2.9473663208985743E-4, -7.236171716114999E-5, -6.96099475994552E-5, 8.108467019646366E-5, 1.422928136358656E-5, 1.6799498405338482E-4, 1.2609149957033434E-4, 2.1587694841410394E-4, 1.0015089467284622E-4, 2.553085922455744E-4, 2.0015985533248526E-5, 2.899350115961444E-4, 3.795574842405666E-5, 2.524698307084054E-4, -2.7142548084719542E-5, 3.629235139906953E-4, -2.7075689954030324E-5, 4.7700703122687156E-4, -4.557865408974724E-6, 4.4631662615882877E-4, 1.068913493141813E-4, -0.003086703319714389, -0.0028679019669331776, -0.002645105877780379, -0.0023193474770061184, -0.0022712570781941873, -0.0023023601560903414, -0.0010115076731333885, -0.0017084819163026735, -9.430751642082973E-4, -6.043742733136394E-4, -0.0010492436736290853, -2.607867601863716E-4, -7.957886525333671E-4, 2.9715480991401103E-5, -8.603368206519627E-4, 2.7208099667336044E-6, -0.0010464819022039764, 2.4792446578063065E-5, -9.869408991205915E-4, -2.2740631635856037E-4 ], [ 0.0019448807542193, 0.0016389232691308862, 0.002488329190064125, 0.0013538242472886253, 0.0021953011102317827, 0.0012905218619607148, 0.0023048169710390546, 0.0011437390362378451, 0.0021977248580182145, 4.8787210435758484E-4, 0.0019917624113871867, 1.7114415407957126E-4, 0.0013524597108526043, 5.618589221106896E-5, 0.0014998237628126839, 9.428898577284938E-5, 0.0015239573678589489, 6.01906797892457E-4, 0.0010405446981606914, 9.52313047009789E-4, 0.0016482759448842744, 0.0016823909579082926, 0.0013915725124935073, 0.0016329493009004394, 0.0011816436580031895, 0.0013635406756854998, 8.485916558903767E-4, 0.0010823081950447286, 1.9562020827666244E-4, 8.052562890980363E-4, -2.5661098307728776E-4, 5.666055425655796E-4, -5.566966718554208E-4, 5.23812642689239E-4, -5.21944699614665E-4, 1.9695318783842584E-4, -4.478294990009854E-4, -9.784988519489934E-6, -2.5859282178451737E-4, -9.080944896250312E-5, -5.0442872458618205E-5, -2.1389703111355767E-5, -2.2815603546215858E-5, 2.9249892834557084E-5, 7.663709597980862E-5, 1.0137564168882546E-4, 1.875134137413291E-4, 1.8546017413997862E-4, 4.221851093065595E-4, 2.5839476258068844E-4, 5.726847023481226E-4, 3.2963355295441486E-4, 5.655767601276706E-4, 2.1763155959092308E-4, 5.535080150015405E-4, 3.5995644642985145E-4, 6.854490778289984E-4, 4.762211568742043E-4, 7.597894890066055E-4, 5.694402368730285E-4, -0.0018829721779586828, -0.002251711000573723, -0.001883598057304931, -0.0023466535260374018, -0.0018648086952205893, -0.002488946272994676, -0.0019225014486896701, -0.0023341716567969453, -0.0024921371286946454, -0.001486098936749431, -0.0025478730193413965, -0.00110529884169768, -0.0019701593510859147, -5.339588791134816E-4, -0.0014714378240878088, -8.726478788067257E-4, -0.0016561361612952832, -0.0010782962175296235, -0.0018079050206270429, -0.001386654574520869 ], [ 0.0016937224591192948, 0.0018974699958270113, 0.0019020353198221348, 0.0014855291135395952, 0.0012905218619607148, 0.0017523911834186863, 0.0011311583918809428, 0.0016271800345703412, 9.293287858405924E-4, 9.566969313447228E-4, 8.62699627758562E-4, 3.8103368133145027E-4, 5.280270487682908E-4, 8.7216652657651E-5, 8.907740787002649E-4, 1.0594886879445186E-5, 8.378424746755279E-4, 3.139029629102604E-4, 4.3098789442499796E-4, 5.587297789389714E-4, 0.002389655817667512, 0.002381569849719195, 0.0022029408172219347, 0.002224542278683111, 0.0020439032096933275, 0.0017472752714439682, 0.0017815318242783895, 0.001410418315641785, 0.0010324939052147497, 0.0010738889917580607, 4.004423748648934E-4, 8.051116706287555E-4, 6.548207074953192E-6, 7.433375320994178E-4, -1.4678495781192218E-4, 4.0230803427976624E-4, -1.505150917932061E-4, 2.2049932857846603E-4, 7.420200332843187E-5, 1.0109392536781103E-4, -3.4639602571493216E-5, 1.3953136703080754E-5, 1.2387821616836668E-5, 1.124233262016329E-4, 1.0991279155511865E-4, 1.3641202748593799E-4, 1.815037180459983E-4, 1.0437407387954403E-4, 3.0862971982662505E-4, 3.064458434664605E-5, 4.0541027767933936E-4, 2.0616231318934387E-4, 4.0257581652085116E-4, 3.1688032842971595E-4, 4.471680331845052E-4, 3.2107915375064405E-4, 6.481291985657586E-4, 3.2473935556585204E-4, 6.37182379950464E-4, 3.973146163194814E-4, -0.0025542627764556084, -0.002282115260262841, -0.002523572419443033, -0.0017865667594653793, -0.0019266400941149783, -0.0021918901463688144, -9.130923692477719E-4, -0.0017728169555513765, -0.0013691007995012205, -5.736194932429221E-4, -0.0017210697604799286, -8.111075977488687E-4, -0.0013370769619933409, -9.015800954508015E-4, -0.0010425007131892052, -9.302026367573578E-4, -0.001405632537424569, -8.36393308271781E-4, -0.0013942584970180424, -0.0010053295578052578 ], [ 0.0017737665060955036, 0.0015698731626624081, 0.0022785085587105442, 0.0014466594481907227, 0.0023048169710390546, 0.0011311583918809428, 0.0026807206988313337, 9.304873795648611E-4, 0.0026729146532086206, 3.325541569400669E-4, 0.002485102758989432, -4.7666629036272744E-5, 0.0016920790930163162, -4.8309432970063666E-5, 0.0018967471844740598, -1.1713127621956515E-5, 0.002046795017589807, 5.728798571825331E-4, 0.0015078475808991672, 0.0010846468711511292, 8.971728975946654E-4, 9.345718523343801E-4, 6.32484200271159E-4, 8.987968841262249E-4, 4.5608765144535966E-4, 7.358248310497294E-4, 1.338402447148676E-4, 4.992054727659284E-4, -4.085377184347103E-4, 3.493574493991592E-4, -7.933977661617114E-4, 2.410304093678186E-4, -9.538725353657326E-4, 3.6749175457448304E-4, -8.953117308665368E-4, 1.4713005144193617E-4, -7.362740365853608E-4, -9.21519454814871E-5, -5.298912408783504E-4, -2.2840088121054902E-4, -9.887213925747611E-5, -9.151944949320428E-5, -5.4778661043876955E-5, -6.36991564776732E-5, 2.4541986918738133E-5, 5.6343317834928155E-5, 1.2901533555525574E-4, 1.9066028143256605E-4, 4.309938397411013E-4, 2.899129600929192E-4, 6.392358683887784E-4, 3.9346102587267467E-4, 6.266892623523832E-4, 2.4338024389942842E-4, 7.445290218490823E-4, 4.081891852140237E-4, 9.078568053075086E-4, 6.269178031110355E-4, 0.0010033376874907223, 7.649799846716461E-4, -0.001492574323842812, -0.0020911597659001454, -0.0013516220991441985, -0.0025375175858996495, -0.0013354276533788575, -0.0027386347640009304, -0.0016198994100831664, -0.002793586782263887, -0.0024412359504411463, -0.0018443481467228186, -0.0026953846324162894, -0.0013819596634678506, -0.0020452423171224412, -6.365739615481474E-4, -0.0018790367577204222, -9.719747490414289E-4, -0.0020900094012751944, -0.0013884377103720554, -0.002297715715650856, -0.001800031267573639 ], [ 0.0015476624993672888, 0.0014883712691786048, 0.0017321117496592647, 0.0010972898532897433, 0.0011437390362378451, 0.0016271800345703412, 9.304873795648611E-4, 0.0018472317991141784, 6.36092840788818E-4, 0.0012933806172699504, 6.149613902008458E-4, 7.55310391097513E-4, 6.191219414039434E-4, 1.9687600529333767E-4, 9.761370237303236E-4, 1.59157194683827E-4, 7.415954448575551E-4, 5.2092273832484E-4, 3.508107176676099E-4, 7.543673560614762E-4, 0.0017436612537780273, 0.001672821948990513, 0.001554081373653299, 0.0015362498089284853, 0.0014122584265474508, 0.0011157370851241884, 0.0012636604009339898, 8.316984021139542E-4, 6.440396923934893E-4, 6.101670407540233E-4, 1.55107041174408E-4, 3.9169974528493627E-4, -1.694353616066314E-4, 4.886827195478134E-4, -2.426364889018156E-4, 1.6254355323299703E-4, -2.0043378242942745E-4, 6.564296890442507E-6, -9.292247450553E-7, -1.4019706734887135E-4, -2.5722354016291917E-5, 3.427401218352215E-5, -4.220451457203016E-5, 1.1755375384616995E-4, 2.7704477336915963E-5, 1.220139247828052E-4, 9.483190665654913E-5, 1.272236681334984E-4, 2.4590866203480445E-4, 1.0319501743167742E-4, 3.3928154787590847E-4, 3.2903443329967166E-4, 3.9457781524868796E-4, 4.3128900962921367E-4, 4.2559496924063264E-4, 4.289601412436569E-4, 6.428731340226845E-4, 4.301127954500718E-4, 6.371438220431705E-4, 5.09369962313314E-4, -0.0018121559737242408, -0.0017304011409304868, -0.0019752506592960297, -0.0014187071252740244, -0.0013829438547467213, -0.001944053821839979, -7.363533544554706E-4, -0.001777582091608855, -0.0013517827758954871, -7.948192767541679E-4, -0.001602244719607056, -0.0012577390321863498, -0.0013401529388633487, -0.0012317904708453284, -9.995305674736278E-4, -0.0012051492167631163, -0.0014075062439277222, -0.0010920798935160757, -0.0013904769886279751, -0.001294797783144145 ], [ 0.0015027646318864184, 0.0013215968713108828, 0.0020187660883131823, 0.0013512743714136322, 0.0021977248580182145, 9.293287858405924E-4, 0.0026729146532086206, 6.36092840788818E-4, 0.0028164605218416105, 1.880566779107733E-4, 0.002657946305427101, -1.5442441188594705E-4, 0.0018596252333026642, -5.561518872402926E-5, 0.0020153933826242273, -2.4701813709119053E-5, 0.0023571473738584147, 4.5984051233091347E-4, 0.0018644005640579484, 0.001045850607344352, 3.7433421326788576E-4, 4.1178797722024916E-4, 1.3719352943389438E-4, 4.122639615841424E-4, -4.860609021107285E-7, 3.5847069932328965E-4, -2.981755824839557E-4, 1.8726113695261188E-4, -6.949676946979298E-4, 8.040730851247791E-5, -9.859798903225645E-4, 4.949568104419871E-5, -0.0011042200537852349, 1.8475781200064816E-4, -0.0010259151767810708, 1.0426636365493594E-4, -9.338181816842086E-4, -1.0443416569899857E-4, -7.497941824483301E-4, -2.8939947434914766E-4, -8.696424163883975E-5, -8.637383884253896E-5, -5.8421598097298937E-5, -9.849111479047574E-5, -1.6505798771802627E-6, 1.2952041308743888E-5, 9.332011191088999E-5, 1.494818741973801E-4, 4.2934122055238774E-4, 2.6529119453394057E-4, 6.712486468053852E-4, 3.8388592366347485E-4, 6.684054928498163E-4, 2.992167526988132E-4, 8.115700516624716E-4, 4.5163592542883185E-4, 0.0010014152524394995, 6.820536563537106E-4, 0.0010899766320594552, 8.278916420370963E-4, -8.726300769144277E-4, -0.0014990784219005343, -7.133923779477946E-4, -0.0021647613469537932, -8.326175299549143E-4, -0.002474024054556963, -0.0014623221459176218, -0.002625184618660566, -0.0024810090167656173, -0.0017767496403457948, -0.00282208288766492, -0.00132308355552437, -0.0021791897262647525, -7.448210205903085E-4, -0.002027348054451122, -0.001040103968353819, -0.0022489251455980065, -0.001486280421924369, -0.002446718794474744, -0.001911709011003427 ], [ 7.315376923869669E-4, 4.979503062735401E-4, 8.764375109644472E-4, 3.231979139752397E-4, 4.8787210435758484E-4, 9.566969313447228E-4, 3.325541569400669E-4, 0.0012933806172699504, 1.880566779107733E-4, 0.001164682140325427, 2.988561427647774E-4, 7.624645448038959E-4, 6.929069578540548E-4, 1.7159895302065118E-4, 9.276160078837128E-4, 1.6463784328542088E-4, 8.743323469339433E-4, 3.935608400706694E-4, 6.439715436662257E-4, 6.874379662186606E-4, 1.4290437094419806E-4, 3.23933483037024E-5, 4.10914590770944E-5, -2.0749289251782046E-5, 6.111414365573364E-6, -1.6621783916398832E-4, 5.005924742055367E-5, -2.583767269257675E-4, -1.304452870251288E-4, -2.499205396273356E-4, -2.848427584394971E-4, -2.444399569622703E-4, -4.1479265628052524E-4, 3.893219336572252E-5, -3.6117795164168474E-4, -1.8481023071708638E-5, -3.768855275707165E-4, -1.076676979023741E-4, -2.7005091404883557E-4, -3.3672518880371405E-4, -6.613855522614253E-6, 4.823482832876902E-5, -9.650568082084145E-5, 6.976638832760436E-5, -8.190132632591573E-5, 3.0592578353852705E-5, -3.914971928685051E-5, 5.178744963790428E-5, 1.4000101263544876E-4, 7.087740849267747E-5, 2.594191544607182E-4, 3.312716921905928E-4, 3.5420499522388355E-4, 5.388844228511214E-4, 3.906624272420022E-4, 5.007123095034186E-4, 6.130203440443662E-4, 5.212450584405762E-4, 6.114195984268799E-4, 5.853795715934688E-4, -9.520594908492421E-5, -9.501745336778613E-5, -4.501059258924683E-4, -1.6962222881408768E-4, -6.637381551344315E-5, -8.773620112832523E-4, -1.377671679200964E-4, -0.0010818248521664818, -0.0010144426429619803, -5.59149818562053E-4, -0.0013354673842603901, -0.0012413167577927588, -0.0012053108623946388, -0.001493573502812324, -8.856479792958701E-4, -0.0013480515297889478, -0.0012745210916773736, -0.0012875559867351557, -0.0012680151232474916, -0.0014469003173481689 ], [ 0.0012811616851496487, 0.0011019203351927036, 0.0018064455478415272, 0.0011471346762529067, 0.0019917624113871867, 8.62699627758562E-4, 0.002485102758989432, 6.149613902008458E-4, 0.002657946305427101, 2.988561427647774E-4, 0.0026131030847417916, -1.4143638661378097E-4, 0.0020406361153104177, -1.514153011045552E-4, 0.002273692579299434, -1.2226832824957008E-4, 0.0027510115976870603, 4.1425148822379475E-4, 0.002240657409980109, 0.0011543896956648964, -3.8451991397881467E-4, -3.504336656761393E-4, -6.075431693770569E-4, -3.281183128745E-4, -6.967392230229714E-4, -2.7891721998083487E-4, -8.878394699352401E-4, -3.8764137533993316E-4, -0.0011241863023458976, -3.567116314421598E-4, -0.0013180505811354294, -2.3148286144181537E-4, -0.0013478126916363746, 1.2196462463339905E-4, -0.0012003519017026241, 1.5565721613353627E-4, -0.0010947009934362377, -9.533366351053643E-5, -9.074328429781006E-4, -3.910339783476878E-4, -1.1663606393609214E-4, -1.1123060410553285E-4, -1.1395313952116678E-4, -1.2215383222364217E-4, -6.261274106626283E-5, -2.493126153597436E-5, 3.839539053169487E-5, 1.1731254729816232E-4, 4.256017429406698E-4, 2.305175496940794E-4, 7.130721468738292E-4, 4.164200056746915E-4, 7.256137919342989E-4, 4.205969497560089E-4, 9.073083385204008E-4, 5.516030075153443E-4, 0.0011541332263147479, 8.481533153917754E-4, 0.0012588809339071313, 0.0010121874858744768, -3.685858271814989E-4, -9.333896045280426E-4, -3.5303785333529696E-4, -0.001687771323602923, -4.0534944952174947E-4, -0.0022347891396854603, -0.001121370844181574, -0.0025997794808007278, -0.0024117054692303058, -0.001729228852785853, -0.002962899830129135, -0.001490863656088227, -0.0023039148572504523, -0.001103955719212752, -0.0021901186864883102, -0.0013297612392804677, -0.002508484047077275, -0.0018945224620969135, -0.0027533896532329523, -0.0023442437068855247 ], [ 3.411528832436202E-4, -5.214555013485309E-5, 4.140624745237788E-4, -8.114431292635146E-5, 1.7114415407957126E-4, 3.8103368133145027E-4, -4.7666629036272744E-5, 7.55310391097513E-4, -1.5442441188594705E-4, 7.624645448038959E-4, -1.4143638661378097E-4, 7.503357587648847E-4, 2.710498518157292E-4, 3.196166750951582E-4, 2.3483688701470386E-4, 3.3127092733243593E-4, 2.0344252862254322E-5, 3.3574596149963764E-4, 1.072757203514082E-6, 3.159000400917809E-4, 1.5966148890506814E-4, 6.347554689842711E-5, 1.1700442857776752E-4, 5.9041675114015276E-5, 8.436116735286618E-5, -2.1535099540912E-5, 1.3315983952354323E-4, -5.2067826737564734E-5, 7.381213318303326E-5, -1.0741788463036274E-4, 6.880127066062687E-5, -1.9285773911813762E-4, -7.523083679579932E-5, -1.9858952614348652E-4, -1.8839209665009875E-5, -2.3274865709591453E-4, -1.075238595805797E-4, -1.6841803637363917E-4, -1.0219366170728454E-4, -2.3968213682055503E-4, 6.095507584870913E-5, 1.0287403573401051E-4, -3.981047796861823E-5, 8.091040881027403E-5, -5.508907145733024E-5, 2.3733623879971086E-5, -3.936271785685344E-5, 3.505136914797095E-5, 2.4523677492134302E-5, 9.305368843518229E-5, 4.307648499513098E-5, 2.0232077523841757E-4, 1.466322130584383E-4, 3.1442754594056786E-4, 5.449057540312116E-5, 2.692379689923716E-4, 1.366688472719827E-4, 1.7436344151007063E-4, 1.1148345061005958E-4, 1.8412021093896618E-4, 4.031626626010587E-4, 3.20916081881413E-4, 6.40337291262195E-5, 2.4786875973989897E-4, 4.250908495768673E-5, -7.479726771485481E-5, -4.012570976005395E-4, -1.80892679325477E-4, -7.634993279293667E-4, -2.7657885815073947E-4, -5.850480291729613E-4, -6.700147233024275E-4, -6.862750327405345E-4, -7.996546935697211E-4, -2.0241325444837941E-4, -6.718671228557624E-4, -3.3830581234982793E-4, -4.271065279988119E-4, -2.531582920904575E-4, -4.8515300595106564E-4 ], [ 7.342581210170182E-4, 1.9986619832170537E-4, 0.0012638559237640294, 3.2790301762411316E-4, 0.0013524597108526043, 5.280270487682908E-4, 0.0016920790930163162, 6.191219414039434E-4, 0.0018596252333026642, 6.929069578540548E-4, 0.0020406361153104177, 2.710498518157292E-4, 0.002312631191588575, -1.5895445307083128E-4, 0.0025072516927532925, -1.2576839210691273E-4, 0.0030521432768839925, 4.4645055985299386E-4, 0.002631586875468427, 0.001324084627285101, -0.0020820667897091995, -0.002086287808719672, -0.0022530076214538606, -0.0019903270155535824, -0.002243384692103903, -0.0016981051328083525, -0.0021328483161272456, -0.0016420109639480214, -0.0019442478355979932, -0.0013307025647531806, -0.0018238282041747695, -9.128887515262201E-4, -0.0017211448774577052, -2.0729234312422452E-4, -0.0013376684318439547, 1.0479396530045584E-4, -0.001268007440109326, -1.1968606660836912E-4, -0.0011384503630275293, -6.231520834376716E-4, -1.2850589716370954E-4, -9.552356850335301E-5, -2.451635043606964E-4, -1.2628470535700075E-4, -2.2189071546609268E-4, -1.0209823046301844E-4, -1.0357430493469025E-4, 5.4251582294640375E-5, 3.5976364633767086E-4, 2.1509628819194065E-4, 6.995267353945464E-4, 5.120202251605088E-4, 8.051566684012448E-4, 7.27521466666428E-4, 9.227341293205243E-4, 7.634000175726553E-4, 0.001231116270884412, 0.0011008313188174902, 0.0013618258871945484, 0.001270755928272001, 0.0011978826552383737, 7.280173829853631E-4, 6.036186570978784E-4, -1.825266498650592E-4, 4.281584233774107E-4, -0.0011685086282465708, -8.796595089662163E-4, -0.0020447215984461236, -0.002586574547416101, -0.001582274516937133, -0.0031883162969102864, -0.0018653115929647033, -0.0026657025360531873, -0.0019386509859945199, -0.0022049078826812487, -0.0019087378556493497, -0.0026110565309188246, -0.00252134961754723, -0.002905666349609527, -0.0029780733127349164 ], [ 1.183279810978845E-4, -1.445002848834906E-5, 8.838194271133428E-5, 4.8481934871291436E-5, 5.618589221106896E-5, 8.7216652657651E-5, -4.8309432970063666E-5, 1.9687600529333767E-4, -5.561518872402926E-5, 1.7159895302065118E-4, -1.514153011045552E-4, 3.196166750951582E-4, -1.5895445307083128E-4, 2.848177541317328E-4, -2.8983683639810455E-4, 2.8428303774747743E-4, -4.763446338237252E-4, 1.0963812947546382E-4, -3.975329379140134E-4, -8.818098103037221E-5, 6.433282189461331E-4, 5.916540081354353E-4, 6.423399386161004E-4, 5.817772031177764E-4, 6.056416638973454E-4, 4.812553403597264E-4, 5.427434185396019E-4, 4.448238196615349E-4, 4.410094830305138E-4, 2.853118538680406E-4, 4.007588926147515E-4, 1.013338241231763E-4, 2.5893819440827714E-4, -1.6552907424146967E-4, 1.9248715991404276E-4, -2.3205688564450534E-4, 8.363440308107758E-5, -1.1231215117031607E-4, 5.708915454437343E-5, -2.8513490195539006E-5, 8.217341109339893E-5, 9.261747669094434E-5, 5.227328702849477E-5, 5.547766784563893E-5, 2.8903893794166423E-5, 2.9693085553680407E-5, 1.082107194970818E-5, 1.625439889995348E-5, -2.8955563692202694E-5, 4.419738221214207E-5, -7.651558276149905E-5, 2.4425236815262764E-5, -3.530122493611227E-5, 2.257586291426148E-5, -1.1060045001194353E-4, 4.381438809768318E-6, -1.2827755737453804E-4, -1.3692578423070791E-4, -1.7839152612582278E-4, -1.5794747029791408E-4, 6.0771524575403384E-5, -1.5255509851327799E-5, 9.144280432666657E-5, -2.7575224341520817E-5, -3.919540286787203E-5, 3.671845140325013E-5, -2.869335245728664E-4, 1.9776756156665294E-4, -1.9256659207352622E-4, 1.1036957396806765E-5, 1.0443988125139438E-4, 2.597490815173974E-6, -4.192318887894014E-5, 1.6174670273674574E-5, 1.7793169392288263E-4, 5.114966444696884E-5, 2.172461907391701E-4, 3.42591438327715E-4, 3.520040734443693E-4, 3.659854082155839E-4 ], [ 7.727107058117294E-4, 6.461368537940116E-4, 0.0012947924074226485, 6.83928028630854E-4, 0.0014998237628126839, 8.907740787002649E-4, 0.0018967471844740598, 9.761370237303236E-4, 0.0020153933826242273, 9.276160078837128E-4, 0.002273692579299434, 2.3483688701470386E-4, 0.0025072516927532925, -2.8983683639810455E-4, 0.003102976420124488, -2.923047023492349E-4, 0.0037224175889928905, 4.269786237932043E-4, 0.0031071858705000017, 0.001528475412299904, -0.002281012952166472, -0.0022062576022811634, -0.0025145950697523676, -0.002113702002248176, -0.002501996962586266, -0.0018450765964863614, -0.0023523427378227013, -0.0018165911756880628, -0.0021956054106276896, -0.001469837118055821, -0.0021228925051083557, -9.658614972981045E-4, -0.00202102528842022, -3.657994735298038E-5, -0.0017031226857427484, 2.2423926025474984E-4, -0.001533688850899851, -1.4178961254581837E-4, -0.0012991693394056676, -7.426952165345636E-4, -2.0590073048479957E-4, -1.7332525956016543E-4, -2.798067992949465E-4, -1.5726004889067704E-4, -2.3429672202302697E-4, -1.0552230453207452E-4, -1.0567947904401358E-4, 4.293991677803354E-5, 3.887565763921107E-4, 1.5201825206915783E-4, 7.471396831079869E-4, 4.993421641609258E-4, 8.527984890945742E-4, 7.087668369280615E-4, 0.0010787802502887, 7.615616278264847E-4, 0.001518510136413142, 0.0012310809465244468, 0.001649986473915937, 0.0014857785908508631, 7.931672892304087E-4, 5.084364479297015E-4, 3.0594130425486545E-4, -2.25528010282286E-4, 4.2835667532962747E-4, -0.0014793998594613941, -3.2090610919364255E-4, -0.0024274980947046982, -0.0022107966354885183, -0.0016060251174160735, -0.0030744218266955175, -0.0019915729741806784, -0.0025845482984183056, -0.001983526292861915, -0.0024203798556726246, -0.0020027029476678334, -0.003111181804943966, -0.002855865461842879, -0.0034287843664160544, -0.003468737790731454 ], [ 1.237925704609515E-4, -1.34233608895206E-4, 1.6041389337923502E-4, -1.108266299263535E-4, 9.428898577284938E-5, 1.0594886879445186E-5, -1.1713127621956515E-5, 1.59157194683827E-4, -2.4701813709119053E-5, 1.6463784328542088E-4, -1.2226832824957008E-4, 3.3127092733243593E-4, -1.2576839210691273E-4, 2.8428303774747743E-4, -2.923047023492349E-4, 3.252767841652941E-4, -4.66740309111933E-4, 1.679705923068204E-4, -3.84680162362559E-4, -2.1098893991795123E-5, 5.36530336558274E-4, 4.597928517072188E-4, 5.371085759455958E-4, 4.6161444442311333E-4, 4.9767230046962E-4, 3.8526245577012475E-4, 4.3511645248534947E-4, 3.658858805201975E-4, 3.536535051126831E-4, 2.281468564037043E-4, 3.5065362732898436E-4, 3.68077049339759E-5, 2.402436977064807E-4, -1.990587862465124E-4, 1.975767087130032E-4, -2.9116242815799796E-4, 9.012463092500207E-5, -1.8243236369399482E-4, 4.618123710277747E-5, -8.324852886453814E-5, 9.498351755602799E-5, 1.0705968733485417E-4, 4.856767080352262E-5, 6.411038791428816E-5, 2.2504047274034737E-5, 2.8781884650359082E-5, 3.6548997814590896E-6, 2.6326819570423366E-5, -2.577842419850109E-5, 6.783698139237057E-5, -6.864821726365449E-5, 5.198571302327413E-5, -3.281892907199063E-5, 3.146726698620232E-5, -1.1850363356303488E-4, 4.348940734139168E-5, -1.4451660670577844E-4, -9.707049065015168E-5, -1.8480553849479776E-4, -1.3357181264301579E-4, 2.684478238347518E-4, 1.0032454982819516E-4, 2.8515775039610156E-4, -9.497898320497816E-6, 1.4563591807224333E-4, 6.40660503540509E-5, -2.589873985337467E-4, 1.8771996859820743E-4, -2.1985488355079894E-4, -4.1610523902765195E-5, 6.5181387178072E-5, -6.114382832639071E-5, -4.374870004976787E-5, 3.5323613670459596E-7, 1.863949899338945E-4, -3.268242880568221E-5, 2.337289058398946E-4, 2.457396573302883E-4, 3.472616088161594E-4, 2.947679408674595E-4 ], [ 5.932805540722296E-4, 4.872158140469072E-4, 0.0012914161131782399, 5.71926234586162E-4, 0.0015239573678589489, 8.378424746755279E-4, 0.002046795017589807, 7.415954448575551E-4, 0.0023571473738584147, 8.743323469339433E-4, 0.0027510115976870603, 2.0344252862254322E-5, 0.0030521432768839925, -4.763446338237252E-4, 0.0037224175889928905, -4.66740309111933E-4, 0.0048063964570692315, 2.8893111887971047E-4, 0.004130203373141082, 0.0017314156494434066, -0.003261116534972819, -0.0031714555717810705, -0.003485472792545883, -0.0030247271205207727, -0.003414320612930819, -0.002573808165298429, -0.003197353485811527, -0.00245752988931187, -0.002840644116089067, -0.001972259719984412, -0.0026637799397797248, -0.0012561911128535802, -0.00246818946943432, -8.144511815006366E-5, -0.002058769463005343, 3.738131653549598E-4, -0.0019493934778943183, -8.118573849507624E-5, -0.001701907001650573, -8.649950160624824E-4, -2.3548063077204195E-4, -1.9977993404749416E-4, -3.369843305779447E-4, -2.0242472694877866E-4, -2.8948356650490553E-4, -1.7160596276665082E-4, -1.4238837851798512E-4, -1.865867469341581E-5, 4.7779877336172474E-4, 9.07393258350823E-5, 9.518508900278509E-4, 5.332536472237036E-4, 0.001052253190574287, 9.054604579280579E-4, 0.001341682382980213, 9.649767154516685E-4, 0.0018929957166895876, 0.0015510540980986616, 0.0020544380564716715, 0.0018334537338093684, 0.0015202044878092444, 0.0013074780379365896, 9.246720212598624E-4, 3.0394063965020747E-4, 0.0010366315565193101, -0.0013430171761534958, -3.588986127548463E-5, -0.002534630109436033, -0.0025134639881460455, -0.0015674588921653345, -0.003817048475426825, -0.00212224839559287, -0.0031437177286019555, -0.0024958700461682913, -0.002966282191490978, -0.0025208284435878216, -0.0038137854356691332, -0.003605098668699052, -0.004225642600779642, -0.004262872928745622 ], [ 5.806218963511804E-4, 2.0141023315099375E-4, 7.604367863889662E-4, 9.010805925616836E-5, 6.01906797892457E-4, 3.139029629102604E-4, 5.728798571825331E-4, 5.2092273832484E-4, 4.5984051233091347E-4, 3.935608400706694E-4, 4.1425148822379475E-4, 3.3574596149963764E-4, 4.4645055985299386E-4, 1.0963812947546382E-4, 4.269786237932043E-4, 1.679705923068204E-4, 2.8893111887971047E-4, 3.674907379204986E-4, 1.663741825537949E-4, 4.3952284855005067E-4, 2.0332381364602674E-4, 1.4231700674137313E-4, 1.2695396057393709E-4, 1.3255208212462714E-4, 6.531416096369476E-5, 6.998542004936308E-5, 2.2249551697333227E-5, 1.1342885008003257E-5, -1.212681674853134E-4, -4.626540292468662E-6, -1.7852911881354464E-4, -7.577083974036444E-5, -2.2406068918672203E-4, 3.2058119792218365E-8, -1.484327222666834E-4, -1.1773485075427593E-4, -1.0333396459421445E-4, -1.5695406564685013E-4, -7.612163846135172E-5, -1.7995095399673495E-4, 5.688614201653476E-6, 2.5726766218185875E-5, -3.920990270960648E-5, 2.9700660334021824E-5, -2.6385926650142245E-5, 3.1253362065804706E-5, 5.143884994215359E-6, 8.531028654832196E-5, 9.444976763825139E-5, 1.4727131675951722E-4, 1.3987498865627508E-4, 2.0817609499559296E-4, 1.714643082727875E-4, 1.6597397278635167E-4, 1.4169643338528186E-4, 2.14540927793668E-4, 1.7407562158757025E-4, 2.2547004612867886E-4, 2.0436103536827514E-4, 2.3796299812967107E-4, -9.078554605933536E-5, -3.8139063865314974E-4, -2.434538867241792E-4, -5.634844012403768E-4, -2.3376881884722102E-4, -6.528342388432782E-4, -5.631827072972128E-4, -7.529801859299587E-4, -8.470618823237552E-4, -6.390744387135481E-4, -7.880411742811516E-4, -6.917543216677312E-4, -6.482034380431383E-4, -4.374459790673768E-4, -4.1467312432899193E-4, -5.224412206646089E-4, -4.6617896011094364E-4, -5.290262776117191E-4, -5.154755729289574E-4, -6.077140660738844E-4 ], [ 1.8441337086291487E-4, 1.3179310744036114E-5, 7.679073979540358E-4, 2.0172885973931184E-4, 0.0010405446981606914, 4.3098789442499796E-4, 0.0015078475808991672, 3.508107176676099E-4, 0.0018644005640579484, 6.439715436662257E-4, 0.002240657409980109, 1.072757203514082E-6, 0.002631586875468427, -3.975329379140134E-4, 0.0031071858705000017, -3.84680162362559E-4, 0.004130203373141082, 1.663741825537949E-4, 0.003640950322696239, 0.0014021111204403133, -0.003340192325982976, -0.0032785374436233644, -0.0034893946196665176, -0.003118315582627822, -0.0033867213979362184, -0.002623369251793474, -0.0031399116474934955, -0.0024482834551135136, -0.0026637223147707605, -0.0019673503003875647, -0.0023871093529695, -0.0012802281167850508, -0.002163803872177188, -2.602530156040902E-4, -0.0017653503203953328, 2.567360655008737E-4, -0.001728078739544643, -8.2931250755393E-5, -0.001562081454056947, -7.80832023125587E-4, -1.8224362994208963E-4, -1.5393180424710007E-4, -2.9913544554231996E-4, -1.892571667571078E-4, -2.8199534212232396E-4, -1.8405251919902503E-4, -1.663323732611719E-4, -5.2740224849171495E-5, 3.723618093132508E-4, 6.058697281913514E-5, 7.886160936770793E-4, 4.434845201021031E-4, 8.902475617954628E-4, 8.204965126184814E-4, 0.0011245852013897018, 8.479432644171875E-4, 0.0015886135645717418, 0.0013366483579078496, 0.0017233461792166103, 0.0015652278434688026, 0.0019891756119640447, 0.0017894415283685589, 0.0014025850764774219, 7.741126265722577E-4, 0.0013563803598185711, -6.867008269376515E-4, 9.639420278730501E-5, -0.0018173722407870928, -0.002108056186678299, -0.0012058520674728696, -0.003221397646773847, -0.0017373468175192828, -0.002694610506071361, -0.0022246958190240856, -0.0024903779305756103, -0.0021818927165829886, -0.003177190465635365, -0.0030911575685038262, -0.003521083947315846, -0.003622916049756854 ], [ 7.123437877196181E-4, 3.0889781523833916E-4, 0.0010813611179147876, 1.8830613578391374E-4, 9.52313047009789E-4, 5.587297789389714E-4, 0.0010846468711511292, 7.543673560614762E-4, 0.001045850607344352, 6.874379662186606E-4, 0.0011543896956648964, 3.159000400917809E-4, 0.001324084627285101, -8.818098103037221E-5, 0.001528475412299904, -2.1098893991795123E-5, 0.0017314156494434066, 4.3952284855005067E-4, 0.0014021111204403133, 9.761754123020836E-4, -9.107264557832174E-4, -9.627267522704427E-4, -0.0010437174765612603, -9.400678293496863E-4, -0.0010693333807297648, -8.604211101176661E-4, -0.0010235990045738947, -8.755561655069278E-4, -0.001039758902492912, -6.932201232777346E-4, -0.001040594197210745, -5.110203129626699E-4, -9.782576991560514E-4, 2.3831571482890723E-6, -7.696665598799916E-4, 2.8388493437886484E-5, -6.641613475958908E-4, -1.7019554238849137E-4, -5.62856896793878E-4, -4.449185711942385E-4, -7.71767401807365E-5, -4.640433233018926E-5, -1.5375794769769636E-4, -3.400731167562096E-5, -1.263087190747926E-4, -2.3490169536345676E-5, -5.2750577656937734E-5, 7.804625071264714E-5, 2.286418240815496E-4, 1.608423231624978E-4, 4.2718581501721833E-4, 3.815768736216841E-4, 4.798739162804067E-4, 4.6635838037469707E-4, 5.653332228373548E-4, 5.314198158732324E-4, 7.664122856617265E-4, 7.355680361076989E-4, 8.526907856151509E-4, 8.269899437630997E-4, 3.8951193948493873E-4, 4.5111336586329604E-5, 4.5057423275925065E-5, -4.476925978551444E-4, 1.9214589573882414E-4, -0.0010660501519614992, -3.7959991819924374E-4, -0.0015651865441677559, -0.0014559746414149824, -0.0010890111308049526, -0.0019008304570284987, -0.0013980706755188717, -0.0015224724250332599, -0.0012949332382032849, -0.0013243456700116954, -0.0013713107908441854, -0.001643035800789645, -0.001733730307016624, -0.001839357988564397, -0.0019872361734977234 ], [ 0.003033073568379653, 0.003535777873315571, 0.0030153107368977006, 0.0026309313551591954, 0.0016482759448842744, 0.002389655817667512, 8.971728975946654E-4, 0.0017436612537780273, 3.7433421326788576E-4, 1.4290437094419806E-4, -3.8451991397881467E-4, 1.5966148890506814E-4, -0.0020820667897091995, 6.433282189461331E-4, -0.002281012952166472, 5.36530336558274E-4, -0.003261116534972819, 2.0332381364602674E-4, -0.003340192325982976, -9.107264557832174E-4, 0.009105132173784948, 0.009097196201980797, 0.008950947400236315, 0.008691279254827843, 0.008481519223229456, 0.007281951975769516, 0.0074835816071249905, 0.006455395230579875, 0.0054671607024202595, 0.0050188770995500025, 0.003957541772875455, 0.003528761707431079, 0.0028384168132905576, 0.0017340891764552136, 0.0020405567996928655, 4.7273544138615295E-4, 0.001788827383722599, 5.974226858024555E-4, 0.0019452137477920474, 0.0013543922192244882, 2.3406742998397968E-4, 2.7031011313960544E-4, 4.96724991488883E-4, 4.399809256335025E-4, 6.717848346356768E-4, 4.7081595145157185E-4, 6.700899046840348E-4, 2.2947520179683286E-4, 2.323996135303906E-4, -1.5307052682050584E-5, -1.0073182594086446E-4, -3.304342421542769E-4, -2.989418720987011E-4, -6.495981736143926E-4, -6.238009967977191E-4, -5.831246925377622E-4, -9.031250148880112E-4, -0.0012234387361124467, -0.0010851406356814728, -0.0014166780936240488, -0.007167548147834535, -0.006486247897274946, -0.006155048911376196, -0.00447107341382212, -0.005549692132634968, -0.003098065237316447, -0.0026589380001933176, -6.297361901450285E-4, -6.065243272267546E-4, 5.905768929287188E-4, 3.1487