{
  "weights" : [ 0.051434722751554265, 0.05862246648870389, 0.06189926992093686, 0.0682464136439175, 0.06842738388224756, 0.06415804138175082, 0.0728643802079463, 0.0628235674375856, 0.07845520618827656, 0.06842040526583884, 0.08559756631162983, 0.07572581367309288, 0.0985754595668115, 0.07221104511162553, 0.07865399732447827, 0.07331802678595595, 0.07805836411011259, 0.07407488912105593, 0.08279678982569216, 0.07964866502156233, 0.04130306700099841, 0.04005659216460486, 0.035028097459098774, 0.029801489343294615, 0.028209022018755667, 0.020244630984345827, 0.016344034574337515, 0.010699879242322526, 0.004963236632741803, 0.001011445032728696, -0.018462679114326048, -0.00424613187212348, -0.07763989142302379, -0.07727949617573536, -0.09522077009099841, -0.09453353207811797, -0.09667876664692401, -0.10217441700347879, -0.10368132967962095, -0.10360693480178387, -0.9759739010896218, -0.9788498157182085, -0.9737798753070229, -0.9754691159911739, -0.9689859502979056, -0.9673115104798907, -0.9552348658453158, -0.9503861906754056, -0.9317067575850463, -0.9266705922578391, -0.8986841052396003, -0.9036227098255902, -0.856244092826127, -0.8540792492319983, -0.8277812330093037, -0.8367155192575956, -0.8179071935185503, -0.8258459459064188, -0.8166420919607957, -0.8269709993592661, -0.07548370576995045, -0.0908419599721174, -0.12157734959011984, -0.14332203755042355, -0.17125419731579608, -0.21611114096678263, -0.2479547173045128, -0.29432389612278737, -0.3288375283022409, -0.3694481640244955, -0.4133909322695185, -0.42210394190658096, -0.5014155439991642, -0.5033241892341128, -0.5458231598687229, -0.5293297980271211, -0.5614204348213674, -0.5444512054312446, -0.5603226808148889, -0.5422555352368605 ],
  "covariance" : [ [ 0.004060432776314329, 0.003670081277757041, 0.00428761775323104, 0.003613644630378417, 0.004095281950335569, 0.00289706287379677, 0.00355708225015196, 0.0020373403858926615, 0.002606429042766462, 0.0014688433640382807, 0.0018119868424817675, 7.071923733165459E-4, 0.0013782776687410441, 2.2858674086981517E-4, 0.00159945139708158, -2.2850292143858048E-5, 0.001133897949079781, 1.7139262810801723E-4, 6.155610947062403E-4, 2.3323522827990852E-4, 0.002729233111800405, 0.00280905581264662, 0.0027833622912734946, 0.002527474244920841, 0.002565088075367644, 0.0021504313405950105, 0.0018413662994540261, 0.001542429410101345, 0.001412704428398675, 8.973054307122468E-4, 0.001022394457013499, 7.245095748333794E-4, 6.531604817744045E-4, 9.892215769220889E-4, 1.1328452994389406E-5, 6.499520894076235E-4, 4.439159943090491E-5, 6.187876344610228E-4, 3.345189885138746E-4, 5.761737986059587E-4, 0.0023289624653207745, 0.002391202317937582, 0.0024280776301293934, 0.0025147397322051713, 0.0023927844880715673, 0.002521597658902349, 0.002180314776224982, 0.002475308115344238, 0.0020905111978120894, 0.002136878171690786, 0.0012758806171483538, 0.0022068777577220243, 8.434515781991551E-4, 0.0014415524392140788, 4.7847592232701155E-4, 9.694111803024124E-4, 5.804185369655136E-4, 6.888008436863119E-4, 7.365893177683068E-4, 6.135033784824579E-4, -0.010361072915113862, -0.009858844705197118, -0.009262694846811867, -0.008796042318316426, -0.008050685710433011, -0.007427380605772059, -0.006212139367432389, -0.006143923209412001, -0.004749968610786841, -0.004316712771952989, -0.0024322636974562248, -0.003996829536048626, -9.851635249511768E-4, -0.002538197117525098, -3.9159760123307357E-4, -0.0017011340074740186, -6.474111824888529E-4, -0.001186496510214602, -0.0010344213505689153, -0.0010153271034030952 ], [ 0.003670081277757041, 0.003508716337888194, 0.003849514331388283, 0.003481033284451628, 0.0037111179649283376, 0.0028747756133771962, 0.0032437186351125242, 0.0021260981550347995, 0.002498198608194694, 0.0015828430823624084, 0.001808216075738488, 8.01305019086081E-4, 0.0014532278871914862, 3.491478407630361E-4, 0.0016107274543487031, 1.3659080604701095E-4, 0.0011667578878764963, 2.752558609245426E-4, 7.009494198435914E-4, 3.429202467833475E-4, 0.0024107182317358927, 0.0024441561936228247, 0.0024646135848761744, 0.0021773915959774964, 0.002255867491392544, 0.0018241801181220216, 0.001558037966695474, 0.0013037268502168486, 0.00111554490493798, 7.36867640722375E-4, 7.104396304887558E-4, 5.833122099866205E-4, 6.72629926405645E-4, 6.638939304544732E-4, 1.4329764019324338E-4, 2.814969755081104E-4, 1.500366856119755E-4, 2.856220396288419E-4, 2.560369889145595E-4, 3.025177883070047E-4, 0.0020478291282157762, 0.0021283339225355124, 0.0021049628062899868, 0.002234712400656337, 0.002067070115205628, 0.0022265324169970803, 0.001915978616415848, 0.002194356237962536, 0.0019140026770148734, 0.0018445802676465683, 0.0012812241282119132, 0.0019373464809204796, 7.414067574478716E-4, 0.0014068531755716135, 4.0796791749705757E-4, 0.00101106865581405, 5.939317971166093E-4, 8.319657847943418E-4, 8.381041942913429E-4, 7.569844589430611E-4, -0.008776785530273263, -0.008658165960059886, -0.007636279114518932, -0.007892090545571601, -0.006711828141313289, -0.006594947307427737, -0.005495985265720525, -0.005433143531727814, -0.004471587779036458, -0.0036299973996064055, -0.002595048076352063, -0.0033428642097890447, -9.267050110423438E-4, -0.0023769084832157587, -3.1976983529381255E-4, -0.0016628672519495874, -6.921413628984319E-4, -0.001324274065648168, -0.001161802750055418, -0.0011677962502418308 ], [ 0.00428761775323104, 0.003849514331388283, 0.004628739500507112, 0.00375593711324343, 0.004430779065278773, 0.002974351307611457, 0.0038874321665473815, 0.0020440311107716986, 0.002858567796811128, 0.0014652289782636468, 0.0019372599114501322, 7.543765870234619E-4, 0.0013821291733975927, 2.831213080527764E-4, 0.001659516549936741, 6.856195965669E-5, 0.0012323823142769814, 2.451238764909751E-4, 7.150800663150213E-4, 3.023840463275031E-4, 0.003006242799692022, 0.0031025090618002596, 0.0030369098560706505, 0.002819419697358685, 0.002818908313482729, 0.002403082849100142, 0.002075129820341348, 0.001723600953717217, 0.0016545547308098657, 9.873413416655197E-4, 0.0012512178209646968, 7.815371991153784E-4, 6.999606065309624E-4, 0.0011798137607473107, 4.128164209205287E-6, 7.45625262168492E-4, 1.7618200792649522E-5, 6.947975396828767E-4, 3.453535744330838E-4, 6.014894113769015E-4, 0.002521805642553612, 0.0025461892901655746, 0.002630600081965832, 0.002647508330762939, 0.002558051013714381, 0.0026735129831482896, 0.0023121849683685395, 0.002658341935357093, 0.0021624723639819465, 0.0023737258323492617, 0.001243751796299427, 0.0024217739767001274, 8.53847864383346E-4, 0.0014984213084093762, 3.7178787781097056E-4, 0.0010039940459383241, 4.852408506181913E-4, 6.880998030444296E-4, 6.806896573231581E-4, 5.807218358160951E-4, -0.010875248150211845, -0.010262011100832831, -0.009918819591501399, -0.009109815283991003, -0.008574830880200566, -0.007887012769968543, -0.0066163589404987155, -0.006641936811459, -0.004887592346269018, -0.004887994260777588, -0.002315059862875454, -0.004462667109007748, -9.357331000203107E-4, -0.0026853172881971827, -2.005530908595332E-4, -0.001764521900545566, -4.921187778314061E-4, -0.0011947454452808988, -9.466081636870291E-4, -9.643339074386991E-4 ], [ 0.003613644630378417, 0.003481033284451628, 0.00375593711324343, 0.0034867388695067583, 0.003615774548076354, 0.00287067321354773, 0.0031071575454173703, 0.002134483948837225, 0.0023283796001021357, 0.00160638115169536, 0.0016687591557064882, 8.062563592610942E-4, 0.0013863468367207841, 2.7584324025739835E-4, 0.0015608927827671754, 6.548020315668297E-5, 0.0011083027138529015, 2.165962147018013E-4, 6.397399824294148E-4, 2.9520822740775423E-4, 0.002387350151623384, 0.0024235250561008216, 0.002445986944116486, 0.0021613830457371586, 0.0022398980676202112, 0.0018114638528366695, 0.001544678733101794, 0.0013055174652764705, 0.0010974826508818097, 7.690429556910913E-4, 6.824783262008927E-4, 6.72220102556722E-4, 6.096597484110454E-4, 6.686475791015741E-4, 1.3477693300073258E-4, 3.072417046694366E-4, 1.6852748076124534E-4, 3.1189415654549825E-4, 2.7537495064024577E-4, 3.2503973897377427E-4, 0.0020273499238065225, 0.0021145219487906687, 0.002082655215663602, 0.002219970346002386, 0.002045266389724232, 0.00219389374967645, 0.001878225640065587, 0.0021383102798788116, 0.0019284672237474985, 0.0017451495498629482, 0.0013490721217057527, 0.0018446983600393517, 7.957431944439346E-4, 0.001373104703274025, 4.774699059967169E-4, 9.987338584723621E-4, 6.31797753696332E-4, 8.212048702461723E-4, 8.555299015093194E-4, 7.321305661887127E-4, -0.008686981890270812, -0.008581947373043256, -0.00742420001693936, -0.007795782071958695, -0.0065309663358763086, -0.006417117928556006, -0.005321847112433685, -0.005248430553835114, -0.004526197252042895, -0.0033613987323646063, -0.0028024645579905216, -0.003118815779754827, -0.0010923086551593271, -0.002295649004786191, -4.641087438147731E-4, -0.0016345310392867458, -7.804529707993685E-4, -0.001311031599672381, -0.0012127120627428297, -0.0011416671865721857 ], [ 0.004095281950335569, 0.0037111179649283376, 0.004430779065278773, 0.003615774548076354, 0.004294791855066597, 0.0028673717943378347, 0.003766156194590405, 0.0020288229090818536, 0.0028207839030953063, 0.0015310585382191308, 0.001924808608830681, 8.703048373481563E-4, 0.0013156216100158188, 4.614187903962454E-4, 0.0016776922054814528, 2.3525758933674333E-4, 0.0013205692425472888, 3.6583928451190684E-4, 8.487351768137318E-4, 4.245737330119623E-4, 0.002681975967218166, 0.0027482420677472715, 0.0027110077322491963, 0.002469754697003, 0.002493330272997694, 0.00208318764279583, 0.001792150154305158, 0.0014250131150351545, 0.0013885842306360027, 6.74428597740089E-4, 9.833940534336666E-4, 4.212034546511115E-4, 4.981679428870031E-4, 9.254798014017686E-4, -1.7485210833468112E-4, 5.52264333971183E-4, -1.5081735702413704E-4, 5.023274433854066E-4, 1.503573855107896E-4, 4.0694579792713195E-4, 0.0023401249914818375, 0.0023647865665611025, 0.0024461930854922237, 0.002485421900350211, 0.0024105655007298932, 0.00253291708304273, 0.0022399605231485133, 0.0025603362581921936, 0.002134326052130627, 0.002336257804242352, 0.0012655826762973386, 0.002378124117532391, 8.057684363573335E-4, 0.0014541944179938258, 3.6632773056919493E-4, 9.652211903844863E-4, 5.34296424196321E-4, 7.103798261448784E-4, 7.78969406563672E-4, 6.464377850913756E-4, -0.010079658994422836, -0.009605753591714053, -0.009295848557086327, -0.008705651479565308, -0.008184090978595623, -0.007636829240782381, -0.006565695090669021, -0.00648733064405236, -0.004923991633951116, -0.004834878250458276, -0.0024022206720901605, -0.004345106024938807, -8.480806926867135E-4, -0.0025655142290394077, -1.4851194946276778E-4, -0.0016539227890718323, -5.259203341688974E-4, -0.0011793773263451576, -0.0010351029060956811, -0.001011020818387198 ], [ 0.00289706287379677, 0.0028747756133771962, 0.002974351307611457, 0.00287067321354773, 0.0028673717943378347, 0.0025028875472444556, 0.0025508163906700523, 0.0019246201097096291, 0.0021622297145769244, 0.0014430488393395843, 0.0016339730724237384, 8.006924870519505E-4, 0.0013767550483425367, 5.05287084886054E-4, 0.001438896903647725, 3.6694923764018844E-4, 9.87501732596948E-4, 4.1069387438700687E-4, 6.560556675006035E-4, 4.0660000404042567E-4, 0.0017819060237662322, 0.0017881492326732402, 0.0018186022715022568, 0.0015602387081239163, 0.0016391263150945566, 0.0012872219394802313, 0.0010772349064418149, 9.016326752728429E-4, 6.751382962386572E-4, 4.920491498238254E-4, 3.274000169601074E-4, 3.2099891620585475E-4, 7.049635351167912E-4, 2.2756751858279782E-4, 2.4073757765562324E-4, -1.2529154565384492E-4, 2.2240612604726588E-4, -2.815863486674576E-5, 1.7601674302910293E-4, 6.1011883435319937E-5, 0.0015147470707651738, 0.0016129831819855461, 0.0015395869921130472, 0.0016996284593518277, 0.001522794213004752, 0.0017014759796053283, 0.0014152088317162953, 0.0017070286960675287, 0.0014272579075386364, 0.0013881001684118732, 9.979698298523668E-4, 0.0015437989446484425, 4.7910077540101324E-4, 0.0012490116142976392, 3.253354133346233E-4, 8.796444445912934E-4, 6.511220167553258E-4, 8.087690126083202E-4, 8.860900553182724E-4, 8.054869228036915E-4, -0.006630845044557009, -0.0066171832899340295, -0.0056445447096787815, -0.006067997830938032, -0.005022021134455193, -0.005012876800240365, -0.004107364981045356, -0.004200774730526062, -0.0033735961785458382, -0.0026493370763324697, -0.0020727220026705608, -0.0025441693430475355, -5.596886997659752E-4, -0.0020160797896213566, -2.1707104902288752E-4, -0.001349249287246665, -8.074763819852099E-4, -0.001206368248803669, -0.001215966421890245, -0.001182563037202683 ], [ 0.00355708225015196, 0.0032437186351125242, 0.0038874321665473815, 0.0031071575454173703, 0.003766156194590405, 0.0025508163906700523, 0.0034443941283536826, 0.0018019255546379666, 0.0028051068536424696, 0.0013109768286468104, 0.002010926200436337, 7.517748459791373E-4, 0.0013911191927102884, 5.938665184457197E-4, 0.0015470766787457127, 4.1937846877409515E-4, 0.0012018454373361144, 4.750498802735179E-4, 8.196744692649569E-4, 4.680499384094655E-4, 0.0023703710122595706, 0.002416482761525336, 0.002384944617143538, 0.002165879966760764, 0.0021957248793950715, 0.0018320466473619947, 0.001584984180277488, 0.0012753379759149399, 0.0012184594048011755, 6.332070380178245E-4, 8.810379755295831E-4, 3.1044874811930886E-4, 7.679282877754635E-4, 7.140420089716408E-4, 7.803301002185317E-5, 2.9112946678435E-4, 2.2349337439523805E-5, 3.0607908935742517E-4, 1.9156613673886876E-4, 2.8285991627919997E-4, 0.002009245242495928, 0.002026890951855022, 0.0020916146570129734, 0.0021132492101014755, 0.002049928720466259, 0.0021814581427358226, 0.0019252110069591757, 0.002252619520981036, 0.0017445102813700244, 0.0021058794262357934, 9.645019837176231E-4, 0.0021709115899199026, 5.351264801918766E-4, 0.0013773139575544721, 1.5845274352054944E-4, 9.026051801462152E-4, 4.2163068232234065E-4, 6.921090914532898E-4, 6.80264723223428E-4, 6.676540157511546E-4, -0.008630815098672223, -0.008241450665389415, -0.008110431192928067, -0.0074888642063488655, -0.007133180526217987, -0.0066801628286103625, -0.005767628933368137, -0.005766527406933422, -0.004006610047947711, -0.004437562927090258, -0.0017315972524190482, -0.004005914213805275, -3.616326442879697E-4, -0.0024261506423304035, 1.591854730882766E-4, -0.001514155413072323, -3.669856848010028E-4, -0.001110580768189312, -8.766541308779478E-4, -0.0010107823338826145 ], [ 0.0020373403858926615, 0.0021260981550347995, 0.0020440311107716986, 0.002134483948837225, 0.0020288229090818536, 0.0019246201097096291, 0.0018019255546379666, 0.0016068778379218767, 0.001673496957415511, 0.0012960175275334575, 0.0013083847028196624, 8.509638728777313E-4, 0.001071103304957265, 6.716186419111587E-4, 0.0012731726441980568, 5.432098736663567E-4, 9.412842245660612E-4, 5.289972900978142E-4, 7.263099538277925E-4, 5.235192450581898E-4, 8.973685833014407E-4, 8.539672063444716E-4, 9.156129772031631E-4, 6.76424568136217E-4, 7.596552526616014E-4, 4.9221712083983E-4, 3.664484094820609E-4, 2.0290123864742063E-4, 6.431725738495925E-5, -1.6324742162728326E-4, -2.123775866184323E-4, -4.183436349250533E-4, 2.8857563770246175E-4, -3.0843130853373823E-4, -8.610803693755306E-5, -4.90004698311598E-4, -7.492568299484202E-5, -4.0375968243480377E-4, -1.829356680587312E-4, -3.079778061744544E-4, 8.880887563071416E-4, 9.96682265314831E-4, 8.859973946681246E-4, 0.0011031463843442324, 9.216449144221735E-4, 0.001132499680030087, 9.169221828987731E-4, 0.0012008746471845553, 9.633785694080149E-4, 9.93657219914119E-4, 6.860000879065326E-4, 0.0011374992449239068, 2.091449697642125E-4, 9.11256720835089E-4, 2.2276801410714062E-4, 6.233218377003024E-4, 6.209092001752509E-4, 6.861253192536719E-4, 8.868885428071544E-4, 7.691043657988237E-4, -0.003996177307956124, -0.004211136200687931, -0.003368075233362479, -0.004126572637653282, -0.0031784770665766325, -0.0034734038335523343, -0.0028246151555346996, -0.003017426839869869, -0.002345201892198334, -0.0018709186041900635, -0.0014371866707865574, -0.0017796346242805094, -1.0737969798275252E-4, -0.0013820039534185359, -1.410343736969852E-5, -8.637975365568435E-4, -7.152413020378265E-4, -9.265632892199052E-4, -0.001128537454038067, -0.0010325132261047967 ], [ 0.002606429042766462, 0.002498198608194694, 0.002858567796811128, 0.0023283796001021357, 0.0028207839030953063, 0.0021622297145769244, 0.0028051068536424696, 0.001673496957415511, 0.0028475623007128007, 0.0012585331302970015, 0.0021957198713085714, 9.775146332197842E-4, 0.0014964291994092836, 0.0012316767175469642, 0.0016039745816870295, 0.0011474290910976665, 0.0012403936242173423, 9.99049777935752E-4, 0.0010705372304188482, 8.428463426170526E-4, 0.0013760072380386145, 0.0013515104020010188, 0.0013337277926788599, 0.0011369571739394612, 0.0011595846630725502, 9.033631691050715E-4, 7.451776466995025E-4, 4.6846227375288386E-4, 4.3701492230578096E-4, -9.89012095036631E-5, 1.7811405798906E-4, -7.022625380492429E-4, 8.698497003684684E-4, -2.140263773771796E-4, 7.411710758747697E-5, -6.221396960160229E-4, -4.86122132441349E-5, -4.514228739816823E-4, -1.4669682600574265E-4, -3.459684795287855E-4, 0.0012120231155940753, 0.0012585579181381857, 0.001239939481455523, 0.0013378687550687854, 0.0012436405670526876, 0.0014856105288956864, 0.0012276313256591085, 0.0017260728877118705, 9.58283871007206E-4, 0.0017257676215501048, 3.5304067980732664E-4, 0.0019018644398245794, -9.620425492699775E-5, 0.0012412077693160438, -1.6682707203137856E-4, 7.192208378247284E-4, 5.023408188198007E-4, 7.197385429388819E-4, 8.684969668463566E-4, 8.848466174027962E-4, -0.0054124134211983345, -0.005221163626545908, -0.005446700632927054, -0.0049679286822619, -0.00497339431433576, -0.00478789861096031, -0.00409016020841961, -0.004575165479953579, -0.002191710468230417, -0.003733823078163224, -4.0148235319092116E-4, -0.0034548596514071437, 8.331708883479717E-4, -0.002058348363820817, 8.108037298834385E-4, -0.0010180093354189095, -3.981267327333511E-4, -9.515674832040793E-4, -0.0010002820136139757, -0.0011535289574388843 ], [ 0.0014688433640382807, 0.0015828430823624084, 0.0014652289782636468, 0.00160638115169536, 0.0015310585382191308, 0.0014430488393395843, 0.0013109768286468104, 0.0012960175275334575, 0.0012585331302970015, 0.0011822140494338038, 9.595876353757815E-4, 9.350889987856907E-4, 6.851381216163885E-4, 8.084980593551133E-4, 0.0010681602997862642, 6.861734996261855E-4, 8.741655155709675E-4, 6.127958181362559E-4, 7.584453527097971E-4, 5.941369723836154E-4, 3.599093035103552E-4, 2.977897932627047E-4, 3.553957419475976E-4, 1.608241798948223E-4, 2.2375759258862768E-4, 3.9615955091725386E-5, -2.5974980427259783E-5, -2.130714513814542E-4, -2.4120127332866262E-4, -5.790462712568683E-4, -4.8010097572801E-4, -8.78502952611286E-4, -1.1768409375067132E-4, -5.708755014739822E-4, -4.3401578325196605E-4, -6.111349608369139E-4, -3.5961828475971085E-4, -5.358419961797099E-4, -4.2981124918087536E-4, -4.894054369308978E-4, 5.324236141223759E-4, 6.156547379280174E-4, 5.376559826762772E-4, 7.302459828575457E-4, 6.140687733724111E-4, 7.89643742982585E-4, 6.609496216706421E-4, 9.189565504080261E-4, 7.645100445772403E-4, 8.116515867432669E-4, 5.858802291601517E-4, 9.360258730058018E-4, 1.0302117542219932E-4, 6.483122088469034E-4, 1.995850561456887E-4, 3.902516244774591E-4, 6.030421668448034E-4, 5.025519759500825E-4, 8.699127584748513E-4, 6.358615959816868E-4, -0.002474103502791914, -0.002687634997326353, -0.002181918404573155, -0.002867732142883282, -0.0023212123352087987, -0.0025544946146357937, -0.0022475731739748125, -0.0024272794338775854, -0.001964566650707885, -0.0015542493347231034, -0.0012806391937265798, -0.0014088843765456523, 5.024208109051233E-5, -9.043964893412859E-4, 4.491348643717683E-5, -4.417828365728878E-4, -6.752767656128668E-4, -5.986889928496243E-4, -0.0010654121647933458, -7.836722137244095E-4 ], [ 0.0018119868424817675, 0.001808216075738488, 0.0019372599114501322, 0.0016687591557064882, 0.001924808608830681, 0.0016339730724237384, 0.002010926200436337, 0.0013083847028196624, 0.0021957198713085714, 9.595876353757815E-4, 0.001830194317854978, 6.333550395374746E-4, 0.00135278943738682, 9.555816629753181E-4, 0.0012118714650315035, 8.400295924130962E-4, 9.095962533682161E-4, 7.266020215039605E-4, 7.676325690030508E-4, 6.064237461081013E-4, 8.760465402725679E-4, 8.238557007007898E-4, 8.785288648826255E-4, 6.506801456608173E-4, 7.468147881682865E-4, 5.095493765204342E-4, 4.191831231928044E-4, 2.7401234566713263E-4, 1.540603885020861E-4, -5.2256381238293846E-5, -2.8973871046231137E-5, -5.181097646081754E-4, 8.741661181914793E-4, -3.405261276866054E-4, 2.860181571448889E-4, -6.340125833370268E-4, 1.4398231716133075E-4, -4.7245465612871736E-4, -3.840293478014651E-5, -2.970864497083031E-4, 7.758247112135899E-4, 8.415939982301479E-4, 7.814389621563012E-4, 9.117979635134348E-4, 8.134389233463699E-4, 0.0010118406738412757, 8.839130923442468E-4, 0.0011758373180401243, 7.043857646046603E-4, 0.0011565430276703527, 3.355151081750337E-4, 0.001299428878787165, -1.2287287586595648E-4, 9.923765661227998E-4, -1.22932235045964E-4, 6.153350108419048E-4, 3.8944144377202187E-4, 6.417219635234091E-4, 6.786754581527817E-4, 7.903036372527951E-4, -0.0036365926417447074, -0.0037455292874017977, -0.003597202629188996, -0.0037198817822884406, -0.0033724256397866547, -0.003445594948792999, -0.0030529850514916675, -0.0031652610611816808, -0.001685468384341125, -0.002500276861988458, -4.696795723081003E-4, -0.002311558097466913, 6.952877837848742E-4, -0.0016134880430991275, 5.830042534264252E-4, -8.836481651472572E-4, -3.154007311520029E-4, -8.595740379921485E-4, -7.843206747472741E-4, -0.0010534016511786002 ], [ 7.071923733165459E-4, 8.01305019086081E-4, 7.543765870234619E-4, 8.062563592610942E-4, 8.703048373481563E-4, 8.006924870519505E-4, 7.517748459791373E-4, 8.509638728777313E-4, 9.775146332197842E-4, 9.350889987856907E-4, 6.333550395374746E-4, 0.0012030042781759017, 1.9636385715439137E-4, 0.0012170644616111843, 9.670942403496123E-4, 0.0012149218327739395, 8.481646077555446E-4, 0.0010078519443046622, 9.233801630540762E-4, 8.722045009715947E-4, -2.8419202743690415E-4, -3.432374922265017E-4, -4.078314895972715E-4, -4.0660900477474586E-4, -5.151947925306041E-4, -4.859792439813722E-4, -5.108009409046676E-4, -8.025505363200695E-4, -5.570464053516458E-4, -0.0013107941739418068, -7.02190680445624E-4, -0.0018982148426302213, -5.013913187272611E-4, -0.0010104670868096525, -9.658365643252091E-4, -9.689132064712714E-4, -8.177123890428068E-4, -8.621302812775292E-4, -8.501210459826046E-4, -8.958039230015526E-4, 9.252104359260734E-6, 4.983035489020928E-5, 3.284449563367135E-6, 1.4207347084240057E-4, 6.933883001649846E-5, 2.964307944828353E-4, 4.5409565994155486E-5, 6.121115047044853E-4, -8.480248634174799E-7, 6.921558508854661E-4, -2.0276734512597355E-4, 8.588964616206002E-4, -4.4798411067380965E-4, 2.2809710975408353E-4, -1.547554326481528E-4, -7.274950590398768E-5, 4.928982700034458E-4, 1.3073705775219692E-4, 7.919918931347346E-4, 3.878374826963948E-4, -2.096620640414475E-4, -6.82907265068242E-5, -6.380388787126095E-4, -3.9448982960970275E-4, -9.908395931480787E-4, -9.504082919740496E-4, -6.213852352105248E-4, -0.001761011922387045, 1.7653306378118204E-5, -0.0014841993174986618, 5.379096404699614E-4, -0.001389717939339869, 0.0011855484757329088, -1.928422332761494E-4, 7.737320794376064E-4, 4.191167229900918E-4, -4.2595545449003274E-4, 1.0224227774185206E-4, -8.315684991627955E-4, -2.6907542203298286E-4 ], [ 0.0013782776687410441, 0.0014532278871914862, 0.0013821291733975927, 0.0013863468367207841, 0.0013156216100158188, 0.0013767550483425367, 0.0013911191927102884, 0.001071103304957265, 0.0014964291994092836, 6.851381216163885E-4, 0.00135278943738682, 1.9636385715439137E-4, 0.0012295047512474427, 3.54299174219003E-4, 7.959980901095167E-4, 2.540928819130758E-4, 4.833103086165089E-4, 2.455350864920395E-4, 3.047600450848161E-4, 1.988688991865845E-4, 8.856758534584963E-4, 8.513476788014309E-4, 9.439778276955635E-4, 7.11356797730631E-4, 8.544925533636985E-4, 6.047845461574325E-4, 5.224049122100555E-4, 5.35313806412027E-4, 2.541316413945074E-4, 4.807631302384186E-4, 1.0657172094952498E-4, 3.4204877429798344E-4, 0.0010039755187079876, -3.968754440188685E-5, 7.074699184798675E-4, -3.271733109864659E-4, 5.493052240122594E-4, -1.9300293362358464E-4, 3.20319014967243E-4, 1.9703467111238603E-5, 6.67541940589621E-4, 7.499721778617032E-4, 6.534551207669425E-4, 7.811243546952428E-4, 6.54205909905916E-4, 7.788677154918458E-4, 7.009696244254962E-4, 7.721547831284679E-4, 6.390467379667144E-4, 6.106074796811071E-4, 4.8145936441847234E-4, 7.211000572765103E-4, 9.36364096492755E-5, 8.426821692879157E-4, 4.226203263582045E-5, 6.39303066714299E-4, 2.8601491983237825E-4, 6.22258893014267E-4, 4.392352293113754E-4, 6.494687528700151E-4, -0.0030712885550071845, -0.0033563211174828947, -0.0025538852088288705, -0.0032009384540192796, -0.002270355308365342, -0.0025272881536254474, -0.0021706175003235817, -0.0019378239108738431, -0.0015610628805893592, -0.0011878331178632301, -9.515409359911884E-4, -0.0011770669379896472, 1.2401774579062906E-5, -0.001362703333184851, 5.245971699373944E-5, -9.982028681443428E-4, -3.4060977867691414E-4, -9.290170552439039E-4, -5.99193722690336E-4, -9.656648333261787E-4 ], [ 2.2858674086981517E-4, 3.491478407630361E-4, 2.831213080527764E-4, 2.7584324025739835E-4, 4.614187903962454E-4, 5.05287084886054E-4, 5.938665184457197E-4, 6.716186419111587E-4, 0.0012316767175469642, 8.084980593551133E-4, 9.555816629753181E-4, 0.0012170644616111843, 3.54299174219003E-4, 0.0016696695792431959, 9.320601136293822E-4, 0.0016870873888682565, 8.533841440362094E-4, 0.0013265742324581047, 0.0010667115640488754, 0.0010732262402263688, -7.997403362278636E-4, -8.98645558132297E-4, -9.333881022927498E-4, -9.561663462399605E-4, -0.0010226531316287733, -9.498346462132809E-4, -9.067436581827665E-4, -0.0011644310097294235, -9.281260899667149E-4, -0.0015876228724448465, -0.0010122286390840765, -0.002349072283659278, -2.629434256420013E-4, -0.0014536849603053645, -8.399769968502753E-4, -0.0014147967011908127, -7.878197276869344E-4, -0.0011921945611013402, -9.480698075110888E-4, -0.0011356948534612045, -3.779040889170237E-4, -3.4709539887962444E-4, -3.854555871918061E-4, -2.569070171106568E-4, -2.633185195692615E-4, -3.214593368895921E-5, -1.5188238386727292E-4, 3.9454671139151407E-4, -2.8090671164397913E-4, 6.362839559103549E-4, -4.1872180807246554E-4, 8.473423948916838E-4, -7.512650308907189E-4, 2.740314664533674E-4, -3.2869575856300337E-4, -1.1405814813568507E-4, 5.273325177579489E-4, 1.6309383123891573E-4, 8.686184672218903E-4, 5.484642237911653E-4, 0.0011398305250783355, 0.001236181313522174, 1.8749305194044912E-4, 6.094101536020073E-4, -4.6251811477327187E-4, -3.303033229475051E-4, -4.386916015141601E-4, -0.0014229934530127768, 5.732025698063475E-4, -0.0015331702591062648, 0.0010529481317814529, -0.0014232956385281776, 0.001820206264726171, -2.2990520810299372E-4, 0.0011223602022502406, 5.581356883609615E-4, -4.1742902799768835E-4, 1.291578808654879E-4, -8.657043923941687E-4, -4.393829001310382E-4 ], [ 0.00159945139708158, 0.0016107274543487031, 0.001659516549936741, 0.0015608927827671754, 0.0016776922054814528, 0.001438896903647725, 0.0015470766787457127, 0.0012731726441980568, 0.0016039745816870295, 0.0010681602997862642, 0.0012118714650315035, 9.670942403496123E-4, 7.959980901095167E-4, 9.320601136293822E-4, 0.0013180723456670978, 8.186912645935772E-4, 0.0010472952793797825, 7.734856855636928E-4, 9.056886070518567E-4, 7.293901085528593E-4, 3.866344604625281E-4, 3.3055742898416166E-4, 3.2721947825618044E-4, 1.9759487070436814E-4, 1.70907390443267E-4, 3.3841751328593094E-5, -6.359661263220215E-5, -3.3597666418780456E-4, -2.213467014746584E-4, -8.91354726305978E-4, -3.9884490671586144E-4, -0.0014641156210537794, -5.2220101601148296E-5, -6.601405536159393E-4, -6.070631410886333E-4, -7.159281793785991E-4, -5.550344369260245E-4, -6.80326480326417E-4, -5.968644909322821E-4, -6.367444300945111E-4, 5.129856286967034E-4, 6.098488167753933E-4, 4.962924014578192E-4, 7.34871245189345E-4, 5.364301585894896E-4, 8.450410889195467E-4, 5.160533753012851E-4, 0.0010519147636338195, 3.6856575625451523E-4, 0.0010219597231648726, -4.7810313422717594E-5, 0.0011494999269249652, -2.822437696463935E-4, 5.57102373990442E-4, -1.2116708043257961E-4, 2.58294561004621E-4, 4.283557233664218E-4, 3.913107547326299E-4, 7.414655582100227E-4, 5.852916900349781E-4, -0.0024888390280231065, -0.0025436377106360657, -0.002475220528554516, -0.002660669135458601, -0.0023577275071118373, -0.002651652434900921, -0.0018055269648531217, -0.002752093508311521, -7.080206376143504E-4, -0.002139701263225372, 3.963464963755652E-4, -0.0020036366610176586, 0.0010280835197061975, -8.490646322534799E-4, 7.308460445840213E-4, -2.6013221933609437E-4, -2.759975618812472E-4, -3.911900689215199E-4, -7.620542181589027E-4, -6.369106181578863E-4 ], [ -2.2850292143858048E-5, 1.3659080604701095E-4, 6.856195965669E-5, 6.548020315668297E-5, 2.3525758933674333E-4, 3.6694923764018844E-4, 4.1937846877409515E-4, 5.432098736663567E-4, 0.0011474290910976665, 6.861734996261855E-4, 8.400295924130962E-4, 0.0012149218327739395, 2.540928819130758E-4, 0.0016870873888682565, 8.186912645935772E-4, 0.001829266319141514, 7.636197527871715E-4, 0.0014054378026694806, 0.001067220484499576, 0.0011160075265661666, -8.507606166862551E-4, -9.329008014833357E-4, -0.0010132949310880045, -9.62120666289293E-4, -0.0010759946411079155, -9.510282127204705E-4, -9.057698835917592E-4, -0.0011390657086576051, -9.005586536849194E-4, -0.0015073330413630337, -9.677301119540656E-4, -0.0022027948370524166, -2.1399955300346147E-4, -0.0014117355109852757, -7.249815411935135E-4, -0.0014785951567847927, -7.113633670690011E-4, -0.0012186773819238296, -9.228768937897452E-4, -0.001184797752208088, -4.813606696668886E-4, -4.784619033817675E-4, -5.006490241278922E-4, -4.3572257512304195E-4, -4.1911565660428403E-4, -2.0814005432240798E-4, -3.4325208528811224E-4, 2.317411090006335E-4, -4.992236363454994E-4, 5.111216789138708E-4, -5.892462103070772E-4, 7.416397417100195E-4, -8.040815725477266E-4, 2.396480180842347E-4, -4.1782816229484854E-4, -1.2956861148991832E-4, 5.000150438564807E-4, 1.7548575862635536E-4, 8.388206661674593E-4, 5.385317658982176E-4, 0.0018554904718416506, 0.0020395673752953854, 7.95857247267977E-4, 0.0014721332949782166, 1.6530614106502546E-4, 3.0990100378619907E-4, 1.8746049461124925E-4, -9.623190198685647E-4, 0.0010920013869417178, -0.001268095883234739, 0.0013600134927008053, -0.0012306659051981768, 0.0018381155971620795, -1.6014417410326358E-4, 0.0012071002396234886, 6.342750993178123E-4, -4.297078705284259E-4, 1.2984837208589856E-4, -8.485882850592048E-4, -4.156454080427299E-4 ], [ 0.001133897949079781, 0.0011667578878764963, 0.0012323823142769814, 0.0011083027138529015, 0.0013205692425472888, 9.87501732596948E-4, 0.0012018454373361144, 9.412842245660612E-4, 0.0012403936242173423, 8.741655155709675E-4, 9.095962533682161E-4, 8.481646077555446E-4, 4.833103086165089E-4, 8.533841440362094E-4, 0.0010472952793797825, 7.636197527871715E-4, 9.82575469213065E-4, 6.972224483463112E-4, 9.133752154834845E-4, 7.100697153336849E-4, -3.730321333788049E-6, -7.623383008626501E-5, -4.644659547852213E-5, -1.733121116676768E-4, -1.6542921297812597E-4, -2.8226770558930004E-4, -3.207755486107312E-4, -5.684723024069534E-4, -4.114083351297982E-4, -0.001053658985590742, -5.540868249070044E-4, -0.001505273571355607, -4.0101440459235576E-4, -6.638014552901594E-4, -7.56081110048169E-4, -6.52559057975456E-4, -7.199010008776729E-4, -6.7934897087267E-4, -7.385045691688119E-4, -6.958027566364472E-4, 2.7753994812160606E-4, 3.3658819492984334E-4, 2.661145467228677E-4, 4.576807803897149E-4, 3.29775434155307E-4, 5.660910476820998E-4, 4.172900941573924E-4, 7.599671059867433E-4, 3.438514577711112E-4, 8.477841527894765E-4, 1.7143233923389646E-5, 8.919747876040794E-4, -1.777597207065862E-4, 3.864037576855776E-4, -1.0134143294904241E-4, 1.9353986941858737E-4, 3.34456171481143E-4, 3.6251248780275956E-4, 6.474361622385207E-4, 5.291093072465217E-4, -0.0012115793153449606, -0.001441612284197705, -0.001452705215601028, -0.0018360344448334247, -0.0015534573957215864, -0.0020501555141711645, -0.0016037214622490559, -0.002102872084489628, -8.096834611532079E-4, -0.001830727365883117, 1.6193212329018627E-4, -0.0015643068959035318, 7.366091218202035E-4, -5.68802222389507E-4, 6.1898654547525E-4, -1.671902296987114E-4, -1.6013450971238125E-4, -3.6119780789901386E-4, -6.26327560398241E-4, -5.570489534519449E-4 ], [ 1.7139262810801723E-4, 2.752558609245426E-4, 2.451238764909751E-4, 2.165962147018013E-4, 3.6583928451190684E-4, 4.1069387438700687E-4, 4.750498802735179E-4, 5.289972900978142E-4, 9.99049777935752E-4, 6.127958181362559E-4, 7.266020215039605E-4, 0.0010078519443046622, 2.455350864920395E-4, 0.0013265742324581047, 7.734856855636928E-4, 0.0014054378026694806, 6.972224483463112E-4, 0.0011092392288562906, 8.887245215643629E-4, 9.009608497903922E-4, -5.899363911751E-4, -6.561822455551531E-4, -7.230313620036647E-4, -6.89715407449963E-4, -7.91488787750674E-4, -7.069649740328557E-4, -6.887191216241226E-4, -9.092082106923597E-4, -6.884748528640151E-4, -0.001280061347689131, -7.498624909004375E-4, -0.001892020303211872, -2.1834852050025644E-4, -0.0011211424315153752, -6.801684048932309E-4, -0.0011511889862254195, -6.472850487142511E-4, -9.775762249661893E-4, -7.856251499202264E-4, -9.568416295808579E-4, -3.0173126664450673E-4, -2.8445577215988695E-4, -3.204230652275657E-4, -2.3245858197603215E-4, -2.5909687318341506E-4, -5.0268980184708376E-5, -2.2085261765208218E-4, 3.0150204895764977E-4, -3.729038363837085E-4, 5.03725725054925E-4, -5.162302281541491E-4, 6.804954099827868E-4, -6.663223099368248E-4, 1.8684429613743768E-4, -3.4991619443487643E-4, -1.110824383743004E-4, 3.8140063561698954E-4, 1.2723334526787715E-4, 6.675519538189178E-4, 4.201893457287152E-4, 0.0010954625147218395, 0.0012381394999786345, 3.0663189659795243E-4, 8.097579839324129E-4, -1.1753701228682334E-4, -6.452168287719248E-5, 3.198008252056094E-5, -0.0010423540435127165, 8.866766652266947E-4, -0.001211379219975506, 0.0012528743251528256, -0.0011644137831146341, 0.0015803908334440725, -1.409888969405809E-4, 0.0010407927365284721, 4.976659278102243E-4, -2.7588636830897114E-4, 1.2340401078894501E-4, -6.46718226553985E-4, -3.066852018236116E-4 ], [ 6.155610947062403E-4, 7.009494198435914E-4, 7.150800663150213E-4, 6.397399824294148E-4, 8.487351768137318E-4, 6.560556675006035E-4, 8.196744692649569E-4, 7.263099538277925E-4, 0.0010705372304188482, 7.584453527097971E-4, 7.676325690030508E-4, 9.233801630540762E-4, 3.047600450848161E-4, 0.0010667115640488754, 9.056886070518567E-4, 0.001067220484499576, 9.133752154834845E-4, 8.887245215643629E-4, 9.865689452262746E-4, 8.404292517450913E-4, -4.5636395585444865E-4, -5.393696078462383E-4, -5.272558777361893E-4, -6.034087678235468E-4, -6.180451861900345E-4, -6.56726989515049E-4, -6.508429838670234E-4, -8.799389785880273E-4, -6.895669739067313E-4, -0.0013010582196268197, -7.967239972247436E-4, -0.0017665548078209703, -5.183363707428763E-4, -9.222281336022172E-4, -8.266567615017041E-4, -9.078914937622343E-4, -8.094962535199203E-4, -8.756618098343364E-4, -8.864448899527227E-4, -8.993214808666551E-4, -6.39020719961112E-5, -2.7043900311112715E-5, -8.143284705976681E-5, 7.437232817744365E-5, -1.9617617022918492E-6, 2.1551229436030025E-4, 1.2748995942216734E-4, 4.71668083726428E-4, 5.462845813428662E-5, 6.590796382221702E-4, -1.7021260612954718E-4, 7.304846879501779E-4, -3.2329604463921907E-4, 2.8425983024564635E-4, -1.7629963087236126E-4, 8.566639697905812E-5, 3.7932823765896896E-4, 3.31121721862961E-4, 7.022107470225376E-4, 5.506217510786725E-4, 2.7382613443285565E-4, 7.749287442560177E-5, -2.8633295458533464E-4, -4.867412019654073E-4, -6.175436980430978E-4, -0.0010678426891331753, -8.881521078805087E-4, -0.0014389881156091058, -2.048918761984374E-4, -0.001478992190432848, 4.977015439229337E-4, -0.0012564879594879283, 9.463601974243614E-4, -3.4333095728267504E-4, 7.383499713433003E-4, 9.250537327556577E-5, -2.3544289589147774E-4, -2.5036017244767195E-4, -6.795477086321272E-4, -5.367064145074939E-4 ], [ 2.3323522827990852E-4, 3.429202467833475E-4, 3.023840463275031E-4, 2.9520822740775423E-4, 4.245737330119623E-4, 4.0660000404042567E-4, 4.680499384094655E-4, 5.235192450581898E-4, 8.428463426170526E-4, 5.941369723836154E-4, 6.064237461081013E-4, 8.722045009715947E-4, 1.988688991865845E-4, 0.0010732262402263688, 7.293901085528593E-4, 0.0011160075265661666, 7.100697153336849E-4, 9.009608497903922E-4, 8.404292517450913E-4, 7.893493732356541E-4, -5.616359141987131E-4, -6.3358139412082E-4, -6.587326744167657E-4, -6.679612883042998E-4, -7.26470439717156E-4, -6.932543120319284E-4, -6.741339671900252E-4, -8.749730565624591E-4, -6.766998939758645E-4, -0.001227635494100453, -7.437450842289063E-4, -0.0017175802553626987, -3.8116837709472717E-4, -9.710145166644923E-4, -7.088783483446762E-4, -9.644820504858078E-4, -6.792935856306131E-4, -8.77616677807728E-4, -7.878193261628077E-4, -8.803475414827169E-4, -2.4156746339787691E-4, -2.1604134511352965E-4, -2.647957471480185E-4, -1.4922938796249467E-4, -2.0329625244327047E-4, -4.734212680654032E-6, -1.271312690577232E-4, 2.731042315469928E-4, -2.2354637544032236E-4, 4.5367840050629155E-4, -3.6596971973739653E-4, 5.632486970344311E-4, -4.8582466555593815E-4, 1.5237420744983955E-4, -2.6209223229028934E-4, -4.975008770981112E-5, 3.1995962019272295E-4, 1.8362188665866283E-4, 5.992031902709643E-4, 4.159293001358513E-4, 9.962707730671958E-4, 9.37174362937726E-4, 3.6788238850135965E-4, 4.4485127378206333E-4, -1.4252540492162282E-5, -2.5852167916585875E-4, -1.3105401884561961E-4, -9.235475697750435E-4, 5.003264853430559E-4, -0.0010623515080837127, 9.017041236452065E-4, -9.507104692970675E-4, 0.001196841825845118, -1.1048477278853788E-4, 8.382167062489597E-4, 3.373800551519486E-4, -1.9754431682853147E-4, -1.072277111461734E-5, -5.654791527460023E-4, -3.3656925656929673E-4 ], [ 0.002729233111800405, 0.0024107182317358927, 0.003006242799692022, 0.002387350151623384, 0.002681975967218166, 0.0017819060237662322, 0.0023703710122595706, 8.973685833014407E-4, 0.0013760072380386145, 3.599093035103552E-4, 8.760465402725679E-4, -2.8419202743690415E-4, 8.856758534584963E-4, -7.997403362278636E-4, 3.866344604625281E-4, -8.507606166862551E-4, -3.730321333788049E-6, -5.899363911751E-4, -4.5636395585444865E-4, -5.616359141987131E-4, 0.0033112339747026916, 0.0034926368331420457, 0.003345803570718571, 0.003357590275496896, 0.0032849251987506402, 0.003024343970930936, 0.0027358283878623872, 0.002673134129229221, 0.002440703494016589, 0.0024917476701147336, 0.002215922720392744, 0.0027557391682896826, 0.0015424347178253687, 0.0020681568338185696, 0.0012389624452179867, 0.001451441637019245, 0.0011975323960046703, 0.001435474524288844, 0.0014218312920515493, 0.001391309293624464, 0.002193451608444198, 0.0021279049574760163, 0.0022726861202950963, 0.0020076644190277076, 0.0020194186286759262, 0.0018827798919028643, 0.001556426173071985, 0.001657881532833316, 0.0014428004740567012, 0.0012200012171754244, 9.639180165103095E-4, 0.0012250452986858674, 8.195300364390908E-4, 9.097015275690798E-4, 1.720718187642752E-4, 7.267716437316493E-4, -2.2746168863258475E-4, 1.8009539225805174E-4, -3.3280382117965846E-4, -2.0720708288417768E-4, -0.008668171594658783, -0.007896325687027526, -0.007354062891015309, -0.006202911605655391, -0.005824108691153401, -0.004833844656371135, -0.003836244702202663, -0.003833949148119799, -0.0030808135465838597, -0.002413645930271267, -0.001958428251803673, -0.0023248399128141554, -0.0013970885121061345, -0.0018107389067251356, -4.8793310434589495E-4, -0.0014537038370479839, 1.0702473442378272E-4, -6.180922487393312E-4, 1.1539536297396161E-4, -4.516739897967784E-5 ], [ 0.00280905581264662, 0.0024441561936228247, 0.00310250906180025