{
  "weights" : [ 0.6547917836335342, 0.6507190124045071, 0.6550674993303051, 0.657633569284722, 0.6633689936159324, 0.6635062001330986, 0.6632165831382424, 0.6625973925796741, 0.6471775145855799, 0.6461466730490385, 0.6073567124003048, 0.6685417146241455, 0.6259211676961409, 0.6936683875402303, 0.6097799316657119, 0.5832451595524749, 0.6029246974534205, 0.5363822790365629, 0.5915576457547068, 0.5389754134481071, -0.5663531690150231, -0.5822102040269885, -0.557333300832139, -0.5627924907218674, -0.537708405540712, -0.5159781916871454, -0.49585720267456956, -0.4569173705054495, -0.4472498393017964, -0.4199613154548443, -0.4533633178899683, -0.44429117722608524, -0.466090710241449, -0.45877278755322126, -0.4440854494642863, -0.49765112492928804, -0.4581215853060853, -0.5060398251071256, -0.4665364171635928, -0.49391624544804574, 0.46677899640190884, 0.4671392603093629, 0.48464762039563464, 0.47950198020350854, 0.4966124332545286, 0.5143654800183851, 0.5304746513358682, 0.5614939717107271, 0.5684010019558059, 0.6054550358801862, 0.5600723446763559, 0.5611862011245182, 0.4136307115570893, 0.4629765623439747, 0.523624739255542, 0.5044972503386835, 0.5296833350514977, 0.5213515655713662, 0.5308487984301835, 0.5357645530478967, 0.16435905642246088, 0.13441093171093732, 0.13684359295160187, 0.13105579396293854, 0.11527386649339164, 0.12056841649330503, 0.08513416884188361, 0.09993118442252277, 0.08627331934159575, 0.09864445396442395, 0.17938677660100016, 0.17484420052454183, 0.3134711681612288, 0.27222315630709504, 0.2933264851241671, 0.28235769152973517, 0.31694906315229293, 0.31618851872726933, 0.3066006448098573, 0.3223156913251059, 0.5240580061545996, 0.5264017982631545, 0.5256550592489224, 0.534018828676327, 0.5297851191297532, 0.5476313913609441, 0.5610161821726023, 0.5742295164954725, 0.5716512580905752, 0.5506755852921825, 0.4476295423868957, 0.35003802810555973, 0.17673831063674175, -0.001939554852509516, 0.0842143134863553, 0.010392146208788346, 0.08273203475457218, 0.025020906937768803, 0.07929416203094747, 0.045834797278084795, -0.5849091353948184, -0.5928673811911087, -0.5915780362731534, -0.6083426515190231, -0.6040962180030952, -0.6273399437532484, -0.6308719771858594, -0.6497863577694729, -0.644619922604995, -0.6694560710087265, -0.6294927503079873, -0.6162904061232459, -0.4711010016033907, -0.3133755741614105, -0.20272481892543237, -0.16184568224010676, -0.13928251108336343, -0.14807733174792662, -0.13889362257736984, -0.15565679435336144, -0.4091079029506433, -0.4241624042363945, -0.4268345002798621, -0.4318182251426976, -0.44371614921687424, -0.4432104611506832, -0.45810356687615844, -0.44001293654469315, -0.4542642436964333, -0.4040921787151126, -0.41261482639871505, -0.2886150296031823, -0.23648491583614265, 0.03165368559954774, 0.05221756279625188, 0.040527358271149914, 0.03345501214053437, 0.03814710870793947, 0.03572276934720073, 0.022171611674540563 ],
  "covariance" : [ [ 5.621414248163313E-4, 1.1827657684217818E-4, 1.2171362724457191E-4, -3.196653590491202E-4, -2.532651122576943E-4, -8.975574454603175E-4, -5.157740438553324E-4, -0.0015979481958279845, -9.733037428498397E-4, -0.0014873058960011595, -4.697559900633192E-4, -4.61224249720778E-4, 7.233996781594478E-4, -7.109287495433154E-4, 9.765600618866709E-4, -3.742849170256458E-4, 7.442975973258658E-4, -1.0248434127185157E-4, 5.506377449991806E-4, -5.62846672819203E-5, 9.096744706471589E-4, 4.7401267623040175E-4, 7.991887410936777E-4, 4.526063858820599E-4, 7.686515155518043E-4, 6.25043882669572E-4, 0.0010327718045224634, 7.28948791302518E-4, 0.0014728596853707703, 9.87457625773753E-4, 0.0023051724841709714, -2.2661672624337096E-4, 0.003827514978991576, -0.0023456298281880695, 0.0029314548332677946, -7.054711788755563E-4, 0.0016580139373949254, -2.1376082157145053E-5, 0.0011418595603364854, 4.7669753970824185E-4, 3.3984129476926413E-4, 3.6343593317737414E-4, 7.709237140785446E-4, 8.614751425218011E-4, 0.0011764875992219964, 0.0016555028839504808, 0.001622780849288836, 0.0023230421491970167, 0.00214292913332548, 0.0021572473951737563, 0.0022808638268338316, 4.5074676871282546E-4, 0.0022783536419269893, -0.001935767119666018, 2.5825464029042807E-4, -3.330153970853819E-4, -6.508797414884933E-4, -2.8452944463899327E-4, -6.750954441272024E-4, -2.466468584609734E-4, -5.1777996795085725E-5, 1.5916662489415967E-4, -1.4122984158534006E-4, 1.5160028672133819E-4, -1.4094735988202516E-4, -1.5626553169628945E-4, -5.080343259654987E-4, -6.15036790389509E-4, -2.4170740438718603E-4, -7.212778167580535E-4, 4.7477814315475734E-4, -7.948747369450735E-4, 0.001248838651650492, -0.0011344954018629493, 0.0028568515028993043, -0.0014049790554965349, 0.0022661088293492145, -3.1161670255932915E-4, 0.0014369562401743707, 4.286518848162658E-4, 5.005602169113968E-4, 6.3445359175735E-5, -3.665497564270106E-5, -4.616511828720266E-4, -5.235105245728728E-4, -7.975744477076222E-4, -5.102943317092002E-4, -0.0010034946271727612, -7.650371281361672E-4, -5.517872667543301E-4, -8.469985147044802E-4, -1.9406013416587936E-4, -3.221658012423067E-4, 3.705398413527997E-5, -9.023210258203451E-4, -1.5639473974506498E-4, -4.1167011379339056E-4, -1.438445384936316E-4, -1.40362074941864E-4, -1.2052799000775502E-4, 1.833428118212348E-5, -8.011711844931822E-5, 2.047882720030548E-4, 6.834929637413782E-5, 2.5169615748621725E-4, 1.598262245334726E-4, 2.5487210692616465E-4, 1.2251417941720093E-5, 1.583827576416433E-4, -2.757801945776233E-4, 2.4753823126423124E-4, -4.8224350062017795E-4, 3.2452647795076865E-4, -0.0014690422499291978, 3.6173833078304333E-4, -8.518844339224417E-5, 6.752889339066735E-4, 2.80335070630302E-4, 5.84949874652334E-4, 3.4956088948894746E-4, 1.99319059415081E-6, -4.466309829698565E-5, -1.9111293428896963E-4, -3.282897818359362E-4, -5.461605998431678E-4, -6.725172979672657E-4, -0.0010272496239119614, -9.070343417474077E-4, -9.521938998616139E-4, -9.766733538873306E-4, -6.249342260471759E-4, -0.0010571055466194728, 3.194253259504061E-4, -0.0015204689067489343, 0.0010223180547422822, -6.653724647993112E-4, 5.20297857817914E-4, -1.8788187607285273E-4, 1.9715668285286164E-4, 1.0057254974006209E-4 ], [ 1.1827657684217818E-4, 6.31763399390401E-4, 2.7577648257116424E-5, 8.318475489055546E-4, 9.575683904618058E-5, 0.0013500490924820622, 4.6957638461360494E-4, 0.0019686589395211604, 7.956591448901325E-4, 0.0022332587599765822, 4.784643495087608E-4, 0.0010425179346463575, -1.166431759859049E-4, 6.347728218972931E-4, -1.0912224729919535E-6, -1.1854645220946822E-4, -5.919781793542367E-5, -2.5216237558556547E-4, -1.9188408247379415E-4, -3.0890203630500285E-4, 8.682466860470324E-5, -8.495355882457922E-5, 1.0438299866006064E-4, 1.3671567717880612E-4, 5.221803587665041E-5, 1.432791218245352E-4, 4.028833884653142E-4, 4.0551729407190765E-4, 7.519768253373507E-4, 0.001174246258415486, 0.0018600756416873167, 8.021291007058839E-4, 0.0034325927414147325, -0.0011229067305322123, 0.0029061886267565513, -3.27216964098627E-4, 0.0017142083758865498, 5.19370798839754E-4, 0.001029625299249129, 9.530686961063026E-4, -7.722379775681432E-5, -8.538998597062076E-4, 1.9211049717464347E-5, -8.102887045152382E-4, -1.7008001996128105E-4, -0.001365792948658384, -4.170820294286952E-4, -0.0015705735257118556, -6.194748421373193E-4, -0.0013142636834297017, 5.064642813864841E-4, -5.461032222617265E-4, 0.0026932242869862405, -0.0027960052033941386, 0.0020084880514879993, -0.0012701917312203602, 0.001142725041784135, -5.11445068893851E-4, 3.740882863871804E-4, 2.2752807539786623E-4, 1.124411966535971E-4, -3.976576441279245E-4, 1.9952100253493366E-4, -3.01084555321175E-4, 1.847433508738587E-4, -1.0634800587159708E-4, 6.445910438316222E-4, -6.308704962524161E-4, 0.001164767436753942, -8.793780424717441E-4, 8.499520585111878E-4, -8.632243978418991E-4, 0.0014771120067196485, -2.4938666166516763E-4, 0.0024393125244451565, -9.68690233864451E-5, 0.001375258484449263, 8.11551719710004E-4, 0.0013813407720788245, 8.181795737154395E-4, -1.0595202561373732E-4, 3.2354932596871563E-6, 1.3047263386974382E-4, 3.6424632246996017E-4, 3.8991208240086306E-4, 7.489734644551931E-4, 8.559765082737791E-4, 0.0010764140918795339, 0.0010986270038585036, 0.001781702393464446, 0.00191839346255367, 0.0021818551200203833, 0.0016654706040302575, -4.419990691646848E-4, 1.3970414617441723E-4, -1.7207754112823353E-4, -2.0100036857101193E-7, -9.336891452633901E-5, 4.3640535945119104E-5, -3.6680604181370645E-5, 8.215257920693214E-5, 1.8938880001433255E-4, 3.650465417528141E-5, 2.2603938397002443E-4, -6.433792057191849E-5, 1.567193166751325E-4, -2.137427459691737E-4, 1.0891744013081438E-5, -3.8450322964000505E-4, -1.9859278610062615E-4, -0.0012178546295979085, -0.001706696706720667, -0.001666439550172223, -0.001619455029523563, 6.10208674915079E-4, -7.408761149573225E-5, 6.357756159660488E-4, 1.2398931481153691E-4, 3.6377203739162663E-4, 3.2316684351257386E-4, -2.213459439396854E-4, -5.565754574036193E-4, -5.136931119651955E-5, -2.716703372365479E-4, 2.468799153893065E-4, 2.4220253153642036E-4, 7.02278332313721E-4, 5.711039084253396E-4, 0.0011492857313195604, 8.536660032285044E-4, 0.0011716098362802019, 5.481827799079859E-4, 6.300813803128553E-4, -8.633407559539701E-4, 0.0015966231997449265, -2.0544963779610168E-4, 7.458235543095534E-4, 2.472716631392171E-4, 4.936097934345537E-4, 4.3079459153574733E-4 ], [ 1.2171362724457191E-4, 2.7577648257116424E-5, 7.682810116672071E-4, 8.611671258853976E-4, 0.0012777510278612128, 0.0015864485375957894, 0.0018203896349408145, 0.002019257099306407, 0.0015344870640726328, 0.0024160323738105496, 0.0012583108588851422, 0.0018569554095018083, -3.622356134521029E-4, 0.0015883205393043157, -0.002133429912690574, 0.0014370774526952224, -0.001200142050163516, 4.784137856524452E-4, -6.562698651568318E-4, -1.384299545715096E-4, -1.4122220123139722E-4, -2.9464393813437257E-4, 1.9492301340410276E-4, 7.423787242013387E-4, 8.772699828242707E-4, 0.0013977040233112132, 0.0017852138260099446, 0.0022849093285944536, 0.002755335106390347, 0.0033094666275443984, 0.003844378622357586, 0.003052088630515088, 0.005460478253955589, 0.0037495010904551643, 0.0019626006258539803, 0.004576992544488694, 0.0020275657181087394, 0.0041514991770027, 0.0023850703278380614, 0.003594720965879238, -3.7298622132387184E-4, -5.33881273141866E-4, -7.189583653454403E-4, -3.313018699334225E-4, -6.289306794030241E-4, -5.115239588777068E-4, -4.961377581707502E-4, -1.530639721215999E-4, 2.3678279455880734E-4, 2.232691157223198E-6, 4.944713997324362E-4, 2.8590177751030687E-4, 0.0013752935518527721, 0.0015060254455897778, -1.8958058909630224E-4, 6.130557454816202E-4, 6.882658519375621E-5, 1.0863854513786005E-4, 1.1358064378195717E-4, 4.004920919159092E-4, 1.4116892698224693E-5, 6.183960316283206E-4, -5.126224300273008E-4, 4.985088612977392E-4, -7.439339356763305E-4, 3.4463881169930903E-4, -6.557141666866128E-4, 5.7599340227666083E-5, -5.287633670735016E-4, 5.657358781288204E-4, 0.0012973053864817046, 9.998127659279306E-4, 0.002937389271592492, 0.0027385596370051797, 0.003581168626893079, 0.004735203893706158, 0.002578660804529028, 0.004777780742099873, 0.0029222053160516807, 0.0041286715418974666, -2.3240867807568417E-4, -2.8913357630847854E-4, 5.554408972734206E-4, 7.246661118920728E-4, 0.0014360435311883378, 0.0018207118595941546, 0.0020886564278083694, 0.0021341620975215553, 0.0021146682234051122, 0.0016302372289032291, 7.221951971591436E-4, 3.853504089208783E-4, -0.0012606116070797008, 2.975848948029473E-4, -0.0013493075519393986, 3.36681001286876E-5, -6.358991618855293E-4, -8.285515625866849E-5, -4.270663057690587E-4, -3.2860815472368193E-4, 2.861631259350854E-4, 1.5626514326956212E-4, 2.118140743374976E-4, -3.212333818031549E-4, -3.816523979406853E-4, -7.971724488046219E-4, -9.260842318797813E-4, -0.001153246904108656, -0.0014033831057409807, -0.0017578209855536322, -0.001593301083076093, -0.0026427810881943644, -0.0011610420663073382, -0.0026419849153432964, 4.682501734238125E-4, 4.0014462340463176E-5, 6.247661237478717E-4, 3.496932039671857E-4, 5.490110305621989E-4, 4.7034387566873996E-4, -2.568350544490503E-4, -1.0007927258675184E-4, -2.3119204382968152E-4, 2.8165920725503884E-4, 1.346289936071001E-4, 8.497876100324096E-4, 0.0010341874634259445, 0.0012027490025633945, 0.002063655058020303, 0.0021975748886726675, 0.0034623593136190417, 0.0027258315278498825, 0.004666126829315584, 0.002639708950354095, 4.1041819369974484E-4, 0.0017779771887529718, 7.244899368950169E-4, 0.0017390716638116597, 0.0010507856517664054, 0.0013535196753887528 ], [ -3.196653590491202E-4, 8.318475489055546E-4, 8.611671258853976E-4, 0.0031906602169686324, 0.0019349807437844388, 0.005759787693418145, 0.00390657707293351, 0.008012013191683962, 0.004918640888697736, 0.008769068554544925, 0.00318296039726717, 0.004900005612900811, -0.0016766228700573417, 0.004088068266729752, -0.0028989169616749012, 0.002689607456220813, -0.002564184930594192, 0.0012452917722938783, -0.0021623149308407723, -2.644761019811783E-4, -0.0011499074430535768, -0.001217270460993182, -6.567801327200128E-4, 7.764428878047664E-4, 4.157810962144794E-5, 0.0012668944023479054, 0.0019131185151135912, 0.0029179601890059743, 0.0034752992008385756, 0.00521190889821467, 0.0056041014091522505, 0.005705539393294882, 0.007851743429830737, 0.006599513469176719, 0.004003095607487416, 0.007416412382719956, 0.003227153820830024, 0.006439229720764814, 0.0037003094072256054, 0.005930756304395126, -0.001182520773812211, -0.0026937920162783064, -0.002008181002269007, -0.003209748936512405, -0.002606793370211618, -0.005617810743809469, -0.003163284637830909, -0.006081362898378638, -0.003156944230842472, -0.0054025021589349, -9.563263163189773E-4, -0.0020883706489411517, 0.004288770997740106, -4.5909157780564893E-4, 0.0020989019225006417, 2.2807669653321334E-5, 0.0018377988863394366, -1.2349297646634187E-4, 0.0014064634017282847, 0.0012144846223814895, 6.437923476021723E-4, 4.023752554512401E-4, 6.369204620692842E-5, 3.655495972412609E-4, -3.3523829890194304E-4, 0.0010146397840955956, 6.917269065675807E-4, 6.364321565203639E-4, 0.0010690314242882903, 0.0015475347873098095, 0.0020368893811317235, 0.0017601975139785676, 0.003638471986923175, 0.0060172240889025345, 0.003835048898321627, 0.00778298502992234, 0.003391169270533572, 0.007412197265363461, 0.004985066983981873, 0.0061957925423424464, -0.0014144656459393887, -8.297322323464673E-4, 7.379762245292503E-4, 0.0019901833541286656, 0.0031017760010279404, 0.004718751434129463, 0.005085410595896312, 0.00604792862811198, 0.005943281503058541, 0.005924420812586843, 0.005494469187183102, 0.0052968935427212625, 0.0021750873516170163, 0.0011659981421884716, -9.517036927624374E-4, 5.466640983012808E-4, -5.657565748325653E-4, 2.6304913145563556E-4, -1.899141624639974E-4, -2.5452212976569675E-5, 6.570490765748479E-4, 7.4245319292137E-4, 2.543064086565756E-4, -1.5432678576369314E-6, -8.897703173360682E-4, -0.0010097461706299665, -0.0019842551577700686, -0.0017848496229601373, -0.002717061217129336, -0.002450050889849955, -0.004448151373171905, -0.005920998715848516, -0.00510865047716494, -0.005305585892661721, -1.2173556419652263E-5, 1.1830497342300955E-4, 9.053890123445443E-4, 4.629591771828688E-4, 7.168476727311918E-4, 8.956847160443781E-4, -5.40613774099564E-4, -9.497688488804565E-4, -9.487250725448543E-6, 2.4922410971847257E-4, 0.0014831802254623588, 0.0024307719391219195, 0.004234261062819915, 0.0038802847506260504, 0.006456150469458271, 0.005869370149016246, 0.008008350597006749, 0.005472238166015286, 0.007292748073637765, 0.0026353875977658376, 0.0019462400143463055, 0.00316247959432074, 0.0012855059456401859, 0.0028736728356909404, 0.0020577249543045524, 0.0022918487002105436 ], [ -2.532651122576943E-4, 9.575683904618058E-5, 0.0012777510278612128, 0.0019349807437844388, 0.00271942782868166, 0.003993423519800448, 0.003950875354338222, 0.005727656534184998, 0.003814266443310092, 0.0062894953728427575, 0.0028229324689443397, 0.003861794319910248, -0.0013183154809915166, 0.0034976764854609465, -0.004568388727859877, 0.002812552299665688, -0.0028011346211580046, 8.771054625314908E-4, -0.001679010344582909, -3.6015083848314137E-4, -0.0012494856299669688, -9.885838941294043E-4, -4.901147392275698E-4, 6.666422846803438E-4, 0.0010320758426018073, 0.0017750849606859834, 0.002529233366925284, 0.003249212717848697, 0.004163637636174596, 0.00559503425972321, 0.006095356328985613, 0.006792071614866487, 0.008234633703004519, 0.009210656517179632, 0.0022341944058247615, 0.00954820624757677, 0.003107152638788868, 0.008326288177674635, 0.0042032630032205875, 0.006983082904858253, -0.001213136921663199, -0.0015413814036483618, -0.0022324054160435163, -0.0016912418676280393, -0.0024612958053947887, -0.0028173025105291505, -0.002599783665028571, -0.002931382581561905, -0.0015570247052068696, -0.002018546955159419, -9.588932877012386E-4, 9.188725450165872E-4, 0.0014191336740859604, 0.004270566826002324, -5.067941185324184E-4, 0.0013767526276706238, 6.750052319748681E-4, 4.603337439099164E-4, 6.894404624374975E-4, 0.0010604514829284993, -2.9452383590322417E-5, 0.0010001129683728156, -5.307128702095539E-4, 6.116028063553426E-4, -6.925382197431472E-4, 7.371435957627343E-4, -5.278518304803541E-5, 5.165058477259119E-4, 2.7327170486708566E-4, 0.001214813394336994, 0.0028760510456740914, 0.0020644293770661405, 0.005091433027212883, 0.005909382849972361, 0.005441162253033964, 0.010166972855157953, 0.003809095062089527, 0.009601785785126929, 0.00520819713236002, 0.007973127853282476, -9.601627786247893E-4, -5.304471762432421E-4, 9.218011060868783E-4, 0.0017622970510808786, 0.0029496211786260162, 0.004082723978867118, 0.0041446731094231795, 0.004845357463513082, 0.0044883265447631686, 0.0038794277350123955, 0.002597157289515873, 0.0017186203610077958, -0.0014218072421225503, 3.809311561125808E-4, -0.002027335504333557, 3.794154350867567E-5, -9.823759362041192E-4, -1.2119714833667556E-4, -7.260386057065558E-4, -5.957843291249788E-4, 5.0759338709042E-4, 3.366280913027627E-4, 2.124188873890243E-4, -6.597995149454E-4, -8.546373860609572E-4, -0.0016252898701839083, -0.0018200249437916132, -0.0022827284038667377, -0.0027044156075315888, -0.0033812397993526638, -0.0035458956744133306, -0.005504786437932069, -0.003342303431189428, -0.0048300945843909315, 3.601536966297565E-4, 2.0563880084671193E-4, 7.271622829033115E-4, 6.249169750015869E-4, 7.266280358731824E-4, 8.439296148593662E-4, -6.564164119731202E-4, -1.556550201763133E-4, -2.59691729517283E-4, 8.371697751234575E-4, 9.075710676050491E-4, 0.002200554987365214, 0.00308625436965034, 0.0031779679764539085, 0.005059660816750813, 0.005212498123645204, 0.007424375737248859, 0.006130320857022552, 0.008404052736946518, 0.005946759154364753, 3.7524570404940234E-4, 0.003964150959459249, 0.0012424317107923655, 0.0035123354042216927, 0.0021066913434054538, 0.002646811578698915 ], [ -8.975574454603175E-4, 0.0013500490924820622, 0.0015864485375957894, 0.005759787693418145, 0.003993423519800448, 0.011033181068132824, 0.007583608210643325, 0.01569324159041863, 0.00931081242852447, 0.01707090311584204, 0.005625499992415562, 0.009698145462314496, -0.004418040862307634, 0.008492365050708444, -0.006309445350521965, 0.004557766842774083, -0.005102911110935462, 0.0018867130943947344, -0.0042302390134656125, -8.1477210690048E-4, -0.0029154029279494483, -0.002719338473998868, -0.00175998970678776, 7.657427304802895E-4, 1.0882126260825775E-4, 0.002021869640478922, 0.0037864464225746026, 0.004892035930920152, 0.007123901498481007, 0.009931030658683405, 0.012194608139889738, 0.012865294214925114, 0.01654222417468479, 0.015526723053325787, 0.007385685603704558, 0.016584563015551862, 0.006734988429596723, 0.014615921771711286, 0.008135518019210607, 0.013028269630553924, -0.002814861321283271, -0.005338121226198462, -0.00452806801138616, -0.006392965420355557, -0.005609864036788021, -0.01089728625302179, -0.006352034344781255, -0.012204702939102266, -0.005728135459308487, -0.010385136402228379, -0.00104894848051518, -0.002738911135130997, 0.009350605067503615, 4.402864171408642E-4, 0.002829970059127928, 0.0010524829967831738, 0.0031168674036619578, 2.502365159202101E-4, 0.002480395893794249, 0.0024361800679381543, 0.0012517777825143555, 0.0010447159691006772, 4.979869184966256E-4, 7.959285703409884E-4, -3.382217176703921E-5, 0.0020651742339582264, 0.0019074142916874755, 0.001581518198217456, 0.002921031714413123, 0.002878198383044833, 0.005145799143807824, 0.003220074937940168, 0.008584548520396938, 0.012310005322535539, 0.009401294800985692, 0.017245290842151734, 0.008008775633925831, 0.016544356938642528, 0.011406255141452246, 0.01396850704961361, -0.002875941402732461, -0.001513006691098309, 0.0014220696208829503, 0.003876665717756426, 0.006107714168226745, 0.009142799343486496, 0.009654253360831604, 0.011524425997580853, 0.011331396357263825, 0.011031937336599055, 0.010741178557607981, 0.00999493347169023, 0.003965111644943036, 0.0015481250110279665, -0.0027041928965006895, 4.8152765624983696E-4, -0.0016028102029604682, 1.250623434546883E-6, -0.0010261260649778333, -6.2611901414658E-4, 0.0010133739203128356, 0.0010898415707841066, 6.0021867570685E-5, -5.30211770798155E-4, -0.002042787693529572, -0.0026898500321115874, -0.004033066950316435, -0.004380379637274952, -0.005500149634390862, -0.006030970761249959, -0.009125761583236514, -0.0129605390491287, -0.011081538660181946, -0.011375240319163114, -1.8671902596221863E-4, 6.215198532125918E-4, 0.001760900700493138, 0.0013122185262896648, 0.0015404208689423675, 0.002093787735705473, -0.0010408938428111537, -0.0015596801617555566, 4.553958856293535E-5, 7.224312968788634E-4, 0.00307140263534733, 0.004815463591116186, 0.008462333576625085, 0.00770789001290958, 0.012933212617640922, 0.01165346334357492, 0.016557022394389134, 0.011297786779804085, 0.015388040055445838, 0.005540069291144122, 0.004073270067444566, 0.0070164716578650435, 0.002953302321826473, 0.006344875923701084, 0.004639430390572957, 0.004949261757466943 ], [ -5.157740438553324E-4, 4.6957638461360494E-4, 0.0018203896349408145, 0.00390657707293351, 0.003950875354338222, 0.007583608210643325, 0.006572825044748935, 0.010710145824106447, 0.007010188259333079, 0.011855938850609158, 0.004922092742354375, 0.007192917203009163, -0.0025628070481503147, 0.006255416391403685, -0.0060668803695507695, 0.004498143674702988, -0.004481223677244108, 0.0019621469426001916, -0.0032946647555777654, -3.8123273468546813E-4, -0.0022300239803270637, -0.0018203351895495832, -0.001149586081418985, 0.0010942230267533804, 8.376805214986595E-4, 0.0024708754391481787, 0.003609670771452293, 0.0051074181621714254, 0.006347443297123392, 0.008575042081294709, 0.009461736057764299, 0.010651144236466898, 0.012469964198018098, 0.014653568460767465, 0.003973890869031389, 0.01525103182705341, 0.004549759350894346, 0.012745651263643175, 0.006367478445336006, 0.010899783563706045, -0.0022714419480679457, -0.0032812086850013615, -0.0038085271522030452, -0.0038591731187897923, -0.004334555300622243, -0.006491188548164721, -0.00476703823481204, -0.006809074423005549, -0.003494203198289702, -0.00572663995600667, -0.0015515396262513617, -7.537686472457429E-4, 0.004214271334798635, 0.004641069314914932, 3.0612111639073507E-4, 0.002031961235661112, 0.0015584640506750786, 5.955134965394749E-4, 0.0016121941304431905, 0.0018402109265817045, 5.275724314310195E-4, 0.0017157846315596676, -4.6317388022274673E-4, 0.0012321385771161184, -8.750932185117334E-4, 0.0017095666899267698, 1.3545746991752383E-4, 0.001522393785597383, 4.2693003592103964E-4, 0.0028161005810937714, 0.0038755938291177737, 0.0033610291928201142, 0.00666152983698813, 0.010413475334708624, 0.006711078422299963, 0.016030369777814607, 0.005437621344491943, 0.014519663750019363, 0.00823261895794479, 0.012098721654940879, -0.0021098552722816797, -0.0013237638009546131, 0.0012031388631877002, 0.002817115993556648, 0.004824259596239417, 0.0069595615754905835, 0.007347328424469575, 0.0085754522080345, 0.008426271757311858, 0.007444930337035774, 0.00623539951013614, 0.005188344522516769, 3.411158605448676E-4, 0.0014439135388115954, -0.002667192720552888, 3.947096498876999E-4, -0.0013360421913426413, 7.761428114678011E-5, -8.683239042188693E-4, -6.085178551783144E-4, 9.62242323980713E-4, 8.013866005598255E-4, 4.161859053245034E-4, -6.886059320941325E-4, -0.0014736188038843865, -0.0023966698736123918, -0.0031898716617818927, -0.0037274083513745104, -0.00446556638340752, -0.005275403842794646, -0.006175598040635461, -0.009405368163964374, -0.00687614784197709, -0.008782069096293232, -4.886105943856697E-4, 5.326672247877865E-4, 0.0010015496723679068, 0.0010998669123247417, 0.0011338962830855942, 0.0014940435157412438, -9.478251319906463E-4, -5.132246037890845E-4, -2.6438848598588424E-4, 0.0011028104641896698, 0.0018065341014731496, 0.0037650959127419384, 0.00568905766353429, 0.005726808068391769, 0.009022457628691246, 0.009009577470718243, 0.012404123431331565, 0.009660606070741522, 0.013083217659765934, 0.007719294340102341, 0.0011242024926370908, 0.006421156715450429, 0.001748677625097008, 0.0053765308532930465, 0.003379768009321967, 0.0040324021914205895 ], [ -0.0015979481958279845, 0.0019686589395211604, 0.002019257099306407, 0.008012013191683962, 0.005727656534184998, 0.01569324159041863, 0.010710145824106447, 0.022901443316455286, 0.013254041075192052, 0.02473508156560334, 0.00804363441710585, 0.013504177619194528, -0.006462073997033389, 0.012106084610346443, -0.009315207139668777, 0.006100186927189889, -0.0073414621110355635, 0.0022844743801992183, -0.006034915825276666, -0.001263117064038182, -0.004765524219683799, -0.003974513551530245, -0.0030645860059763897, 3.9091971617111415E-4, -3.238723664578222E-4, 0.0019730037277105985, 0.004300199940389267, 0.0056885947083658754, 0.008520464386710107, 0.012781287472457659, 0.015269440247800185, 0.018249523029423426, 0.020622080065284785, 0.022594530160242873, 0.008666829704096022, 0.02276746609917615, 0.008488074798678611, 0.02002721880942769, 0.010512099067855423, 0.01763820453233423, -0.004215970484140627, -0.007704124340702742, -0.006800147783405448, -0.009494367604838358, -0.008628164473220519, -0.01618570470957176, -0.010114794201367166, -0.018684477795461982, -0.009588248625694754, -0.015725552940130404, -0.0032288093862952337, -0.003216249506678423, 0.011653335969543249, 0.0013560395475406381, 0.004403566387535553, 9.904486103340996E-4, 0.005281913845203549, 3.155562015076681E-4, 0.003953098687840718, 0.003529528846132331, 0.0015302661673931468, 0.0011266027488091375, 9.520082475238405E-4, 7.03459735067178E-4, 4.718281369848816E-4, 0.0027268283866321843, 0.00357795860515155, 0.0022207546459978656, 0.005105436151252273, 0.003484614699011548, 0.007270597076301142, 0.004174694864736923, 0.011179298848020745, 0.01694324600923793, 0.011597092870703776, 0.024469081765768303, 0.009344075017059156, 0.02301127741750947, 0.01464258239728695, 0.018918721436827764, -0.004260968996331554, -0.0019634561194845673, 0.0018514895105198421, 0.005561246015823922, 0.008438458161147218, 0.012814936848403576, 0.013105849119253266, 0.016162370637735568, 0.015659098140309323, 0.01565670327791936, 0.015726335301008636, 0.014290211753556766, 0.006287650960486552, 0.001420335906861599, -0.002853243696047517, 4.464487423349857E-4, -0.0017700018915738094, -4.5268425213636655E-5, -0.0012582051041920648, -8.794463435212106E-4, 0.0013128535209864563, 0.0015128079465158836, -7.265334439704799E-5, -7.277259021345931E-4, -0.002850082533962818, -0.0036240268467248715, -0.005465089064497157, -0.005817215508520866, -0.007464180486963961, -0.008073156420116575, -0.012704311598270089, -0.01794201791964575, -0.015901302654036265, -0.015103717368816962, -3.798934606977141E-4, 9.453062402267564E-4, 0.0020231916601270838, 0.0017173655744961785, 0.001802264547543996, 0.0027486206069316688, -0.0016295012827567481, -0.0020911731324408257, 1.574428443591015E-4, 0.0012697592165740415, 0.004600542910865451, 0.006985349532153777, 0.012176086297137784, 0.011129932459135895, 0.018104322841987566, 0.01655295127214125, 0.02262578345385996, 0.016240911071407023, 0.020081155105818444, 0.008683473972677776, 0.005219283962845074, 0.009802560481769558, 0.003958152722263102, 0.008700871454771298, 0.006286025366610651, 0.00674537547312058 ], [ -9.733037428498397E-4, 7.956591448901325E-4, 0.0015344870640726328, 0.004918640888697736, 0.003814266443310092, 0.00931081242852447, 0.007010188259333079, 0.013254041075192052, 0.008611745049087518, 0.014118928774136253, 0.005813014361596524, 0.007473189533613487, -0.002455394094182191, 0.006138235430037672, -0.005797218983457694, 0.00514396133933449, -0.0050232899891284565, 0.0024074380628055798, -0.0038759190194777933, -2.353669606221794E-4, -0.0027826834996269173, -0.002171165768466512, -0.001814697311667746, 9.202996298527158E-4, -2.859377915011722E-4, 0.0017641938251676545, 0.0022846372230579727, 0.004379598841347763, 0.004437449758457239, 0.007677248459616987, 0.006414081879612799, 0.009549350235415623, 0.008011162661171644, 0.013918021853964627, 0.0024772873928611268, 0.013598385826645226, 0.003056978452024858, 0.01077094988093402, 0.004883765794423868, 0.00922169073444279, -0.002285038535786751, -0.003962848907454076, -0.004204427122268804, -0.005259277758783439, -0.005423322158984185, -0.00934536680484207, -0.006643260641125738, -0.010380934882988468, -0.006709688554448116, -0.009073110383328446, -0.004577690928818982, -0.0023619035587694615, 0.0017509058658716522, 0.004831102187962433, 0.00110131054171665, 0.0015784348934405356, 0.002489102614367391, 6.015929874809488E-4, 0.002455731965001898, 0.0021928993193357322, 6.77645658389845E-4, 0.0010435133184437829, -1.4227181933964086E-4, 6.323871077806983E-4, -5.660687298820261E-4, 0.0017295040476630425, 0.0012001416904125087, 0.0017576227203674889, 0.0012889073248095063, 0.0035042454433701757, 0.0031266600742960557, 0.003883203348313457, 0.004757502061198721, 0.010504351428444466, 0.0031134980776514436, 0.014552282565578693, 0.0030190197476044024, 0.012465119685546814, 0.006323896082293147, 0.009932137680571676, -0.0026757044156719726, -0.0013811352694351035, 0.0011428862637280083, 0.0034789170489202322, 0.005235330619863307, 0.008069076956602922, 0.008154227110663792, 0.01020206919719466, 0.009582506278254115, 0.00911560209983049, 0.007893042055387286, 0.00696728719904889, 0.0020004059708353932, 0.002109977289378747, -0.001100270768952579, 0.0010599878912721477, -6.516507239442135E-4, 6.503194273896426E-4, -1.8488802134933652E-4, 4.9928495078143276E-5, 0.0011410390948522226, 0.0012085427607024467, 4.472871911232435E-4, -2.2711238371001842E-4, -0.0014663888185202786, -0.0018933349059161097, -0.003228852582894108, -0.0030028871145481376, -0.004333535015855841, -0.003895138926347907, -0.006675395853691019, -0.008294657852747276, -0.007281743986087057, -0.006831948650943461, -8.575407292468349E-4, 2.4844225320224084E-4, 4.461461943022703E-4, 4.897843060561935E-4, 4.5995829379226374E-4, 9.831349140322907E-4, -0.0010193358978690897, -9.834930070504427E-4, -4.133216458134785E-6, 0.0010592974650890656, 0.002627562137481718, 0.004480186094324071, 0.007286396646135091, 0.006814767544725731, 0.010648243891234532, 0.010132405356233958, 0.013053579864823422, 0.009943909365840282, 0.011411248824749613, 0.007705724084376928, 5.246681891166625E-4, 0.006236174364976291, 0.0010754776722702885, 0.00487337777594283, 0.0028971872824507124, 0.0035692100616819553 ], [ -0.0014873058960011595, 0.0022332587599765822, 0.0024160323738105496, 0.008769068554544925, 0.0062894953728427575, 0.01707090311584204, 0.011855938850609158, 0.02473508156560334, 0.014118928774136253, 0.027451994454619735, 0.008460100851824479, 0.016112048218920188, -0.007967188442479534, 0.014663674814306596, -0.010564793232933495, 0.006044986516613074, -0.007889813716052635, 0.0021419950605568437, -0.006716839013800472, -0.0015659421002975397, -0.004941017348015915, -0.004371605975041335, -0.0029771562724279724, 8.042130100447678E-4, 8.502997337063613E-5, 0.002857809471356502, 0.005719608138775035, 0.007330426330008869, 0.010995975828606548, 0.014958443662163043, 0.019684744257088927, 0.021078363566160076, 0.027050802332817026, 0.025731987986640843, 0.011231072819478832, 0.02662427626441028, 0.010641500807060025, 0.02391869252265104, 0.012627113767865029, 0.021055862965148255, -0.004846950659877504, -0.008737621091438197, -0.007304117464028266, -0.010151127663547754, -0.00888460441990372, -0.016943802880475412, -0.010099207725846262, -0.019232044844888805, -0.008657245323404427, -0.016661730115608016, -6.810634440564452E-4, -0.004256637712149489, 0.017033319229009025, -8.959468752794122E-4, 0.005781505963895339, 8.426029001666932E-4, 0.0061771980548514845, 4.836560408272457E-5, 0.00434217795882896, 0.003750162292828054, 0.002048076734446516, 0.0017389244614033532, 8.311504421661918E-4, 0.0015036665843402765, -2.9467636104396324E-5, 0.0032853093979815576, 0.0028606562772569046, 0.0024733162918356, 0.004630356462594035, 0.0035677531085889537, 0.008153218849323724, 0.004033078060810096, 0.013758909273641946, 0.01939618431920855, 0.015394371341060597, 0.02900099839116639, 0.011857300296111137, 0.027673414194096847, 0.017770199072453568, 0.022840254207456997, -0.004572167098386123, -0.0024352519306902083, 0.0022166206723696264, 0.005811332109120337, 0.009572893123377273, 0.013956168561887701, 0.014921076835062837, 0.01758975396052922, 0.01786865619512372, 0.0171742906039194, 0.01788782887318246, 0.015899697784063787, 0.007267648129376449, 8.607078485094724E-4, -0.0038275940896032217, -1.1060743786197062E-4, -0.002296452487317723, -5.568160385448883E-4, -0.0019409867874487915, -0.00150035748905499, 0.0013483890954323833, 0.001503330819416718, -1.9136568278868386E-4, -0.0010317637202223347, -0.003480999190776293, -0.004470791705528117, -0.006548785021318152, -0.00724226314799333, -0.008857396997187237, -0.01019577290400771, -0.014400254625790998, -0.021533005447971876, -0.018517763180734132, -0.018896961434351302, -7.269008471788574E-5, 0.0014599681215439583, 0.002803641894524959, 0.002438098170368223, 0.002538557627766209, 0.003534009161787018, -0.0016444163897745391, -0.0022850084676584318, -1.318729684571368E-5, 0.0012245669457906516, 0.004544168465276468, 0.007424529651927271, 0.012662588996070277, 0.012017757540129938, 0.019435695168036032, 0.018052233957623988, 0.025175039210452797, 0.018211176080201615, 0.0241701001314198, 0.008889087962895533, 0.0069928298826401145, 0.011158610872321971, 0.005010593893069151, 0.010224352357314592, 0.007479384154299417, 0.00793374173989389 ], [ -4.697559900633192E-4, 4.784643495087608E-4, 0.0012583108588851422, 0.00318296039726717, 0.0028229324689443397, 0.005625499992415562, 0.004922092742354375, 0.00804363441710585, 0.005813014361596524, 0.008460100851824479, 0.004865395680076556, 0.0038539831629208947, 3.9431992301795814E-4, 0.0027525466398070604, -0.0038298963262653816, 0.004571875163185642, -0.0035164282670297857, 0.0022777144134014248, -0.0024390687056621667, 2.8497666637988117E-4, -0.0015269582566918003, -8.838561694089155E-4, -9.795276877938388E-4, 0.0011156432998522085, -1.0473759010072063E-4, 0.0013881437433435745, 9.23259611917982E-4, 0.003348474572907293, 0.0016201808804992613, 0.004727617680534474, 8.605739047320432E-4, 0.004558579183609545, 8.892257524607857E-4, 0.007785263753557424, -4.1990775536507584E-4, 0.0070567788353962865, 1.9829753930025365E-4, 0.004689655781689345, 0.0013908749601979009, 0.003969918088998981, -0.0010800824401086808, -0.0019188045804343192, -0.0025267930836233255, -0.0028872902207772774, -0.003502205964649071, -0.005489246955483717, -0.004948621899700208, -0.005827142139688121, -0.005573318464973732, -0.005197727715753274, -0.006156270639496535, -0.001210616381413318, -0.003949077726988243, 0.005491241004363289, 8.613394869915945E-4, 4.1150902847937403E-4, 0.001969502164389034, 1.5764839301206764E-4, 0.0018857291268577021, 0.001391418336321443, -1.4915363745908716E-4, 5.990258539507529E-4, -7.744202365231538E-4, 1.8907590602708954E-4, -9.783301311422938E-4, 8.474246598161255E-4, 2.967740262212842E-4, 8.635933186174312E-4, -1.5620951992140528E-4, 0.0023182557648454226, 7.900259647908945E-4, 0.0030527727185917274, 5.502587319720821E-4, 0.0060185648803393384, -0.0019888793237752625, 0.008170481608855478, -0.0015704108496857935, 0.005908737639881078, 5.920543802776072E-4, 0.004115431636238309, -0.0016493657663296758, -8.756370731144011E-4, 6.238995703014311E-4, 0.0022179619025777236, 0.0030472556553117675, 0.00503971417553271, 0.004807367728115376, 0.006462686097796271, 0.005644735448482932, 0.00573526673318715, 0.0038609719005798585, 0.0033181836675580355, 2.289282643942233E-4, 0.0019599264698931117, 5.846786695095758E-4, 0.001306483925953011, 4.4751301544817466E-4, 0.0011129682106211154, 8.224928009889932E-4, 7.141011527080372E-4, 0.001080654743164871, 0.0011489885474823562, 9.399395499401814E-4, 3.307641454638149E-4, -3.6980526689362446E-4, -3.558798819814022E-4, -0.001562154742532457, -6.732961722267987E-4, -0.0022563633501097844, -9.04972432516107E-4, -0.002967567139652303, -0.002765411013542031, -0.00230138510460709, -0.002195685614321997, -7.865210459336082E-4, -3.079321047860903E-4, -3.6256813704341553E-4, -2.7466927578173687E-4, -2.398529859398453E-4, -5.4683705866477524E-5, -9.407390189151212E-4, -4.181137176328011E-4, -1.6081267673810306E-4, 9.810497002378689E-4, 0.0014323254639131305, 0.0029574072963910038, 0.004197021591751901, 0.00422360728210326, 0.005790847112758029, 0.006309205864812895, 0.006450325101938879, 0.006295863458840832, 0.005046890244543283, 0.007352460218419843, -0.0018742611160682283, 0.00348053634612789, -3.9260428707722745E-4, 0.0022396525308255827, 7.482011272568665E-4, 0.0016102119430450813 ], [ -4.61224249720778E-4, 0.0010425179346463575, 0.0018569554095018083, 0.004900005612900811, 0.003861794319910248, 0.009698145462314496, 0.007192917203009163, 0.013504177619194528, 0.007473189533613487, 0.016112048218920188, 0.0038539831629208947, 0.011816704437643464, -0.0071166159199116015, 0.011432626226129762, -0.007003060738169461, 0.0026638038182900535, -0.0044696045038433154, 8.966170742257436E-4, -0.004142112415311281, -0.0012343363323908934, -0.0025298411568958523, -0.0028920917837837274, -0.0011103927566341572, 9.69607751548524E-4, 0.0011940354530005479, 0.0030892565537673834, 0.006041100160191219, 0.006315537440919185, 0.010880668888801358, 0.011329355201194703, 0.019162322507200805, 0.015885868974889004, 0.026235348656933527, 0.019153023030164154, 0.010374132799152495, 0.021464873604701007, 0.00962577285375166, 0.019851103530751563, 0.011059265702448811, 0.017319999044353294, -0.0034466730660005105, -0.005534207167492537, -0.004341804217962118, -0.005398865828187582, -0.004247827711954334, -0.0082116966522199, -0.0035045028402692978, -0.008644819269379506, -4.6249529582876843E-4, -0.007930411934890334, 0.0063006856841344525, -0.0030539517932185573, 0.019023683209108525, -0.003539223308697835, 0.0030774729655287983, 0.0017765190889130634, 0.0026620212772003023, 1.1101933519912225E-4, 0.0018372043645379565, 0.0019973787471537947, 0.0020672110427238486, 0.002409326959687769, 3.842417465549648E-4, 0.002521365549184437, -6.79212046433097E-4, 0.0028116656762697087, -1.9574611777729023E-4, 0.0021360503405718195, 0.001097184876383715, 0.0026225578264521343, 0.006001383467592277, 0.002370143617832432, 0.012240803215718354, 0.01455356580497287, 0.01599912076844068, 0.022504793813051295, 0.0128149662973716, 0.022366845073690442, 0.016274982470400025, 0.01929204194571009, -0.0025393875805205628, -0.001985663978726454, 0.0016944054774161309, 0.002956537477068348, 0.006427212026220525, 0.008241045660445537, 0.009999827247650254, 0.010151905491576605, 0.011736000678133155, 0.00958406547455054, 0.011043187293999845, 0.00940682062320258, 0.003838986173189186, 9.16676723428816E-5, -0.005313924324804086, -0.0010089311361602964, -0.002935139135316394, -0.001389130631059624, -0.00275182877