{
  "weights" : [ 0.04323178637866357, 0.02859898720601873, 0.03358009139823395, 0.021345234882247772, 0.015925305302303207, 0.02114263361374855, 0.016031886907235688, 0.017011627629925183, 0.014835015543976204, 0.009084504441463574, 0.005131124933316132, -0.00282470854992649, -0.015912650858837387, -0.029031707855903192, -0.03670726960345617, -0.0366454462117359, -0.04723061992024988, -0.02852150989678511, -0.04676387453557328, -0.031016366241681397, -0.09490641540686373, -0.09219835927890133, -0.08833402324604823, -0.08650598848568516, -0.07786763474812496, -0.07526115913783232, -0.07010939683875378, -0.05862470166561668, -0.06239895624778632, -0.04858808960119435, -0.0497644601184055, -0.03533079757558603, -0.037891341220531026, -0.018880409764501217, -0.0136726689675323, -0.006527684133543725, 0.0026880772919554707, -0.006744547755845206, 0.006209271529084737, -7.254939182083364E-4, 0.9807435289195231, 0.9824896415752646, 0.9763028761107475, 0.9787563685115396, 0.969030064606737, 0.96543115123938, 0.9534034634697639, 0.9375895387229704, 0.9314120509857169, 0.9045801085832328, 0.9060962817452981, 0.8765105834405299, 0.8711972916669531, 0.8470789005207444, 0.8389918257425502, 0.8245569880415518, 0.8237679769183356, 0.8253805904157545, 0.8225787534200015, 0.83622278487499, 0.06442264340204183, 0.08366125342670355, 0.11926661045801018, 0.12348045540514709, 0.18966786837988506, 0.1999779466235759, 0.26744329925709415, 0.30340754374379597, 0.3448919216955397, 0.400884264568601, 0.4123066846943755, 0.46547378001821255, 0.48577085511940093, 0.5187652402987786, 0.5396582511578011, 0.5546038777486777, 0.5622165757101203, 0.5538687780000292, 0.5631470090755617, 0.5390667646221661 ],
  "covariance" : [ [ 0.0062288306574057265, 0.0057742863729985505, 0.006760168480482791, 0.005907576711387129, 0.005422186747763213, 0.005612960218298372, 0.004622637349002357, 0.004330631749153218, 0.0035245257618013895, 0.0028455355517508964, 0.0021201483132361988, 0.0018698427741718835, 0.0016097920130467458, 0.001045510448730489, 0.002120713868651303, 9.862634746361407E-4, 0.0016167332192751737, 0.0014351587877853805, 0.001555930374188449, 0.001563752053431907, 0.005198412874315502, 0.005582328553313343, 0.005025100727935505, 0.005580953279035828, 0.004818733070882753, 0.0049890000810657986, 0.0038710440391767085, 0.004092305632458986, 0.002848446211012396, 0.0029456880108936225, 0.001440848249721599, 0.0021360395977460794, -4.4639192215154076E-5, 0.0017678983679275935, -9.627200235478397E-4, 9.763878886442346E-4, -3.569238898623229E-4, 4.971630772239242E-4, -9.307506390678614E-6, 4.0333081658893767E-4, 0.0010957006897443927, 0.0011290496174003561, 0.0012766698190035766, 0.0011673632494495492, 0.0015724268275380615, 0.0013403939021991661, 0.0017274781938458718, 0.0017148539858344576, 0.0017989444191683155, 0.0019232017967297937, 0.0017747546320922292, 0.0020309034281387377, 0.0016136539915736117, 0.0015285430939350729, 0.0018442628158565995, 0.0013931295386871712, 0.0012638451246046417, 0.0012188526390709722, 0.0010087849860213392, 9.940178954946782E-4, -0.006709844627455786, -0.005997187207359599, -0.006409535645769022, -0.005662684816230944, -0.006047956162809178, -0.005509303408388217, -0.005917633349873162, -0.0056965080329673705, -0.004651457487063386, -0.004921135543028435, -0.0037092348883145158, -0.004407950634684668, -0.00262086606845324, -0.0029302768412573788, -0.002782718965545734, -0.0022389482125168138, -0.0018359896160424953, -0.0019385594119900108, -0.0014629395824568507, -0.0016056016111237635 ], [ 0.0057742863729985505, 0.005693094201463932, 0.006228346671418541, 0.006064205616876894, 0.004677928767692693, 0.005869311645288514, 0.00390755735150448, 0.004902608532085709, 0.003012408008014575, 0.0035446757401311917, 0.001732439566009424, 0.002741131031477498, 0.001296005600233565, 0.0020110095110331726, 0.0019003815475484378, 0.0016711885220819572, 0.0017509980041798736, 0.0018722209031257883, 0.0018921411341341699, 0.0018931222117280426, 0.004085817095334633, 0.004302135302005189, 0.003912990519800608, 0.004227715931197726, 0.0037952183845377657, 0.003615842842451733, 0.0030566542013325346, 0.002682981078718933, 0.0022385846541067714, 0.0016657191622911017, 0.001053366310728132, 0.001006569525196393, -2.905299089574837E-4, 6.864505174987373E-4, -0.0012239217056852192, 2.2444515968026961E-4, -7.482784465873762E-4, -1.9724333265577125E-4, -5.257089710272953E-4, -2.2015107517978086E-4, 8.07794555407881E-4, 8.414382779900413E-4, 0.001013501887539436, 9.387437799756502E-4, 0.0014162133239423937, 0.001262737952264354, 0.001653178003018355, 0.0018841460114427289, 0.0017163759529548392, 0.0022536808892597597, 0.001651503599531018, 0.0024034958872617704, 0.0015290268006925326, 0.0019151032830109565, 0.0018215217821768372, 0.0016714899302556201, 0.0013511433743291646, 0.0015380899882286331, 0.0012183180518908021, 0.0012970881885819414, -0.005604698714577736, -0.005108744088159876, -0.005861834018434606, -0.005220655176410976, -0.006055399719101309, -0.005476377205271633, -0.006190403223181655, -0.006180195218174165, -0.00470544452108776, -0.005720118436420821, -0.0035364842369955828, -0.005184462563994302, -0.0024801763540059237, -0.0035887409798938514, -0.0027296912918095034, -0.002596523131405785, -0.001907757490892403, -0.0023728042624397753, -0.0016831005666637124, -0.002025818311251041 ], [ 0.006760168480482791, 0.006228346671418541, 0.007442776403672342, 0.00636365388027666, 0.00621268309258734, 0.006022882588552046, 0.005396583420529832, 0.004608512367584008, 0.004175177362565012, 0.003027135791957162, 0.0025952978775533784, 0.0020078505460579084, 0.0019599432867145905, 0.0011579205113196758, 0.0023776788499021715, 0.0011584210754232592, 0.0018192254949263365, 0.001668706863097657, 0.0017202984769668316, 0.0018094873262601426, 0.0056332765400111855, 0.006065604527266682, 0.005446765249635407, 0.0060793468917518575, 0.005223370537041076, 0.005453066248530875, 0.004198200838481522, 0.004513512511811717, 0.0030889647855896086, 0.003289257729651054, 0.001615441564825998, 0.002391656180146639, 2.897152939082846E-5, 0.0019484635691059352, -9.246809522184845E-4, 0.0010929638547735408, -3.44646848605164E-4, 6.102906164751926E-4, 6.74553350132483E-5, 5.180153594389014E-4, 0.0011775650527625244, 0.0012421484019590752, 0.0013985616553747167, 0.0013101546047931177, 0.0017683159075628002, 0.0015189793741424106, 0.0020158921142197626, 0.001963226572050872, 0.002127075568890531, 0.002182816349066365, 0.0021186370714910523, 0.0022997691233947264, 0.001863061447942166, 0.001832149927409868, 0.0020566892395507737, 0.001685180151617118, 0.0014552058306927956, 0.0014513329848284226, 0.001166003690885298, 0.0011608164044117138, -0.007545627994468804, -0.006850428552803328, -0.007203054138305023, -0.006477334119228139, -0.006824222540170191, -0.0063250780694944705, -0.006723986142273952, -0.006512836745516978, -0.005351339474821083, -0.005530657683978456, -0.004327829600775995, -0.004918928838085736, -0.0029820674543332257, -0.0034179506698426075, -0.0030431669527772663, -0.002701870405006006, -0.0020800227639043555, -0.0022850037049535693, -0.0016901069906526504, -0.0018568939716740848 ], [ 0.005907576711387129, 0.006064205616876894, 0.00636365388027666, 0.0067386258121681294, 0.0043875202314313, 0.006550465959263989, 0.0036154684719728607, 0.005601572291575342, 0.002897677663240065, 0.00414773468823491, 0.0016538507822983091, 0.003422196173991151, 0.001188933333351357, 0.0027236906379072743, 0.0018969689076703648, 0.0020575852806821015, 0.0019464535628628235, 0.0021485553612590985, 0.0022490184826499423, 0.0021722069029756408, 0.00370907495716365, 0.0038293654361232295, 0.003519859354808987, 0.003707609430795263, 0.003435100264969985, 0.0030698435050349024, 0.002780844001765517, 0.0020823388412977454, 0.002030824165655608, 0.0011495125266655806, 8.880870296051307E-4, 5.784560383052297E-4, -4.7027076218693613E-4, 2.4122314054916057E-4, -0.0015206765634621726, 5.229260051450372E-6, -0.0010117998303124309, -4.917711545136924E-4, -8.317316042537214E-4, -4.88570984018393E-4, 6.96472169874348E-4, 7.282705787668285E-4, 9.665025601416411E-4, 8.647332574370924E-4, 0.0015513850348748324, 0.0013255650576524227, 0.001943788892319982, 0.00217841207071143, 0.002053686647783631, 0.0026695612839815483, 0.0019599597556173285, 0.0028667973066374853, 0.0018214181267713436, 0.002335846354816435, 0.002200111699487453, 0.0019329383299794398, 0.0016647244313357967, 0.001871805090790842, 0.0014653038947884409, 0.0016000710518821947, -0.005516453154179504, -0.0050687346874734125, -0.006307810958599313, -0.0054173389513733974, -0.007010700873070559, -0.005965259689884448, -0.007491400036103937, -0.0070136406106918875, -0.005746210501526524, -0.0066603547007176465, -0.0042423078332139465, -0.006106343126127442, -0.0030013975991328747, -0.004282148313790307, -0.0033419846165542175, -0.002903727273758346, -0.0023676745145089144, -0.0028191038429185122, -0.002013190276227099, -0.002462097743875685 ], [ 0.005422186747763213, 0.004677928767692693, 0.00621268309258734, 0.0043875202314313, 0.0062948628092692836, 0.0040675769049454144, 0.00573681733170156, 0.0029783287318970813, 0.004441123062153421, 0.0018576837610768118, 0.002987337994971335, 9.635736220614038E-4, 0.0023459268186373293, 3.163785445524191E-4, 0.0022274786226591002, 0.0010032542816090454, 0.001425848307108263, 0.001637389948126749, 0.0010843109759084545, 0.0016374868908342111, 0.004836805102817273, 0.005297396128219206, 0.0046858891281214106, 0.005373378262793741, 0.004461511040881497, 0.004894209399616438, 0.0035252592276384066, 0.004216325472100278, 0.0025479322420483693, 0.0031236290886084996, 0.0013821488478328952, 0.002256454602104735, 1.6805051788956868E-4, 0.0018398416094416645, -2.955256028041864E-4, 7.997969435716621E-4, -2.032850277442703E-7, 6.406436276862564E-4, 4.3572886497586895E-4, 6.297347777014096E-4, 0.0010254124632941054, 0.001154685711521385, 0.0011949690070110848, 0.0012572346619931824, 0.001393858776352907, 0.0013548800236093995, 0.001597006987145854, 0.0015636797008584662, 0.0017062024181761465, 0.0015911674135951279, 0.0017861890919125456, 0.0016187801852052457, 0.0013882975983040774, 0.0014694611362464024, 0.001291419310282288, 0.0016275381261289376, 9.801300943689587E-4, 0.0011999737045224352, 8.880213433043573E-4, 8.692943157960466E-4, -0.006847430473688121, -0.006460552298184114, -0.006002985867015906, -0.006011776612082988, -0.005156373814083961, -0.005689337324284662, -0.004699444124977378, -0.005409055161358189, -0.0038411467603905007, -0.0040690928383676755, -0.003432354438797595, -0.003372826205296478, -0.0020898436655561676, -0.0026406576413360488, -0.0016947171180701308, -0.002741581474335139, -0.0012817043129169016, -0.0019351302887378437, -0.0012941553973300672, -0.001399012352401294 ], [ 0.005612960218298372, 0.005869311645288514, 0.006022882588552046, 0.006550465959263989, 0.0040675769049454144, 0.0066402873589808875, 0.003247066941121907, 0.005884846805756448, 0.0025915173928108474, 0.004513690588622066, 0.0015110200326746588, 0.003824724950912733, 0.0010722772233189614, 0.003089775725607406, 0.001770412442052293, 0.0023685317267956294, 0.001980601219131113, 0.002328112991932985, 0.002358524364357057, 0.0022781130584307984, 0.003225703565438345, 0.0033261465081335225, 0.002989865729168996, 0.0031414513361104368, 0.0029309383778941913, 0.002368447272661699, 0.0023920065588972513, 0.0013578676290128984, 0.0017208883608327557, 5.380492050164514E-4, 7.589608782277754E-4, 2.9189979372588112E-5, -5.252890094162657E-4, -1.9380350140820254E-4, -0.0015141040970046938, -2.8576851607130986E-4, -0.0011718940045607252, -7.122821970072367E-4, -0.0010723170721064737, -7.094038091880376E-4, 5.991860582659757E-4, 6.104142479347719E-4, 8.798764623109552E-4, 7.736846066144023E-4, 0.0014507540691303666, 0.001298906009147639, 0.001825721582212434, 0.0022802435616449423, 0.0020089072102797323, 0.002745775931117628, 0.001811473314269913, 0.002948265799848293, 0.0016302978123192407, 0.0024078192116653253, 0.0019528422984250115, 0.001957470889745664, 0.0016063796927797268, 0.0018305529675072822, 0.001551577167905798, 0.001547126804166298, -0.005204284756427515, -0.004669518809493617, -0.006222663748912952, -0.005126026838994272, -0.006938663207399473, -0.005825651085106259, -0.007334965021690562, -0.0071918976853253495, -0.005691368523149135, -0.006779617297038543, -0.003951063243484716, -0.006222338447655964, -0.002675689041278728, -0.004385245519897582, -0.0029439755846296213, -0.0029261711130666094, -0.0022600530879337763, -0.0027519012276099614, -0.002104565690626471, -0.002379460687989232 ], [ 0.004622637349002357, 0.00390755735150448, 0.005396583420529832, 0.0036154684719728607, 0.00573681733170156, 0.003247066941121907, 0.0054427860855496, 0.0024159207844850756, 0.004356782563296765, 0.0015519830333283616, 0.0031457964325822384, 7.997052673750137E-4, 0.002623144336487501, 3.096154400132291E-4, 0.002336900386809684, 0.0011248265503930603, 0.0014143212651852224, 0.0018144175393865851, 0.0010613160753723634, 0.00174315898765284, 0.0038217873157235646, 0.0042064337981470926, 0.0036514110229082805, 0.0042761024574065176, 0.003390271813164123, 0.003939871497405446, 0.0024978298165240906, 0.0034308758668104653, 0.0016650672473166937, 0.0025241867535136142, 7.073593968295395E-4, 0.0017954205086568654, -2.9861235856025025E-4, 0.001360784329989431, -5.507894905098054E-4, 3.2569171779410987E-4, -2.696723664235033E-4, 1.9602340912059822E-4, 1.3358716886609424E-4, 2.2028060611262125E-4, 8.414757169392554E-4, 9.83561508790569E-4, 0.0010074970501360704, 0.001089444862625175, 0.0012671763996078204, 0.0011658556558822421, 0.0015811205116489017, 0.0014200387420001672, 0.001759519878857833, 0.0014625425887863247, 0.0018835931228036087, 0.0014940058439204247, 0.0014818483914460316, 0.0014830165024275752, 0.0013616018070354329, 0.0016543774511697154, 0.0010981024938127495, 0.0012929912096612075, 9.938417288343525E-4, 0.0010132773746403605, -0.00591651459143069, -0.005840020854279934, -0.005291229883919234, -0.0056050801079282515, -0.004833090775434389, -0.005261264351661327, -0.004681476394444272, -0.005062937410690847, -0.004015023790314326, -0.0036985322167994708, -0.0036817376422083777, -0.003021217204398519, -0.002296616100215792, -0.0025230391466877587, -0.0017865258358431457, -0.002718678221099017, -0.0014165291403033665, -0.002002998586327593, -0.001416183500438096, -0.0015536305134963085 ], [ 0.004330631749153218, 0.004902608532085709, 0.004608512367584008, 0.005601572291575342, 0.0029783287318970813, 0.005884846805756448, 0.0024159207844850756, 0.005894654077755899, 0.0020635032119881583, 0.00497292775901055, 0.0014172272347663867, 0.004475901655233284, 0.0012550578070164168, 0.003916682528257582, 0.0018107716189439298, 0.0033424994235270672, 0.0020699039561478325, 0.0031976731655713017, 0.0025667618380361286, 0.0028316692038134307, 0.0010589897763633273, 9.372150932392862E-4, 7.481146084437517E-4, 6.36993528768243E-4, 6.945448930700071E-4, -1.1226979560716548E-4, 3.381024535061034E-4, -0.0010228406746509435, -2.6333308163062363E-5, -0.0015755418880797109, -5.910723134866711E-4, -0.0018239432648009778, -0.0015203808409955213, -0.0019496110045606932, -0.00216985951231904, -0.0018819234835157214, -0.0019703798009316946, -0.002149462217074423, -0.002038442807877443, -0.002009152506690198, 1.5909740552895316E-4, 1.7853221817904158E-4, 4.3549222813565777E-4, 4.1344756628281453E-4, 0.0010589817204201635, 0.0010300007879290051, 0.0015234593323144767, 0.0022485931835458267, 0.001778624088946778, 0.0028112761439354527, 0.001551108118457747, 0.003017673317355837, 0.0013857261755703227, 0.002617909926129828, 0.001676415555725657, 0.0021898869550009857, 0.001609980396412757, 0.0020773928736089395, 0.0018234168227367262, 0.0018465949131326051, -0.0032268692922940755, -0.003192118528237081, -0.004893763494063473, -0.004334995128035725, -0.006269058158681301, -0.0053148389074079245, -0.006943040926501501, -0.0072135797644797125, -0.0054229627621090815, -0.006929055749950166, -0.0035908266860823442, -0.006291482801517353, -0.002327015437482822, -0.00462068275517814, -0.002451269285925581, -0.0032121999209166535, -0.0021429097617743347, -0.0030377991463616046, -0.002366337983802779, -0.0027374254900353035 ], [ 0.0035245257618013895, 0.003012408008014575, 0.004175177362565012, 0.002897677663240065, 0.004441123062153421, 0.0025915173928108474, 0.004356782563296765, 0.0020635032119881583, 0.003685739073027901, 0.001367358720941161, 0.0029089735416133844, 7.737333202964599E-4, 0.0025168647722709683, 4.307955458857008E-4, 0.0021610780772980598, 0.001198727335792591, 0.001221306624674566, 0.0018666195383911072, 9.667285166059124E-4, 0.0017214509478539306, 0.002447883632712762, 0.002688624630025192, 0.0022492209377706416, 0.0027097357781576677, 0.0019844350950478746, 0.0024698321747803915, 0.0012694466853168979, 0.002113017641235747, 6.596846180273477E-4, 0.0015234913507404663, -5.121057360665132E-5, 0.0010577272641454612, -7.902129751716006E-4, 7.090772259442692E-4, -8.353209741284565E-4, -1.8052981473847115E-4, -4.989109165542251E-4, -2.979127285003759E-4, -2.0779500787342412E-4, -2.090924506421483E-4, 5.759279620480617E-4, 6.978767202432599E-4, 7.677406801297462E-4, 8.169686105497403E-4, 0.0011256340464787886, 9.465092737461617E-4, 0.0015605245909011583, 0.0012947854535299138, 0.0018390300373923875, 0.001323595661517629, 0.0019572016560217534, 0.0013587157024337313, 0.0015402702250892602, 0.0014071333151430482, 0.0014160106633252308, 0.0015592210409511266, 0.001179477293577198, 0.0012917569209348876, 0.0010472908878442978, 0.0010553054725275053, -0.004703460917692834, -0.004758668811454157, -0.004661659076390462, -0.004792547362365253, -0.004711992242943507, -0.0046609765241811315, -0.004888613204153716, -0.0046004564460971325, -0.00441390092464425, -0.003209410188999035, -0.004008832837727249, -0.002600018994146921, -0.00253780705111717, -0.002243219923455476, -0.001953666202982168, -0.00246211772619896, -0.0015609986986441903, -0.0019212985080646204, -0.0014855581844142542, -0.001573128933237451 ], [ 0.0028455355517508964, 0.0035446757401311917, 0.003027135791957162, 0.00414773468823491, 0.0018576837610768118, 0.004513690588622066, 0.0015519830333283616, 0.00497292775901055, 0.001367358720941161, 0.004638930449103389, 9.578994001782292E-4, 0.004497536649027043, 9.931913297496822E-4, 0.004193546388611056, 0.001440062666368096, 0.0035029197791866537, 0.0020214336182406466, 0.0031305912997873055, 0.002554419824876875, 0.0027142938029152516, -4.5534925197466804E-4, -6.799249362350857E-4, -7.278419379739738E-4, -9.931724089301919E-4, -7.22209731683266E-4, -0.001590252276200614, -8.824887784843179E-4, -0.002277599366173146, -9.678942167364733E-4, -0.0025919703206590703, -0.001062754497829505, -0.0026985951750619418, -0.0016252743428283515, -0.002822529019335954, -0.0021347204439335398, -0.002420815448590295, -0.0022787029759814164, -0.0025839132382837965, -0.0024063989884383057, -0.002475936066768986, -1.7373194716152577E-4, -1.4265971803953853E-4, 2.5186542075272754E-5, 8.45654973921957E-5, 5.794321284814852E-4, 6.376131236351908E-4, 0.0010087099073829064, 0.00187665073950724, 0.0012084467873919352, 0.0025390228341783463, 9.66530612850228E-4, 0.002754240687089974, 9.268727313415519E-4, 0.0025298238735552586, 0.0012237484188307817, 0.0019897568336775377, 0.0014011342438467783, 0.0019596683611129793, 0.0017499894764028629, 0.0018289577897436984, -0.001107279257778137, -0.0015490345736362849, -0.0027540931033777885, -0.002935169823743782, -0.004415278283375909, -0.0038196109469798853, -0.0052801309559468825, -0.006057026563480436, -0.0039495155708995, -0.006318867970841152, -0.0022395913122321945, -0.0058012707508047654, -0.001445733949779161, -0.004438668173587066, -0.001650019825704498, -0.0028658374978530786, -0.0017476836694568668, -0.002805589824361943, -0.002175872239192223, -0.0026345944959710495 ], [ 0.0021201483132361988, 0.001732439566009424, 0.0025952978775533784, 0.0016538507822983091, 0.002987337994971335, 0.0015110200326746588, 0.0031457964325822384, 0.0014172272347663867, 0.0029089735416133844, 9.578994001782292E-4, 0.0027316986177720517, 4.634105904820059E-4, 0.002542664030086958, 2.3117744655096526E-4, 0.0020361831277136005, 0.0012114142160231122, 8.948209717270284E-4, 0.0019315769431009532, 6.836131632994234E-4, 0.0016380582313559214, 8.475851833868812E-4, 9.657804456938156E-4, 5.874158597765599E-4, 9.287387426613725E-4, 2.824398709518305E-4, 7.647226884225475E-4, -2.5886459434619914E-4, 5.996340421952122E-4, -6.284916431844828E-4, 3.711984873202369E-4, -0.0010461099011039182, 2.033792857795225E-4, -0.001454686430606902, 2.8140924969729565E-5, -0.0011117033152043152, -8.695946576267897E-4, -7.165672164568653E-4, -9.01895171073567E-4, -5.832296807381556E-4, -7.294397939879792E-4, 3.054254632722021E-4, 3.901278740432853E-4, 5.00777881398679E-4, 5.094514395687219E-4, 8.755106110895553E-4, 6.498517880588423E-4, 0.0013718564274223372, 0.0010295692541264446, 0.0018040450206857632, 9.388540720493841E-4, 0.0019049290164452435, 9.528444036858293E-4, 0.0014503691445664083, 0.0010873946429814955, 0.001239556862969878, 0.00134772674080245, 0.0011260942988358556, 0.0011205690832526926, 0.0010545692126598845, 9.523188501621772E-4, -0.0032906079705100474, -0.0034118455414725137, -0.0037861072324459535, -0.003702642122585748, -0.00419259498771122, -0.0037353187514003964, -0.004546864185369628, -0.0037356261933664016, -0.004535869597103461, -0.002094894667479454, -0.004160735706606295, -0.0015600304137828114, -0.0025957877265593986, -0.0014970364910757794, -0.0017858130362855954, -0.0020489858694642906, -0.0015118466571404704, -0.0015957441956279677, -0.001491861714828891, -0.0013756648096740392 ], [ 0.0018698427741718835, 0.002741131031477498, 0.0020078505460579084, 0.003422196173991151, 9.635736220614038E-4, 0.003824724950912733, 7.997052673750137E-4, 0.004475901655233284, 7.737333202964599E-4, 0.004497536649027043, 4.634105904820059E-4, 0.004683485089749643, 5.582369555667515E-4, 0.004586978707740808, 9.945833141379757E-4, 0.003557207196351854, 0.002012235942725487, 0.0029180120282579734, 0.0026364087218037117, 0.0025545889306050965, -0.0014225411244972253, -0.001730099081415267, -0.0016343096445705055, -0.002043658719752854, -0.0015380373239618805, -0.002526473987796828, -0.0014907615487816986, -0.0030686236151565047, -0.0013592308351466041, -0.0031892327847168655, -0.0010958145446185639, -0.0031918700751592905, -0.0014151212000307965, -0.003340329254113176, -0.001958308050830638, -0.0025247600898192822, -0.0023912911935318093, -0.002653871979424677, -0.002553399441636417, -0.002595857311640791, -4.2389580777709904E-4, -3.8314689099465014E-4, -2.5817978235729904E-4, -1.559820945978941E-4, 3.0841570275927794E-4, 3.978693983140907E-4, 7.560598144145123E-4, 0.0017041833768679656, 8.986890284050975E-4, 0.0024872772146784373, 6.345746520329471E-4, 0.002731948668829915, 6.8489933064311E-4, 0.0026106396466835397, 0.0010278599008865055, 0.001883366683825001, 0.0013291707849751363, 0.0019451046403192642, 0.0017016592224489253, 0.0018570784574753695, 3.2096984216458855E-4, -4.170498250389582E-4, -0.0013936227681364606, -0.001937115209911667, -0.003355286108010237, -0.002853068755937286, -0.004457884797944637, -0.005413161324835541, -0.0031190299849075003, -0.006197656573958422, -0.0013859374592115029, -0.00580268676338074, -9.23361349795554E-4, -0.004574069350612063, -0.0012830808972421638, -0.0026463816155301687, -0.001596686387621238, -0.002736586539006741, -0.0020570702309690575, -0.002630930910663306 ], [ 0.0016097920130467458, 0.001296005600233565, 0.0019599432867145905, 0.001188933333351357, 0.0023459268186373293, 0.0010722772233189614, 0.002623144336487501, 0.0012550578070164168, 0.0025168647722709683, 9.931913297496822E-4, 0.002542664030086958, 5.582369555667515E-4, 0.0025511010515881006, 3.8204496194613506E-4, 0.0020811539296659446, 0.0013793385877889474, 9.083387134998788E-4, 0.002086995225234576, 7.301145252209887E-4, 0.001706698756605134, 8.852870514076884E-5, 1.3051095597820753E-4, -1.990664710670054E-4, 5.6240130788902E-5, -5.301760347618014E-4, -5.676646099069156E-5, -0.0010598525637217594, -1.6275295376196183E-4, -0.0013307875992381066, -3.086174108985234E-4, -0.001645462216581868, -3.7914838311959215E-4, -0.0019427643527741244, -5.278657450144303E-4, -0.0015096618555303135, -0.0014035677218465444, -0.0010879079895696276, -0.0014468919791004137, -0.001012187562241112, -0.0012623361939527648, 1.7519884623030146E-4, 2.4293164470851752E-4, 3.336935000576606E-4, 3.449948893459071E-4, 6.847265052926958E-4, 4.501935205026974E-4, 0.0011563968440492932, 8.531542394879745E-4, 0.0015875716323163454, 8.123891504702376E-4, 0.0016831006855560042, 8.30479025270418E-4, 0.0013286463181673498, 9.771723938169325E-4, 0.0011714521908624113, 0.0012231697830137167, 0.0011068199027224784, 0.0010798738836600933, 0.0010935503169062517, 0.0010043447935072847, -0.0022809822793170833, -0.0025982922702219658, -0.002930633379962329, -0.0031108692986716443, -0.0035980955143340644, -0.00309021722042012, -0.004100008086635253, -0.0032658830392177122, -0.004179658736900383, -0.0018338511190617544, -0.003816278558724508, -0.001344635980212521, -0.002445269816104676, -0.0012987105313010056, -0.0016994727471362097, -0.0018152733536855848, -0.0014654244141157442, -0.0014980161102357578, -0.0015010370999656436, -0.0014115898165747115 ], [ 0.001045510448730489, 0.0020110095110331726, 0.0011579205113196758, 0.0027236906379072743, 3.163785445524191E-4, 0.003089775725607406, 3.096154400132291E-4, 0.003916682528257582, 4.307955458857008E-4, 0.004193546388611056, 2.3117744655096526E-4, 0.004586978707740808, 3.8204496194613506E-4, 0.004680228046604268, 7.348816509396158E-4, 0.0035225918821543203, 0.0019059148736643534, 0.0028106184306366977, 0.002548532821664788, 0.0024497476124051135, -0.002184270448674722, -0.002576828209684902, -0.002364527992065383, -0.0028931050975789185, -0.002238218781989123, -0.003258104699533879, -0.0020859986304793457, -0.0036587078185462145, -0.0018145862844577568, -0.003619583980584269, -0.0013585352184044249, -0.003523929394584644, -0.0014674559746846233, -0.0037156323047665522, -0.0019667489501065966, -0.0026779908490053043, -0.002487986668816015, -0.0028026506866039615, -0.0026350231852459876, -0.0027417886417980264, -6.023635344387387E-4, -5.410708799340322E-4, -4.488082775261866E-4, -3.022363326968525E-4, 1.3673747338250822E-4, 2.352829833415065E-4, 6.237102452860039E-4, 0.0015300211235137516, 7.186343482139623E-4, 0.002367717875188249, 4.697522917452955E-4, 0.002601720267365194, 5.545914050769185E-4, 0.0025612539376418737, 9.237003769803048E-4, 0.0017392975958044306, 0.001249042993336236, 0.0018767316201719585, 0.0015922101791808678, 0.0018215345874315653, 0.0012433148235242444, 2.331416133248736E-4, -5.361723713855832E-4, -0.0013811647212620534, -0.002685114068588237, -0.002254585646276011, -0.003944675622229707, -0.004823264318420549, -0.0026068428776905993, -0.005905573184629965, -9.411199324412633E-4, -0.005552435081804344, -6.458771572694993E-4, -0.004465607114583915, -0.0010805214620100204, -0.002393253674473683, -0.0014570858138424334, -0.0025938079210787056, -0.0018853055201576018, -0.0025418862580207885 ], [ 0.002120713868651303, 0.0019003815475484378, 0.0023776788499021715, 0.0018969689076703648, 0.0022274786226591002, 0.001770412442052293, 0.002336900386809684, 0.0018107716189439298, 0.0021610780772980598, 0.001440062666368096, 0.0020361831277136005, 9.945833141379757E-4, 0.0020811539296659446, 7.348816509396158E-4, 0.001935345485287394, 0.0013405114313808468, 0.0010448777815737086, 0.0018805559988886987, 9.704261477570847E-4, 0.0015979813559187657, 5.605230543117856E-4, 6.062797135336246E-4, 3.04328366830127E-4, 5.233667929537944E-4, 1.9198552230222272E-5, 3.584978147437818E-4, -5.252682636106498E-4, 1.2722078070204852E-4, -8.433221190529769E-4, -1.4559839171770952E-4, -0.0012676918694241035, -2.8184515233074445E-4, -0.001723220468575396, -4.4502360649380587E-4, -0.0015893332329213914, -0.0011609216674060268, -0.001153017157095343, -0.001321765774616021, -0.0010867099621762804, -0.0012146066625519536, 2.439177062818263E-4, 2.7916279452154107E-4, 3.7108968457115124E-4, 3.418296001406445E-4, 6.931598953446556E-4, 4.44929556971908E-4, 0.0010596564446251136, 8.714778146466973E-4, 0.0013869947278121362, 9.55036924485586E-4, 0.0014378255773161925, 0.0010128738687549034, 0.0012458966387294645, 0.0010075753795150406, 0.0012506729214295416, 0.0011010393508989415, 0.0011071665267916907, 0.0010517792484468326, 0.0010697082804342949, 0.0010236770240699238, -0.0021973429952673418, -0.0024080529401551247, -0.0027887225903187266, -0.0028948307128876744, -0.0034914949487471606, -0.0028590011447036144, -0.004016955774925188, -0.0032615294635220202, -0.00383536408586135, -0.0022979035916356246, -0.0033203357561696623, -0.0019043034631249032, -0.00227251667892553, -0.0015201215819476582, -0.0018691370565249385, -0.0016108719307677199, -0.0014997580172541598, -0.0014771726894985586, -0.0014487490036230602, -0.001457772071033069 ], [ 9.862634746361407E-4, 0.0016711885220819572, 0.0011584210754232592, 0.0020575852806821015, 0.0010032542816090454, 0.0023685317267956294, 0.0011248265503930603, 0.0033424994235270672, 0.001198727335792591, 0.0035029197791866537, 0.0012114142160231122, 0.003557207196351854, 0.0013793385877889474, 0.0035225918821543203, 0.0013405114313808468, 0.003527550442981677, 0.00158950678974183, 0.0032691843318289893, 0.001992405913983481, 0.0026463838161419474, -0.0022713206687597753, -0.0025879650168441314, -0.002516016230057822, -0.002855631431799697, -0.0025137933191015627, -0.003177504871604519, -0.002472808006719099, -0.003539620213682201, -0.0022520283949706574, -0.0035638000986684864, -0.0019137731392037667, -0.0034363807386752648, -0.0019780611807172933, -0.003465877865791801, -0.0018472772994943976, -0.003266142968682443, -0.00215232087876376, -0.0030891517818208408, -0.0024083741642675427, -0.002823460150545718, -5.253626014949684E-4, -4.5715012671376884E-4, -3.659287876158656E-4, -2.055875653987586E-4, 1.3040228912580297E-4, 2.9497707527894565E-4, 6.313449944399681E-4, 0.0014153387461174854, 9.152291883809863E-4, 0.0019297166702582876, 8.132408451905872E-4, 0.00209972243792721, 6.756972441208406E-4, 0.002241574817483759, 7.17768393547942E-4, 0.0020775297374498653, 0.001155432949862018, 0.001959481357126156, 0.0016829744128135623, 0.0018306308429652614, 6.489174484066202E-4, -2.204167742923854E-4, -0.0010354552784588174, -0.0018678506876323127, -0.0028705898721623248, -0.0028796308331904222, -0.0038025435300439, -0.004871019804867775, -0.0030932875884936498, -0.004728641172438518, -0.002010077764153311, -0.004196050239011548, -0.0011261934162711197, -0.003657741917885059, -8.173758738417664E-4, -0.0030205992510252615, -0.0013028940620773914, -0.0027663120062608594, -0.0020558439731253133, -0.0025771567032285584 ], [ 0.0016167332192751737, 0.0017509980041798736, 0.0018192254949263365, 0.0019464535628628235, 0.001425848307108263, 0.001980601219131113, 0.0014143212651852224, 0.0020699039561478325, 0.001221306624674566, 0.0020214336182406466, 8.948209717270284E-4, 0.002012235942725487, 9.083387134998788E-4, 0.0019059148736643534, 0.0010448777815737086, 0.00158950678974183, 0.0012539808576664232, 0.0014746757951969636, 0.0014251436661268434, 0.0013682775753532483, 7.10842240843115E-5, 4.7519290999597564E-5, -5.5929492268783434E-5, -4.893719894924096E-5, -1.0704865288763647E-4, -2.3393573539135385E-4, -3.2496457964941106E-4, -4.8294030832708804E-4, -4.267371930889545E-4, -6.852592161954958E-4, -4.4306219909181555E-4, -8.330742621136797E-4, -7.758052846232465E-4, -0.0010338158438059544, -0.0010682132096946932, -9.106166478781382E-4, -0.0012102175571380956, -0.0010606631777044515, -0.0011839888270990919, -0.0011035566654402484, -6.488840253824767E-7, 3.51857018829722E-5, 7.196117425192394E-5, 1.0318853192995993E-4, 3.704269243602706E-4, 2.7560568414840454E-4, 6.394600202831462E-4, 8.798778851139364E-4, 7.652150144501352E-4, 0.0012552218043473476, 6.922187788794762E-4, 0.001393445914988373, 7.06435747271661E-4, 0.0013777681181348584, 8.734127619835789E-4, 0.0010348018501528168, 9.288572466032785E-4, 0.0010800817350971898, 9.951934476627575E-4, 0.001064257256826363, -7.077427690323282E-4, -0.0011171452830714274, -0.0012294815644990937, -0.0016952733590067175, -0.002139832699484139, -0.0018144499289052551, -0.0027959068308629612, -0.002978879478139745, -0.0022100540458214113, -0.0031523231055011645, -0.001406262459380857, -0.002945089634406181, -0.0010543963423025647, -0.0023673066844872638, -0.001161125283430564, -0.0014716953642495093, -0.0011705700422752364, -0.001517281912098135, -0.0012482708949847075, -0.0015024144731798322 ], [ 0.0014351587877853805, 0.0018722209031257883, 0.001668706863097657, 0.0021485553612590985, 0.001637389948126749, 0.002328112991932985, 0.0018144175393865851, 0.0031976731655713017, 0.0018666195383911072, 0.0031305912997873055, 0.0019315769431009532, 0.0029180120282579734, 0.002086995225234576, 0.0028106184306366977, 0.0018805559988886987, 0.0032691843318289893, 0.0014746757951969636, 0.003450300501985258, 0.0017087914154506121, 0.002760692356980212, -0.0017054056303436949, -0.001977592775061477, -0.002033363864425555, -0.002242592157873342, -0.0021909044081472612, -0.0025636837793699386, -0.00240843821613588, -0.0029152984020689135, -0.0023792193002850565, -0.00299619971924213, -0.0023737268254531907, -0.002896462548904367, -0.002549753051984771, -0.0029686383513786896, -0.002253936350429935, -0.0032210583821306728, -0.002145237059376924, -0.0031400556940047873, -0.002292876690744455, -0.002807190399196115, -3.2155425870952233E-4, -2.4139474401972848E-4, -1.1523130847688277E-4, 1.2792816501693154E-5, 4.1349649289564174E-4, 4.558039188961382E-4, 9.852522137504282E-4, 0.0014394032118167322, 0.0013563185738055274, 0.001792264647685798, 0.0013193849426273406, 0.0018953112996870135, 0.0010519851668480092, 0.001998139100244648, 0.0010413437999490663, 0.0020024534936916856, 0.0012703909544134386, 0.0018602133262439584, 0.001647283575564953, 0.0017274682807285832, -6.137712424550928E-4, -0.001376203947508536, -0.0022853067850884395, -0.002878624604399266, -0.003915728174214839, -0.0036610134447882924, -0.004755054876636707, -0.00506920449985381, -0.004167487252960466, -0.004336783877026556, -0.0031925798252360645, -0.0036698914663626024, -0.0018959996913000322, -0.003154869321778147, -0.0013759814975804543, -0.0029300193881947414, -0.0015279236611960667, -0.0026154389856092026, -0.002081855634736728, -0.0024356517894701733 ], [ 0.001555930374188449, 0.0018921411341341699, 0.0017202984769668316, 0.0022490184826499423, 0.0010843109759084545, 0.002358524364357057, 0.0010613160753723634, 0.0025667618380361286, 9.667285166059124E-4, 0.002554419824876875, 6.836131632994234E-4, 0.0026364087218037117, 7.301145252209887E-4, 0.002548532821664788, 9.704261477570847E-4, 0.001992405913983481, 0.0014251436661268434, 0.0017087914154506121, 0.0017312890773261065, 0.0015744090177014958, -4.0915046997853146E-4, -5.054596585120962E-4, -5.422286711351647E-4, -6.445317314926198E-4, -5.449869443229982E-4, -8.653465422543327E-4, -6.607987115551193E-4, -0.0011597716996524137, -6.6852481822016E-4, -0.0013066661125112579, -5.652815074710593E-4, -0.0013914376090804173, -8.727789955463637E-4, -0.001570037027834927, -0.0012353489721949646, -0.001239052316173506, -0.001467943370488229, -0.0013892368590089927, -0.0015140350121544978, -0.0014243006093143259, -1.3059886040124537E-4, -1.034777840700991E-4, -4.235174824518452E-5, -1.2987722004956279E-5, 3.318124692870976E-4, 2.486973307196653E-4, 6.518119842481526E-4, 0.0010336880990112996, 7.908879125949528E-4, 0.0015197733337097268, 6.755785541979035E-4, 0.0017008459949919344, 7.251037678383614E-4, 0.0016703412478294795, 9.487733866824244E-4, 0.0012176688758722119, 0.0010611866338633951, 0.001299581486561339, 0.001180540508858567, 0.0012812063103476642, -2.0679239579331291E-4, -6.930314075511189E-4, -0.0010560203284381837, -0.0015049295867952514, -0.002319971048438581, -0.0018463755634463017, -0.0031740988461104887, -0.003415505104405974, -0.0024428404308269366, -0.0037882985800865737, -0.001415137592362188, -0.003591657305541846, -0.001081439970412359, -0.002875691683299846, -0.0012736544304018096, -0.0016963292814948432, -0.0013363873004112608, -0.0018164665986191767, -0.001463592024683334, -0.0018077515418271602 ], [ 0.001563752053431907, 0.0018931222117280426, 0.0018094873262601426, 0.0021722069029756408, 0.0016374868908342111, 0.0022781130584307984, 0.00174315898765284, 0.0028316692038134307, 0.0017214509478539306, 0.0027142938029152516, 0.0016380582313559214, 0.0025545889306050965, 0.001706698756605134, 0.0024497476124051135, 0.0015979813559187657, 0.0026463838161419474, 0.0013682775753532483, 0.002760692356980212, 0.0015744090177014958, 0.0022808747640062797, -9.962748513259343E-4, -0.0011840102876627108, -0.0012557073718883762, -0.0013884860265852648, -0.001381145663526376, -0.0016632137107534047, -0.0016058570274340065, -0.0019824701651107797, -0.0016402336920718014, -0.0021017061813398386, -0.001682314841400382, -0.0020861690693466084, -0.0019240564324251757, -0.002212886176217058, -0.001834268778042867, -0.0023483763934214206, -0.0017663533617343291, -0.0023604895340402056, -0.0018362322011501717, -0.002144421411476459, -1.9255856772542045E-4, -1.2223190927323994E-4, -1.4158540572988068E-5, 7.694550843495412E-5, 4.6080680642394966E-4, 4.4075875757451107E-4, 9.565192708928356E-4, 0.001287903851013578, 0.0012498149828662312, 0.0016328596610587932, 0.0012085948320067078, 0.0017408804571289994, 0.0010051843592658414, 0.0017956827673918498, 0.0010496101286049833, 0.0016845982943655467, 0.0011772638277451955, 0.0016015751372017038, 0.0014089397746130043, 0.0014891070823664324, -8.802699257669452E-4, -0.0014906700817571394, -0.0021889585152687643, -0.0026446726889936796, -0.003556157971773833, -0.00321864901949815, -0.004330895472671895, -0.004457882057994005, -0.0037146622427439388, -0.0039665927816863325, -0.002792131803556139, -0.0034369227296013223, -0.0017356093950711047, -0.002891663067787112, -0.0014119249381002322, -0.002451765103175032, -0.0014531611545950146, -0.0022522971635333565, -0.0017922875183286546, -0.0021064512003822256 ], [ 0.005198412874315502, 0.004085817095334633, 0.0056332765400111855, 0.00370907495716365, 0.004836805102817273, 0.003225703565438345, 0.0038217873157235646, 0.0010589897763633273, 0.002447883632712762, -4.5534925197466804E-4, 8.475851833868812E-4, -0.0014225411244972253, 8.852870514076884E-5, -0.002184270448674722, 5.605230543117856E-4, -0.0022713206687597753, 7.10842240843115E-5, -0.0017054056303436949, -4.0915046997853146E-4, -9.962748513259343E-4, 0.007536397848721132, 0.008247428769962803, 0.007633079304711239, 0.00850312870652716, 0.007494961236188583, 0.008140899977025755, 0.006568109535347552, 0.007563318209814131, 0.0053311511605214565, 0.006380955912883658, 0.003676307652983476, 0.005356154803118551, 0.002297696204728261, 0.005003658267410029, 0.0012082904876022011, 0.00417563081184181, 0.001852624892416247, 0.0036343185981726014, 0.002497187256605538, 0.0032759825935219037, 0.0015837804918867602, 0.0015853633539812547, 0.0015937574336435765, 0.0014234779902833488, 0.0013162264652281403, 0.0011221600202823742, 8.97713882093826E-4, 3.808085026507423E-4, 5.957685279970367E-4, 1.036349034489732E-4, 6.305278016279012E-4, 1.7593135023817965E-5, 5.718685967441616E-4, -5.882173618559983E-4, 7.022261495720885E-4, -5.941413655920528E-4, -1.4651308303418892E-4, -7.707813618237458E-4, -7.693988793714558E-4, -9.298692349943621E-4, -0.007417650014055034, -0.00592056841718715, -0.005181939126023752, -0.003922187789455753, -0.0026720318040420483, -0.0027627525283538848, -0.0013159901415305132, -0.0010132231219225803, -6.292450306053872E-4, -5.4131838897