{
  "weights" : [ 0.7517222370545498, 0.7615027214221887, 0.7466780220837114, 0.7638868455586796, 0.7456904842682708, 0.7587012276099746, 0.7488210758973524, 0.7556025392964236, 0.762563935208832, 0.7583529144137531, 0.7699927306917422, 0.7625522761728107, 0.7684596068469042, 0.7373495864773161, 0.7493346392338599, 0.7100075723407988, 0.7442162687943851, 0.7118891104843807, 0.7334348632217759, 0.7153128147488369, -0.13671902118129386, -0.16060999235928927, -0.14060837871226825, -0.1658076243390369, -0.17169530863594898, -0.1772218667163188, -0.206349130593826, -0.21431202320826584, -0.23946997278811993, -0.26262939140464797, -0.2578784811363814, -0.34201391904349454, -0.2520986878614458, -0.41010755377150415, -0.20257742057805964, -0.445140832188565, -0.242526445231283, -0.4021133392740164, -0.3272965134168214, -0.3616934437610724, 0.5608440987466705, 0.5525698031228331, 0.5626619591041521, 0.5558686306499975, 0.5648395457753338, 0.5577474625382486, 0.554129897737977, 0.5485853236336111, 0.5178038264540907, 0.5206048059312095, 0.4841235119388302, 0.4427332071864746, 0.4638217685515465, 0.42009827029057517, 0.5275633341461252, 0.4353519012803752, 0.48244434709023243, 0.4751283541762046, 0.4670523445478939, 0.4777263600042714, -0.0645131861979022, -0.05129585499181269, -0.05244723786595838, -0.04144251243415799, -0.02953100926458382, 0.008488895450582618, -8.319792755512466E-4, 0.07033694335575943, 0.06183817413328008, 0.13856586979885296, 0.15664833445966747, 0.16931018593953778, 0.2561292746863182, 0.1076742980060726, 0.29969989582021295, 0.10404182861890889, 0.26377781053440874, 0.18635239584669666, 0.19422569835846282, 0.21861387348099454, 0.9006605650017351, 0.8895283093859676, 0.8842596435404366, 0.8560867941873108, 0.8337642219248854, 0.7826317853308142, 0.7366984283469289, 0.669282169572746, 0.5758735837879267, 0.5159561885595944, 0.38185054359338505, 0.2980116174879679, 0.19696930133239102, 0.1374512829573433, 0.10165887252030749, 0.0927746806027722, 0.09233189992090914, 0.07233039326785026, 0.08001442216633875, 0.08303828451796808, -0.13178337290426312, -0.1536576641815827, -0.14245955613556424, -0.16661486599668157, -0.172807476070992, -0.1921716390533467, -0.20252639693737676, -0.22599155213932443, -0.22420843977676264, -0.24524648494742346, -0.21948819507965728, -0.22045228287434881, -0.16698588378814405, -0.14141184573123544, -0.08671230631855223, -0.0849895622567414, -0.03817515816036576, -0.06514531767243222, -0.032212316003370524, -0.05605118621611549, -0.29724614081049583, -0.2950366162822505, -0.2933614718625003, -0.2867617385307038, -0.27682467546746653, -0.26463064260943325, -0.24775336875579124, -0.223248125891363, -0.20014829526602176, -0.1706654121574324, -0.11430448661786564, -0.09589419319471951, -0.02763629943335099, -0.017988170420145413, 0.044606865584268664, 0.012801656613583604, 0.03447304270747012, 0.014275889042460617, 0.014414303512939895, 0.0017730189058717568 ],
  "covariance" : [ [ 0.009186852105122094, 0.00876309219381397, 0.009400149950236927, 0.008483274367003621, 0.008234048305593626, 0.008077996585657967, 0.006312046968400981, 0.007068882984662818, 0.004178333950897735, 0.004607012866148911, 0.0036154616567432617, 0.0037227738340042836, 0.0037738787396684693, 0.0038058499563153993, 0.0027370007348817465, 0.002764604501686257, 0.003482271103883966, 0.0013156382589037733, 0.0043577317569427135, 0.00217386901059642, -0.013515120270420993, -0.011541362696283714, -0.013917801473333494, -0.010686725230639973, -0.014104725432707296, -0.011216752968243194, -0.015027904453685167, -0.011048132591400025, -0.015040185779271631, -0.011952872180580167, -0.011272983824943038, -0.01123387157230556, -0.006577242317460787, -0.012318551785489776, 5.637936475321123E-4, -0.009943529490156346, -0.00523379806960077, -0.0055024518425832725, -0.004082583448797511, -0.005712391784883531, -0.013887320041566344, -0.013684724647694296, -0.014440508271130597, -0.013084066278262712, -0.014011842591676288, -0.012867441177889676, -0.012516069863928923, -0.012315449912234603, -0.009833998411710764, -0.010673841898498184, -0.0057173556349449615, -0.009306701411824218, 2.549781903953049E-4, -0.005942877413139156, 0.008599258976818795, -0.0030361668008843726, 0.00522608605346245, 0.002082964677712012, 0.0017162001063118137, 0.0027955195030556464, 0.005482698868666938, 0.006460613510118706, 0.0037961650385639786, 0.0059433274005391895, 0.00247421868003974, 0.003315864986688226, 7.668102889366079E-4, 7.764555157303097E-4, -9.727231302060857E-4, -0.003358991782444063, -9.564191042400005E-4, -0.009881217873290904, -0.004425347962838524, -0.0190220141991288, -0.006701255225188292, -0.02328248680686023, -0.012484029490189133, -0.01598994988775213, -0.01396063012830507, -0.015615901731154496, 0.0011044992192668897, 0.002219541797956302, 0.0013238249330776027, 0.0033011795405685123, 0.0012231516984870996, 0.005635349589232018, 7.137551434727458E-4, 0.008876636844068796, -6.367815170439592E-4, 0.011365521936007438, -7.716088433976178E-4, 0.0074508979461437395, 1.291200343825408E-4, 0.0026184097138251474, 0.0020476622983383714, 0.004880264696180345, 0.0030179960733615705, 0.004536032716722404, 0.003989388422674111, 0.0043194335637763105, 0.001961737509382195, 0.0021727081370735172, 0.0024724069669361153, 0.0027079969612376813, 0.003404057550954052, 0.0033643660847391694, 0.004038084868116024, 0.003890426562128729, 0.0041595089758992565, 0.003586775225783982, 0.0032847298311452933, 0.004047878914915591, 0.0014969778277501432, 0.00428510085497626, -0.0011529892964217017, 0.0029580430224615583, -0.002434661763645534, 2.9768505384386687E-5, -0.0010087351221117376, -5.558263016969879E-4, -0.002449118683481881, -0.002593056090835014, -0.0026925314060532238, -0.002849391839005502, -0.003046555959356331, -0.004016583280792865, -0.003402598885157178, -0.006150655036712724, -0.003982964101720411, -0.00798473130356279, -0.00412034796910546, -0.008661800290611497, -0.002635533506360214, -0.007674772059849531, 3.3729231566505204E-4, -0.006875183376582594, -0.001363839703398368, -0.0031113424110500087, -0.003010687295284349, -0.0019752779752410876 ], [ 0.00876309219381397, 0.008725532160792651, 0.008920889358005293, 0.00852629109460885, 0.007762252999195931, 0.00818622574250574, 0.005914220623938363, 0.0074352204719429875, 0.0038268546345162015, 0.005155138738962515, 0.003460428041369295, 0.0045894000877869535, 0.003799032987660089, 0.004731096100697236, 0.002969088873020294, 0.003755228871234693, 0.004040125054802349, 0.0024378729205935586, 0.004696798098472299, 0.0032929231077684076, -0.014552414231091658, -0.012292511788180631, -0.01507362475267486, -0.011377366413184514, -0.015519230763836343, -0.011606771024192785, -0.01664982793637892, -0.011318131688364192, -0.016889303702550908, -0.011766135493190378, -0.013415647756891046, -0.010665204249201962, -0.008272340962282083, -0.0117406017697206, -7.119356954448362E-4, -0.008887829397151542, -0.006573455589487413, -0.004989056052971369, -0.005002208001262158, -0.005580039733129851, -0.013365887834778909, -0.01359640860629011, -0.014100625620118505, -0.01280724599853298, -0.013845951764237818, -0.012510709968484905, -0.01251622161807533, -0.012122287407282151, -0.010286199813514545, -0.010536090990935262, -0.00688834780114813, -0.009366338810913383, -7.20831512961587E-4, -0.006434435491339898, 0.008085832102690958, -0.0034451823872727765, 0.00412411999523272, 0.001797927385098114, 9.251972002095668E-4, 0.0022016362449899856, 0.0048298928911238576, 0.005613414446877671, 0.002951087557867137, 0.005277756716828449, 0.001423524467121942, 0.002922883088025668, 9.608769794213563E-5, 1.4890676427943518E-4, -7.723179117027571E-4, -0.0042258362982029755, -8.056943138145535E-4, -0.010956197541833813, -0.005059482211598066, -0.020255442020372973, -0.0073874026906722914, -0.024152465307604058, -0.013248558908545156, -0.01720977002787146, -0.014863154422305017, -0.016607768181284503, -1.2507609207171267E-4, 0.0010701228155685191, 1.195814477515393E-4, 0.0020807524309455674, 6.665033546635036E-5, 0.004279016576004704, -8.269253106543437E-4, 0.007671931469675434, -0.002947020526310908, 0.010621410821542618, -0.003048531884002743, 0.0070126154852258645, -0.0012266423100592697, 0.002709366720300774, 0.001515442902519509, 0.0051829813222806975, 0.0027259416715588363, 0.004899671762907416, 0.0038152272916752183, 0.004564058179951781, 0.002016242059418937, 0.0023129505608084386, 0.002488101159057383, 0.002699176109258102, 0.0034436343342948246, 0.0034029611126356815, 0.004038556277292617, 0.004175155144554386, 0.004230784755601202, 0.004317167614028545, 0.0036739044240807006, 0.005105812644002565, 0.0019256600745231256, 0.0054794418150126145, -9.448422601957455E-4, 0.003998995085804874, -0.002381411451859411, 6.050811574264573E-4, -7.800425916556269E-4, -2.1675498418968143E-4, -0.0035914099238567344, -0.004029645251880733, -0.003865902584848883, -0.0040889393516281985, -0.00433285897018721, -0.0051564455431972415, -0.004511466723805217, -0.007247772553705794, -0.004664653937946719, -0.008865311108837851, -0.004710512341107285, -0.009146469013420878, -0.003039424925360345, -0.007980995643380706, 1.44816141293209E-4, -0.007164199497645427, -0.0017266714476724815, -0.003392607458614339, -0.0032164555421943094, -0.0023656144893187056 ], [ 0.009400149950236927, 0.008920889358005293, 0.009859560909934704, 0.008409962753837999, 0.008790938908919903, 0.008003705356181536, 0.006661105431765342, 0.00714705882993152, 0.004398717479092628, 0.0047402918682315776, 0.003728686342678125, 0.00373534673333312, 0.004133156593996436, 0.003540203639819231, 0.0031834538647770713, 0.002450994481921361, 0.0038410084909524258, 8.057232853932053E-4, 0.004843652834701882, 0.0018103329393400907, -0.014492376346940797, -0.012642873784561528, -0.01451388238757239, -0.012060666158171168, -0.01445265912289731, -0.013037016557315494, -0.015210258085697013, -0.012966489255083823, -0.015092740769031521, -0.013902822294861634, -0.01098029516543244, -0.01327285585806148, -0.006425195319497271, -0.01436253284789628, 6.435671167447643E-4, -0.01177920000976274, -0.005118168368991994, -0.006638360793241128, -0.004578570712006857, -0.006398703284113802, -0.014294554509061346, -0.014067278636606194, -0.014955067975872247, -0.01352688529927319, -0.014554227735969327, -0.013490724878480492, -0.012850321506687296, -0.013160019794216774, -0.010055645303367016, -0.011552889702203221, -0.005822425909829329, -0.009908060133523881, 1.3613490474774026E-4, -0.0064641008726752875, 0.008926250677888032, -0.003496030693879061, 0.005573689530927316, 0.001866264694444074, 0.0015332431150264568, 0.002926799997390807, 0.005969318852614644, 0.006290325162644189, 0.0043899996378440696, 0.005702217501100564, 0.002802965208727586, 0.0029445528701499534, 0.001136644262791764, 1.0977600945336085E-4, -4.916252444383554E-4, -0.0043231915706970665, -3.002192081342696E-4, -0.011264270723179128, -0.004363813585359615, -0.02053951032547745, -0.006911121383846374, -0.024803798010752633, -0.0128949274994297, -0.016612677379412345, -0.014762658839115272, -0.01613084549074511, 6.692675180556514E-4, 0.00203839231858924, 0.0010707128933447165, 0.00303238177768875, 0.001125010597395794, 0.005419542014111394, 5.090623346926113E-4, 0.009020522204321096, -0.0010683584448603867, 0.011733820311272236, -0.0011046776707966952, 0.007926386690643817, -1.9883756334391437E-6, 0.002741879161314713, 0.0019599977303249795, 0.004920404329245141, 0.002999738030169129, 0.0044933562542447585, 0.004026867856197545, 0.004277309884538616, 0.0017697584654493555, 0.0021925775697118157, 0.002469687992009465, 0.002702718441635546, 0.0036591520082934438, 0.0032611958640814624, 0.0044895503053570774, 0.003811376470497709, 0.004680060450204798, 0.0035013634372561588, 0.003770550634178403, 0.003817572010719933, 0.0018779989483239065, 0.003990122315347719, -0.0010159446520178203, 0.002397913708838351, -0.0021519978384146408, -3.2840073366567017E-4, -9.134520341950066E-4, -7.14277533185772E-4, -0.0026408141987155254, -0.0027821374428065627, -0.0029572149589790495, -0.0031078498788208826, -0.003337728501352562, -0.004492078518300267, -0.003497104882088766, -0.006916664478603065, -0.0038772924038490233, -0.008790509755924932, -0.003991439740603665, -0.009446599047201264, -0.002664464429631067, -0.008382647582413513, 4.0131177363677314E-4, -0.007352366838108013, -0.0013648752067055626, -0.0032323712247339766, -0.0033280419884532974, -0.0019730573954687925 ], [ 0.008483274367003621, 0.00852629109460885, 0.008409962753837999, 0.008611692883270825, 0.0071520966775405065, 0.008284180811211421, 0.005513283900701103, 0.007398501276420108, 0.003555881850558408, 0.00514409897090899, 0.0032196214033450264, 0.004730143095590068, 0.0033517180776533816, 0.00490514143022111, 0.0026672052517363407, 0.003948256264548407, 0.0038102664025143596, 0.0028836467524054883, 0.004223324543552656, 0.003644797929008682, -0.0136641959042106, -0.011116873810269618, -0.014542335762394946, -0.009904605940462493, -0.015091460068317472, -0.009818213334856031, -0.016221258963855536, -0.009605739116742527, -0.016547371914265675, -0.009938185007542698, -0.01362319036290317, -0.008376366667937599, -0.008427681038523295, -0.009948002603185744, -1.211989485053089E-4, -0.007574038605952065, -0.006161448574585277, -0.00417226264248272, -0.004220035570342825, -0.004981288328946913, -0.012962592456777344, -0.013101261573952685, -0.013595414685644399, -0.0123033416678378, -0.013188976609877496, -0.011945970462026893, -0.011914357431327093, -0.011513765544684492, -0.009724059932691828, -0.009971541571866737, -0.0064972507151330626, -0.008759909633047408, -4.247283556837963E-4, -0.006053262509017775, 0.008302054883770692, -0.0033658770775911104, 0.004187911190938899, 0.0018039709605323687, 0.0014679310754897512, 0.0020395583953898206, 0.004146976106635212, 0.005781070798293771, 0.0021547670533737214, 0.005538819937380751, 9.922955261795297E-4, 0.003299881076898499, -2.3684659310999967E-4, 7.141682851987616E-4, -0.0010859587052600617, -0.003288366782334346, -0.0014067104465667673, -0.009447106216692994, -0.005169979850059984, -0.019011715504351608, -0.006938564386825325, -0.02315330554491389, -0.012660738587415593, -0.016819498096717594, -0.014096967740230329, -0.016254059466554647, 2.1830610214620223E-4, 0.0011642030952223746, 3.278731344526372E-4, 0.0022294141837966974, 1.2243528120771093E-4, 0.00431902668992826, -6.496970042255078E-4, 0.007341419091013641, -0.002619394602802515, 0.009972997355938028, -0.0027818753357175038, 0.0062983581504951975, -0.0010490168240564588, 0.002326583035560446, 0.0018373095955787392, 0.004995229504142272, 0.0029404798233130794, 0.004845754931653833, 0.003916077980302886, 0.004606633028193897, 0.0022404447088298224, 0.0022996230020943345, 0.0025227845783032474, 0.0027357351709142727, 0.003239746598847613, 0.0035062687079706074, 0.003642695739187603, 0.004254279556730628, 0.0037326794373949202, 0.004474095013017576, 0.003162885380559837, 0.00546745460732614, 0.0015431604410323413, 0.006034107823888857, -0.0010305363307899348, 0.004739284978401953, -0.0025794266091374515, 0.001055867311963601, -7.610363853445157E-4, 2.5315354467219558E-5, -0.0034521480937338236, -0.0038174478710701447, -0.0036483972383799398, -0.0038124312478779615, -0.004002695761159808, -0.004691963851737822, -0.004275979536208549, -0.006528411354689937, -0.004534818428115518, -0.007991146965344396, -0.004671703981334163, -0.008001606875180926, -0.002927782425884772, -0.006918788193650085, 2.739547190934719E-4, -0.006726404946344649, -0.0015205666588113313, -0.0033287739621248097, -0.0027382369900252595, -0.0023693691303006627 ], [ 0.008234048305593626, 0.007762252999195931, 0.008790938908919903, 0.0071520966775405065, 0.00798782686871873, 0.006766522044731409, 0.005998033797425946, 0.006142793885227757, 0.0038948960359972027, 0.004086693203406702, 0.0032561711843477137, 0.003108508868180457, 0.003858007948523063, 0.0028572988953561485, 0.0029270822801013537, 0.0018340377575643265, 0.003577296492580021, 2.8256930981214847E-4, 0.0044963095058582845, 0.0012262065945992556, -0.012786603602483106, -0.011393058685752567, -0.012396976689175094, -0.011179192774135309, -0.012087744780591034, -0.012248601204645819, -0.012697464609654565, -0.012198396033177057, -0.012633030073966883, -0.013019537401923615, -0.008875152767150278, -0.012692582200576747, -0.0049214746453643266, -0.013235121065217539, 4.076068757143431E-4, -0.010826206370442827, -0.004277236514682182, -0.006276525452854785, -0.004085215795161295, -0.005832942407423758, -0.012526070395910138, -0.012322035408333487, -0.013099712222696808, -0.011901474334380808, -0.012743558838634393, -0.011924313302771147, -0.01114418219476996, -0.011743248337667694, -0.008658942775379048, -0.010332033371433057, -0.004949018940458117, -0.008808031765592786, 9.507450115318764E-5, -0.005598539175044646, 0.007586460302766354, -0.002906161696089435, 0.004696542565645151, 0.0016890926022846947, 0.0010940325099312704, 0.002698329239397758, 0.005391261262844644, 0.0053164227650961265, 0.004063412278824565, 0.004740651727313741, 0.002585307723308094, 0.0023867699925148125, 0.001154060430203913, -1.1899658691888861E-4, -9.158783785475998E-5, -0.004216268247326817, 3.768722528691667E-4, -0.010545274534302543, -0.003379948582084522, -0.018225301943618436, -0.006165868646210451, -0.02172864082027587, -0.011153958728591292, -0.0144244795312849, -0.01288033814005494, -0.014005807371651212, 5.177252283555366E-4, 0.001763682548095498, 0.0010780656117507393, 0.002451193131427112, 0.0013202772519961062, 0.004442302815483481, 7.242935097017862E-4, 0.007788943543076117, -9.316947711226174E-4, 0.010406550916241847, -0.001016774768335178, 0.007170414036986527, 3.701469528018448E-5, 0.002429564947604939, 0.001576903630906263, 0.004203099656516631, 0.0025185743516291546, 0.00378762269594552, 0.003422323876394698, 0.0035848215654672166, 0.0014552647754166518, 0.001864608865715903, 0.0022287200351513107, 0.0022141079867332193, 0.0033881874829075017, 0.002617282163489005, 0.004168085150640895, 0.003090341175030683, 0.004345038589447542, 0.002837714759472971, 0.0035327830614247592, 0.0030262217868077183, 0.001878084934881665, 0.0031288120346081427, -7.001849113759209E-4, 0.0016408933697110149, -0.0015796464872162726, -4.979909112924558E-4, -6.541581008510486E-4, -6.580554732878279E-4, -0.0022472578710022806, -0.00237512399788984, -0.0025937405596393372, -0.0026479025816737237, -0.0029805066631666613, -0.0039027907604045503, -0.0030324195001910905, -0.006133886052192885, -0.003200057165392104, -0.007888318488335593, -0.003173474357168373, -0.008549153556819046, -0.0022485112699007098, -0.007557402625997965, 2.4331072095204654E-4, -0.006436880974852767, -0.0013401200606584854, -0.0027538649396381273, -0.0031089481223118493, -0.0016307771316889175 ], [ 0.008077996585657967, 0.00818622574250574, 0.008003705356181536, 0.008284180811211421, 0.006766522044731409, 0.008100172887954445, 0.005088842666523787, 0.007378203804252784, 0.0032960254061709586, 0.005423660134513119, 0.0030518693663437787, 0.005300665943887502, 0.0033237580988435492, 0.005351657334045085, 0.002962630922555672, 0.0046102031201641445, 0.0038982155234889063, 0.00333262796347905, 0.004455780415055132, 0.003988496455793232, -0.014472215400177712, -0.011953204801699778, -0.015643663195176606, -0.010279000974461428, -0.016278792950359652, -0.010044648902428066, -0.01718999987918403, -0.00985648657147194, -0.01741017553655463, -0.010071658449295185, -0.014528665625579522, -0.008261936699293537, -0.009322823028093136, -0.010196448508308188, -9.180507440475244E-4, -0.007544745590788226, -0.007004427334684957, -0.004004067549939157, -0.005133125900961353, -0.005093223304818471, -0.012473467293955993, -0.01273212169597486, -0.013259908706600954, -0.011808923624003334, -0.013072103199624065, -0.011419816450475077, -0.011847007869965686, -0.011054158365102634, -0.009861003721151973, -0.009776922486281502, -0.006880290809324735, -0.008908079562035234, -7.766343980808261E-4, -0.0065495449048672254, 0.007774354013770691, -0.003976295489693931, 0.0038415749310734206, 0.0011744708739545296, 9.525419845788027E-4, 0.0014952540489348723, 0.003952522787710836, 0.005273050361061537, 0.001985827961468701, 0.004932405350812811, 6.283442464015921E-4, 0.002515915223015226, -7.899097933801627E-4, -6.815512804319418E-5, -0.0018447923505209934, -0.003809379480302597, -0.0024147551089980716, -0.009805203801065924, -0.006185747472858436, -0.0195139947622936, -0.007856066317368241, -0.02334039588261673, -0.013780558601142863, -0.01683768747258885, -0.015166520255238777, -0.016510625698449716, -9.924133777737935E-4, 2.6999239249542E-4, -9.681339950666703E-4, 0.0016705753853192284, -0.00113918380638158, 0.00407679341878656, -0.001575376522551452, 0.006874994084255545, -0.0029540262968115833, 0.009246887277631524, -0.0027272837733168043, 0.005752727347226984, -9.366932457594065E-4, 0.0022138610573839692, 0.0020116851451817625, 0.0050630974197503845, 0.002939023461550373, 0.004941610807488499, 0.00393088574797116, 0.004666473989306356, 0.0019919147735954316, 0.0022393938247163557, 0.0022275026443067166, 0.0029773480206869815, 0.00310601203662829, 0.0038768377145013393, 0.003754963535831701, 0.004619292186847117, 0.003962183549842937, 0.004801831020023626, 0.003431209368635838, 0.00573485944771039, 0.0016010815881128836, 0.006105051324048356, -0.0010850277744428656, 0.0045547353778089255, -0.002482718595422409, 9.958403973634351E-4, -7.471049917830365E-4, 6.1003863513287146E-5, -0.004309006262967933, -0.0047741689129663445, -0.004533417506352186, -0.004796501771098026, -0.004997853672247793, -0.005698695288455787, -0.005317121021263506, -0.007382694383355332, -0.005606484450482649, -0.008663036638400002, -0.00560141151860951, -0.008409997543603477, -0.003468032217862057, -0.007045653009413868, -4.101939595447168E-5, -0.006776737200933598, -0.001626422904351718, -0.003376164087545131, -0.0028903843756732184, -0.0024617766941191633 ], [ 0.006312046968400981, 0.005914220623938363, 0.006661105431765342, 0.005513283900701103, 0.005998033797425946, 0.005088842666523787, 0.004895099618777201, 0.004396364864474762, 0.0034341333178741374, 0.002592860477084057, 0.003036189953708621, 0.0016938846933284625, 0.0032938774808539285, 0.0015511378450686559, 0.0023172467931152387, 9.056863367397273E-4, 0.0031937174025314192, 2.8236762318389593E-4, 0.0033184141993963853, 0.0011957967136717814, -0.009175316743064842, -0.00811979878887806, -0.008749619892605802, -0.008518944517649877, -0.008589559969297923, -0.009395236814086095, -0.009417954559084871, -0.009076667658736893, -0.009541520426101006, -0.009703652254117562, -0.006784214332389864, -0.009644213387090797, -0.003519814407870119, -0.01051108892322608, 7.057416442061417E-4, -0.008373625925403423, -0.0030161370200074934, -0.005153572802627631, -0.002755224686363523, -0.004454600028693385, -0.009501810608046543, -0.009496634446328343, -0.009672499227314765, -0.009370151673716434, -0.00935539752563101, -0.009421744079295495, -0.008513459602096924, -0.009140113286588418, -0.006719140330014021, -0.007947058479735019, -0.003756773762109888, -0.00702472607792446, -2.1525202608792043E-5, -0.004507975057243764, 0.005662374196968881, -0.002198671604778717, 0.00300093898249523, 0.0012563962816925416, 5.154695888276988E-4, 0.002021303153316055, 0.004043192334334583, 0.004242478189048857, 0.003012174184753067, 0.0038161409282435033, 0.002143803802235532, 0.0020844017184265175, 0.0014382362805957422, 1.299376084451044E-4, 4.824733307306912E-4, -0.0031284368684699315, 7.883931909999936E-4, -0.007326256387168722, -0.0020865085563272472, -0.01335112528445459, -0.004219150441481913, -0.01565051725922346, -0.008084007655809295, -0.010777108408319183, -0.009090204824491448, -0.010376744075393, 9.049672854828691E-4, 0.0014374768003017312, 0.0013191015326959458, 0.001859098451214553, 0.001344620144112679, 0.0032791390563806097, 3.776670174160399E-4, 0.006043746529502172, -0.0012440957119807707, 0.008042252671412668, -0.0012673798645081438, 0.00536429173618603, -2.4545324022973527E-4, 0.001462411342254587, 0.001218194752959665, 0.0026756064521854545, 0.002132647445066336, 0.002540350910572748, 0.0026159958716742136, 0.0026058158732550595, 0.001241547525726317, 0.0013900412303253305, 0.0018557302261494784, 0.0014200900138325256, 0.002555854631402207, 0.0016977756904831074, 0.002823942698924552, 0.002224472148015099, 0.002801925062622975, 0.0022133883477279447, 0.0021348996817265086, 0.0024060439269616377, 0.0011695951082402547, 0.0025751702804381834, -8.801692150570892E-4, 0.001800281388179613, -0.001787531757453928, -3.2717153479400304E-4, -8.194945691030015E-4, -7.556476917494925E-4, -0.0015759547173485626, -0.0018026419365073142, -0.0016800222689097892, -0.0021175551077849937, -0.0018076977788654956, -0.003078447341973215, -0.0017736251856763179, -0.004867361028665366, -0.0019499842878914842, -0.006076367469810415, -0.002120574965362907, -0.006693826111917241, -0.0014742242557011372, -0.006133512293643912, 3.3054722355704445E-4, -0.005008780194893981, -0.0012408029972047624, -0.0023484059200571386, -0.002447184521181264, -0.0014822092764828095 ], [ 0.007068882984662818, 0.0074352204719429875, 0.00714705882993152, 0.007398501276420108, 0.006142793885227757, 0.007378203804252784, 0.004396364864474762, 0.007197879764210863, 0.0027954576724291786, 0.005870431460413324, 0.002853857668747936, 0.006141334936958481, 0.0037901598127630543, 0.006111534395526008, 0.0038521365886475195, 0.005656330609358511, 0.004880920590491396, 0.004190454990823033, 0.005377347972881719, 0.004841689381910515, -0.016336787116719834, -0.013930962507403786, -0.017341969273865405, -0.012185869231746728, -0.017766034583094684, -0.011903593881134268, -0.01843342824077964, -0.011659426958921349, -0.018744042286697526, -0.0112574820539371, -0.016092435142060907, -0.009221197101998483, -0.010729385843052728, -0.010867122505507448, -0.003107380832110259, -0.007529862099406785, -0.008583129560398804, -0.004227927359698796, -0.006907642799618712, -0.005541070784920946, -0.01122970951714823, -0.011900779874315202, -0.012239713995532073, -0.01088501157650617, -0.012367388636964476, -0.01052006925692786, -0.01123409528943889, -0.010502803529872134, -0.009875740289230552, -0.009557295050194077, -0.007934395593289324, -0.00911506024256119, -0.0021881845911127943, -0.007326152338527309, 0.005965201133526713, -0.004892783295075822, 0.0020935341536781945, 2.8900494633166563E-6, -7.620112080448313E-4, 3.066288897686398E-4, 0.0032665686578535673, 0.0035590922151274348, 0.001292190764319773, 0.003113891351217319, -5.061749873940745E-4, 7.40626232624117E-4, -0.0019041164339119935, -0.001965950434145513, -0.0024604919752414627, -0.005744447958663674, -0.003035141019709326, -0.011956246468837861, -0.0075534446315564455, -0.02101894566607206, -0.009735102968800525, -0.02396987519602339, -0.015385019503961836, -0.017514016784228807, -0.016862783966863387, -0.01730736546499536, -0.0036851219804680743, -0.0020077954406618175, -0.0034164453325936884, -5.29462536601636E-4, -0.00318335698010936, 0.001982516684448871, -0.0035111824146993767, 0.00482199868237421, -0.005007765374727956, 0.00762040357979386, -0.004551940998821485, 0.004926368556902876, -0.0018219445959674714, 0.0021238267814684252, 0.0016131458461240342, 0.005043165785418344, 0.002573068507614351, 0.004981853706607215, 0.0036243632405368407, 0.004582356497201413, 0.0015494353467103577, 0.0021566483063364186, 0.0019241409005737878, 0.003022009890483005, 0.0032004150188587525, 0.004012609523303703, 0.0042147529412856245, 0.004924898876029361, 0.004645227705463188, 0.005446784035862818, 0.00435052786621974, 0.006398693784380989, 0.0022767729332767955, 0.006515255798438469, -7.872902094859828E-4, 0.004435669321782035, -0.0019939526232855376, 0.0010460674463634821, -4.477056187886066E-4, 2.651228334914533E-4, -0.006330706189651819, -0.007097584412961991, -0.006668117273060615, -0.007051011426617881, -0.0073925578709625695, -0.007954447685119652, -0.007551647207749903, -0.009504414848788962, -0.007390492432701879, -0.010507053652085718, -0.006867480536469085, -0.009663488528472826, -0.00446457711298769, -0.007646940108169221, -8.553314286903586E-4, -0.00697191309123594, -0.002252155897678105, -0.0035761888480855637, -0.0034666323099862995, -0.002803175691282149 ], [ 0.004178333950897735, 0.0038268546345162015, 0.004398717479092628, 0.003555881850558408, 0.0038948960359972027, 0.0032960254061709586, 0.0034341333178741374, 0.0027954576724291786, 0.0029327996540141838, 0.0017743652725047063, 0.0031887873201104835, 0.0012148870904730251, 0.003622016518325568, 0.0013313889868031882, 0.0031912876923466476, 0.0014777394706556057, 0.0038766434652629106, 0.001318660624056613, 0.0034416938230801084, 0.0021967345917573715, -0.009195048011777014, -0.008286704849339525, -0.009068191849634748, -0.008645875494389808, -0.008663222755119165, -0.009394645574240811, -0.00909459815588451, -0.00889656144037168, -0.009134450006783913, -0.008790323151392073, -0.007369492920230383, -0.008622104819492719, -0.004724336756547809, -0.009799684466895034, -9.03969437409232E-4, -0.00775657791621759, -0.003649615484982013, -0.005067822616124671, -0.0035938829612638303, -0.004461152709085259, -0.006549437359794144, -0.006768396964446381, -0.006526738995241218, -0.006953897859278751, -0.006422171554973342, -0.007113649298579425, -0.006230856151626294, -0.006889197181279258, -0.005432805739544369, -0.006154748931911137, -0.0038764189273044914, -0.006097845695561925, -0.0015423314533571475, -0.004763858293103459, 0.002373393732524048, -0.003307716328694191, 6.880048327923668E-4, -9.177383846680545E-4, -0.0013413176874974202, -1.0902296729455214E-4, 0.002589327233724524, 0.0022081203495157497, 0.0018102399061478576, 0.0015569098275790556, 0.001037933654189332, -3.094099860382745E-4, 1.560612511212734E-4, -0.001834916097381812, -0.0014448979885322046, -0.004008654688135091, -0.0018718885600157334, -0.006759237470992599, -0.004167033023740832, -0.01134875478686091, -0.00540655805098344, -0.012752629954563484, -0.00849694424563866, -0.009177852790276284, -0.00886284765708705, -0.009161155422807528, -0.0018252779141355788, -0.001343599042513969, -0.001477536445220014, -5.372290713314909E-4, -0.0013017153235148995, 0.0010785527578566349, -0.001764265120037323, 0.003106116583404563, -0.002104995385280387, 0.004677101366974473, -0.0019911867689061153, 0.0032226717971657894, -5.560673397412109E-4, 6.720127013494279E-4, 0.00122588081417213, 0.0015643848279940072, 0.0019628990440123924, 0.0017311427743487784, 0.0021246466229078737, 0.0019408626844193435, 5.471274158690323E-4, 9.797389412434694E-4, 0.0010517777967691544, 0.0013746648563864082, 0.0019220946151636937, 0.0018763731409365903, 0.0024572583844448257, 0.0024873330753419263, 0.002600145826374816, 0.0026507341564820227, 0.002002187790998011, 0.002650708420465027, 9.152498314684256E-4, 0.00233941341462428, -0.0012502969296356845, 0.0015014976803145112, -0.0020528865239267096, -4.2002815504431845E-4, -0.0011834642204684121, -9.324272048636003E-4, -0.0036145648533840533, -0.003983582246985777, -0.003529561353803656, -0.004569540041092484, -0.003645905415128853, -0.00543668192569224, -0.003732588380837627, -0.006617105261567485, -0.00410781458208423, -0.007097638366988004, -0.003799388733345317, -0.0069612108454420495, -0.0026199367372212777, -0.005788030810207914, -6.410391262960247E-4, -0.0043788482514354795, -0.001578434043360455, -0.002468439911129535, -0.002459884055008519, -0.0018898149102341832 ], [ 0.004607012866148911, 0.005155138738962515, 0.0047402918682315776, 0.00514409897090899, 0.004086693203406702, 0.005423660134513119, 0.002592860477084057, 0.005870431460413324, 0.0017743652725047063, 0.005785679486716657, 0.0023966398694182075, 0.006686584945809262, 0.004121253662051517, 0.006516405834024113, 0.005158045300210301, 0.006775593090759291, 0.005952982058966938, 0.0052985925074734465, 0.006120494049745287, 0.005850449879430517, -0.01755928593368687, -0.015333262965279615, -0.018630467432956405, -0.013225484628390552, -0.018437395707180778, -0.012876836591520913, -0.018267661032842955, -0.012747589647355007, -0.01850376025747908, -0.01133448603101889, -0.016936227109324478, -0.008688744165539313, -0.012097985780927741, -0.010577003594327193, -0.0053258768608759255, -0.0072274926071757535, -0.009529932525961094, -0.004357863189438531, -0.008442112778445069, -0.0058321148194611675, -0.008027760574308094, -0.00892070930911647, -0.009098832551380127, -0.008058856651826025, -0.009486940973537845, -0.00785742519009801, -0.008584206105471597, -0.008328499036478523, -0.008254800944434369, -0.008130085502846227, -0.008132663744830114, -0.008326472291327497, -0.003874709466195712, -0.00786576456283939, 0.002588458531983485, -0.006504623218376736, -3.5049833052920153E-4, -0.0025805412523642267, -0.00287442724593236, -0.002085282059934341, 0.001476310174590187, 8.088403008818088E-4, -3.01218572383691E-4, 6.221468560708022E-5, -0.0022513576035833828, -0.0024154737230388224, -0.0038825407555201697, -0.00480993385058962, -0.004573548190631892, -0.007587552716436322, -0.00570892286405433, -0.012827062132684704, -0.010108501845474474, -0.02042056087355522, -0.01197191034474595, -0.022299888318365425, -0.016665199363420265, -0.016505078319882023, -0.0178966473130938, -0.01681077919877216, -0.0077560985326716216, -0.005692856300457663, -0.00726475886035265, -0.003854236263640372, -0.006505851573330712, -0.0011246789553149934, -0.005988423854916563, 9.825238956928917E-4, -0.006350919200668878, 0.0035502776980449718, -0.005571298231751428, 0.0024023985202868345, -0.0020508700671374837, 0.001208627239887521, 0.0017409694755197828, 0.004095094634201952, 0.0023557711108981093, 0.004303993599463205, 0.0031702767666715614, 0.00396399960061, 6.816344298288973E-4, 0.0017181052487051998, 0.0010875330448984785, 0.0031168024166337072, 0.002849972914865786, 0.004329064491111417, 0.004448885051336951, 0.005289143829953608, 0.005158122809886711, 0.006106852504555928, 0.004984161448881677, 0.006910011380837619, 0.002557610732254767, 0.006524912400993273, -6.54261117848168E-4, 0.0038308959546694277, -0.0014366388893312628, 9.959956881419978E-4, -2.3148352696269428E-4, 4.736769597320457E-4, -0.009207324960216813, -0.010135385159949906, -0.009557863004567017, -0.010202893565995581, -0.010459370208253948, -0.011010285729560459, -0.01059759580658118, -0.011922982331413897, -0.010217585078121219, -0.012183754083153787, -0.008876431606036694, -0.010087901037347378, -0.00598878776749353, -0.007043297923060882, -0.002148654915491921, -0.006357942624598014, -0.002715943506943971, -0.0036126140902159806, -0.0036668378976865133, -0.0031270770028794534 ], [ 0.0036154616567432617, 0.003460428041369295, 0.003728686342678125, 0.0032196214033450264, 0.0032561711843477137, 0.0030518693663437787, 0.003036189953708621, 0.002853857668747936, 0.0031887873201104835, 0.0023966398694182075, 0.004609071419397929, 0.0021704579149851083, 0.005913851421083185, 0.0032657618869896795, 0.0057447020125133185, 0.004219262182569234, 0.006936268974488026, 0.004274313802190245, 0.00578734627214531, 0.005373515677825808, -0.014775230669612605, -0.013444204887886549, -0.014846164320358783, -0.013753585658842285, -0.013926266698958927, -0.01418258291847077, -0.014299675341581056, -0.013115829596357209, -0.014662800649580403, -0.011584824007610354, -0.013377479867554052, -0.011227237627079485, -0.009533367739781853, -0.011583040000007434, -0.005481246633025431, -0.008459418580042842, -0.007821644806720096, -0.0062541800795290325, -0.007064212026314876, -0.006384745121047421, -0.006171391934386131, -0.007050810524343352, -0.0060737282765572585, -0.007428604859115115, -0.006218726972690826, -0.007491196125999514, -0.0066220042037732005, -0.007241642866016725, -0.0069342930406267045, -0.00649531210306428, -0.007103278913867611, -0.0075744354058701925, -0.005083498249122064, -0.006865934012317326, -0.0016262067608281004, -0.005570856879211993, -0.003132043806690462, -0.0035304405925006494, -0.004956149439898659, -0.0030397405987221604, 0.0015297607717430794, 1.8781804663185636E-4, 3.205114436478445E-4, -9.334971744456063E-4, -9.706360761086285E-4, -0.0034930090954872362, -0.002689418036976262, -0.005121440982767112, -0.005016941894072997, -0.007517233650284184, -0.0061213523215717614, -0.0111716049566951, -0.009255818581262294, -0.015343225264747535, -0.01095811469789849, -0.016326500254043263, -0.013977443626765583, -0.013151008816463835, -0.013742994813264254, -0.013495546991354763, -0.00682839183753057, -0.0061075140752838136, -0.006149215013046922, -0.004705406874139569, -0.005320106835794881, -0.0023396370991509707, -0.005384660991911502, -1.1823761615455553E-4, -0.005208693898327668, 0.0027565751363300547, -0.005527493043866157, 0.0024226239624494847, -0.0022231100739862233, 7.518758051888698E-4, 0.0010519098345728346, 0.0018373896596101725, 0.0021538893723384188, 0.002345608941263672, 0.002311264733640092, 0.0024311623693941808, 2.0693057725504208E-4, 0.0011685552749919888, 8.554988345443912E-4, 0.002024267035629416, 0.0024223379965736063, 0.0031316623528579502, 0.0035959194967295992, 0.0042360523739323665, 0.004145317485929868, 0.005003300530562341, 0.003655135285236682, 0.005112463668141667, 0.0017131065212841448, 0.004109528144025544, -0.0017348757802780126, 0.0025570162587050826, -0.002952359903079115, -9.637632164988621E-5, -0.0017448618772217253, -9.761920742212802E-4, -0.008776944403880844, -0.009658691104478274, -0.008609405172953586, -0.010484860025199603, -0.009114837826033432, -0.011371407464589776, -0.009501519497848405, -0.012195368906588872, -0.009925736114342242, -0.012335386882636579, -0.008327609246629526, -0.01113567447476884, -0.005915920413374454, -0.008214315453127789, -0.00285721680714962, -0.005688298136994064, -0.0034084663987760493, -0.003780241732828311, -0.003961803654954592, -0.003486877917096465 ], [ 0.0037227738340042836, 0.0045894000877869535, 0.00373534673333312, 0.004730143095590068, 0.003108508868180457, 0.005300665943887502, 0.0016938846933284625, 0.006141334936958481, 0.0012148870904730251, 0.006686584945809262, 0.0021704579149851083, 0.008441412654480956, 0.004345989621741309, 0.008044662947483612, 0.005965158695098612, 0.00886134500216395, 0.006847864305273246, 0.007137064744769725, 0.006928504050105581, 0.0074862858573058345, -0.019796038807336845, -0.017535846437395745, -0.02154779915680803, -0.014435430962485122, -0.021694380345493598, -0.013390313639504065, -0.02137975871250619, -0.013055785709538272, -0.021749717503963994, -0.011159438057246361, -0.02044894106240703, -0.007770941710886164, -0.014725237837221959, -0.010668345605523943, -0.007906556132055313, -0.006008024872826692, -0.01239414547888162, -0.0035725756479437405, -0.01089559819828341, -0.0059497501941144695, -0.006954096677727034, -0.008458984720571343, -0.008303820060974304, -0.007206021515260924, -0.009265652598082071, -0.006761989822450175, -0.008720502749091367, -0.007326695706061031, -0.009056652345861279, -0.007712954338693468, -0.009649402713343868, -0.00913698882475724, -0.005037784457613589, -0.009379454173767215, 0.001032758728080815, -0.007877320016261824, -0.0023007830750749435, -0.003952245824789605, -0.004706768579299604, -0.0035576912684611587, 5.958884170366653E-4, -4.250493899786587E-4, -0.0013962297346017337, -0.0013799391659972827, -0.003696795102006373, -0.004104569513215151, -0.005484917811224729, -0.006531795595034451, -0.006225584808257597, -0.009030966112359231, -0.007871204140858137, -0.013778396477397625, -0.012519359618358749, -0.022031577089886456, -0.014813800118865583, -0.02258444154596296, -0.020015006861505216, -0.01717949592026508, -0.020820338405839134, -0.01811085972750709, -0.010807478437007342, -0.008213847350551836, -0.010436860914486987, -0.005627953094194295, -0.009579465123489124, -0.0021944627483148115, -0.00861168525805775, -4.