{
  "weights" : [ 0.11495496081067719, 0.1072784706456161, 0.10025096540797591, 0.08985926914653218, 0.07941060302973728, 0.06613602387093562, 0.05643286873629808, 0.03782691922787908, 0.03488512233970687, 0.024786169254408484, 0.026711348161267776, 0.019692498103139274, 0.025584332291826783, 0.019804594744900608, 0.01793444136119439, 0.01180219383397552, 0.006108538240082704, 0.003909189193929004, 2.1836631629330603E-4, 0.0028666780627069305, -0.03217853747264684, -0.03588146841884253, -0.041329072518905954, -0.04886326434634719, -0.05600381131370471, -0.06454760667782405, -0.07421366387268183, -0.07839441090319499, -0.08089948470666189, -0.07788655404777968, -0.07162011867659478, -0.0662630218023518, -0.06181963146864645, -0.05237879321277167, -0.050745955692231344, -0.043755743219395585, -0.041231621768505616, -0.03824178048989425, -0.03703640317688119, -0.036757971377046644, 0.9895932011546417, 0.9911000152814327, 0.9904682678672408, 0.9894729723802959, 0.986019498858284, 0.9841117541181719, 0.9802729862972274, 0.9773777789462542, 0.9721214562272931, 0.9672786749286363, 0.9568603589227869, 0.9467656974182497, 0.9352346264115331, 0.9253830275333071, 0.9162950159921702, 0.9074961076418807, 0.8997413989426044, 0.8963999478954844, 0.8930460362288559, 0.8990282167044712, 0.06227366097735994, 0.06271950702047033, 0.05778489124491301, 0.05557294173874114, 0.06206622066776033, 0.07824127109311438, 0.10408346361147633, 0.13336033689981197, 0.16457857249843869, 0.20165888256900885, 0.24533245033817364, 0.2861533401569362, 0.3215929788406609, 0.3490642417595293, 0.3727984344362024, 0.39316167252206685, 0.4088794418632007, 0.41435727873404804, 0.42189268383066264, 0.4089987418379201 ],
  "covariance" : [ [ 1.928130290439705E-4, 1.082570181342006E-4, 2.0181524664047258E-4, 1.267348718615907E-4, 2.1331727612487462E-4, 1.5876747689416544E-4, 2.4403527470570136E-4, 1.670924894874619E-4, 2.712127346343123E-4, 2.1122409410610142E-4, 1.9485749265551718E-4, 1.721719644394998E-4, 1.1899136189027675E-4, 1.4043501644311717E-4, 6.566096592529333E-5, 1.275016802493483E-4, 6.175753469227399E-5, 1.101705818719761E-4, 8.196445914978692E-5, 8.037462992139128E-5, 2.0618093031721696E-4, 2.400174730541714E-4, 2.5259372073851787E-4, 2.846457041527122E-4, 3.373814165631524E-4, 3.481680399679049E-4, 4.0884082309769633E-4, 4.047987508560416E-4, 4.702640708619866E-4, 3.965125391276988E-4, 4.970091356437143E-4, 4.197824622313613E-4, 3.670633113444995E-4, 4.3827555952098143E-4, 3.5766469859569084E-4, 4.160210259623968E-4, 3.790055168706797E-4, 4.2848686116375484E-4, 3.8630333952958327E-4, 4.206347700401684E-4, -2.0083943338516972E-5, -5.54021154424411E-6, -4.039132575892702E-6, 2.220488933589947E-6, 2.2098679515594872E-5, 1.8369110574226485E-5, 4.1254350685491946E-5, 1.736989165240746E-5, 1.79092397735747E-5, -2.0418664355533206E-5, -3.963198058963172E-5, -6.482053181803112E-5, -9.619124095996325E-5, -1.1571063007296528E-4, -1.481979712430171E-4, -1.9032347389059322E-4, -2.121736561741429E-4, -2.3161056381078038E-4, -2.2889425019091358E-4, -2.4038683520396256E-4, 1.2899317536324255E-4, 9.669616498007863E-5, -2.8651651102773853E-5, -3.0120967408548044E-5, -1.062120162303307E-4, 3.729666808586196E-5, -4.1089291181624926E-5, 2.1565889228437958E-4, 1.5807887593543055E-4, 3.4293396431733694E-4, 2.9224509859040397E-4, 3.6441597219456936E-4, 3.7624465453509455E-4, 4.029183427134029E-4, 4.3938273038764033E-4, 4.902272498910638E-4, 5.043541299698465E-4, 5.292003042373921E-4, 4.977584705728507E-4, 5.32923639261426E-4 ], [ 1.082570181342006E-4, 3.126663873670501E-4, 2.3878447646861347E-4, 4.2372190366375006E-4, 4.2278871677495526E-4, 5.219793542495834E-4, 5.646167246590167E-4, 5.969081363207499E-4, 6.351149888999989E-4, 4.734100785816637E-4, 4.8659354553934634E-4, 3.8818432745006735E-4, 3.224025524042834E-4, 2.1334726137111257E-4, 2.0156746926996814E-4, 1.92555522136732E-4, 2.0399137079046766E-4, 1.750494942569639E-4, 1.899452612997081E-4, 1.5234172649218673E-4, 1.432903190378266E-4, 2.1018751747693204E-4, 2.458606313245916E-4, 3.9419573576469506E-4, 4.62390490901024E-4, 5.57797686061876E-4, 6.517483470321608E-4, 6.776077337086762E-4, 7.163744932205454E-4, 6.519474186099967E-4, 6.871968428743578E-4, 5.929665567420673E-4, 4.8270350995894336E-4, 4.824512709055061E-4, 4.0189639439275815E-4, 3.96931619497704E-4, 3.3559010896782254E-4, 3.615006323767053E-4, 3.34500209340939E-4, 3.598216559903765E-4, -4.809755833611413E-6, -1.3776424522501403E-5, 2.4051273702637964E-5, 3.7422588318178694E-5, 9.725324339300291E-5, 1.063584260795497E-4, 1.5615890898119616E-4, 1.4799330583280108E-4, 1.5454324258442785E-4, 1.0290217456527676E-4, 1.2634550444303073E-4, 8.149689229740971E-5, 8.0654329208284E-5, 3.441233730603329E-5, 3.4638608461695893E-5, -1.984516588166423E-5, 7.340593771876166E-6, -3.4924100140979676E-5, -2.9145037392961465E-5, -5.8843870528369454E-5, -3.811919823983714E-5, -1.253780591090193E-4, -4.324396354699646E-4, -6.11636206717675E-4, -8.581059070185594E-4, -7.674706241350043E-4, -7.54867732087994E-4, -5.249622955014715E-4, -4.216139114086301E-4, -1.8150209380986683E-4, -2.3717170945888023E-4, -4.508386633619197E-5, -1.0207647021825191E-4, 6.855286767361734E-5, 1.6105900815641965E-5, 1.6536668505444296E-4, 7.838486080126417E-5, 1.7975890024796254E-4, 1.518957763027875E-4, 2.1224783949514158E-4 ], [ 2.0181524664047258E-4, 2.3878447646861347E-4, 6.667378777863188E-4, 5.289502103232299E-4, 0.0010273838508004951, 7.896238054870034E-4, 0.001201515585850566, 9.934095400718644E-4, 0.001252339199443986, 8.66239030326002E-4, 9.193067730850341E-4, 5.898647340198194E-4, 4.975643327899926E-4, 3.6781906429282266E-4, 3.2648751146160216E-4, 3.1666926883998765E-4, 3.8945665228648816E-4, 2.808319598926154E-4, 3.427944477887069E-4, 2.4813729875360096E-4, 1.4038038955121264E-4, 2.2602081592592132E-4, 3.848229942349486E-4, 6.421009330794463E-4, 8.567469807662529E-4, 0.0010651508386976274, 0.001274928166588782, 0.0014288284039275282, 0.0015554843958829883, 0.0014575331189148253, 0.0014239553447769004, 0.0013045396335397902, 0.001076337764527225, 0.001035899456008793, 8.563673665494688E-4, 8.362751991235365E-4, 6.991106665660896E-4, 7.326864295184572E-4, 6.635333135696982E-4, 7.14543934523907E-4, -1.678542155919015E-5, -8.714464289602463E-6, 2.2838214301988987E-5, 9.091852342113681E-5, 1.8057325680281643E-4, 2.4884193123556563E-4, 3.2139349724618103E-4, 3.348689614490456E-4, 3.2303193189128044E-4, 2.499975938425495E-4, 2.425929875673896E-4, 1.805879790222338E-4, 1.7948240443161741E-4, 1.1545118308397101E-4, 1.2402725344276148E-4, 2.2061938466495796E-5, 4.383950793358213E-5, -2.594802477903107E-5, -4.1301363726279E-5, -8.417546699243136E-5, 3.2883217764958515E-5, -2.1667022674134138E-4, -8.621700526993487E-4, -0.0013141139065477908, -0.0018412762054928976, -0.0017243983752651035, -0.0017942728367265747, -0.0012325761784619934, -9.731812645693758E-4, -4.976405282775966E-4, -5.245682839787926E-4, -2.4523287485556897E-4, -2.7827181669762264E-4, -9.309247387498008E-5, -1.460645454622618E-4, 6.449969207806255E-5, -1.1487622003967856E-5, 1.2972130526511287E-4, 1.2694744467553316E-4, 1.981833483276875E-4 ], [ 1.267348718615907E-4, 4.2372190366375006E-4, 5.289502103232299E-4, 9.054952168052902E-4, 0.0010104054286696404, 0.0012281149803882523, 0.0013269087349043092, 0.0014875003711417533, 0.0014601839222109139, 0.0012000358450893465, 0.001158058006625489, 9.209210056113114E-4, 7.192986667942409E-4, 5.17484928534169E-4, 4.952576493520817E-4, 4.621093157423068E-4, 5.572729927235436E-4, 4.138479191346721E-4, 4.968213214850487E-4, 3.905648704296728E-4, 1.2106717217778929E-4, 2.0024672426796755E-4, 3.8267861115163414E-4, 7.355737196443758E-4, 9.87358321308529E-4, 0.0011975970231706866, 0.0014870515259218396, 0.0015741556373010737, 0.0017489525848908359, 0.0015951060127547638, 0.0015666357485547716, 0.001361857532747765, 0.0011471351158323703, 0.0010323717604489504, 8.514164913079915E-4, 7.702176967714124E-4, 5.907332894903814E-4, 6.271472283730943E-4, 5.651647562073272E-4, 6.099655483737699E-4, -7.537520433962519E-6, -7.879387723322656E-6, 4.444186556696721E-5, 1.1647048943938416E-4, 2.343209477653796E-4, 3.123373050829883E-4, 3.9692338307076216E-4, 4.3115879139250313E-4, 4.2701651206494406E-4, 3.302662145974E-4, 3.460798667351423E-4, 2.663952321885463E-4, 2.7574165778697466E-4, 1.923239855445013E-4, 2.1811540157646767E-4, 1.3780074743389867E-4, 1.8819186624000975E-4, 1.371184579193705E-4, 1.1567320756238728E-4, 7.994131194490579E-5, -7.419796558285958E-5, -3.8524658888243387E-4, -0.001064985876611646, -0.0017601903077541492, -0.0023278466832729796, -0.0024011484321967225, -0.0022350934262026596, -0.0018504800882761022, -0.0013417234189936165, -8.768859008155102E-4, -8.281747664946736E-4, -4.8529642599024083E-4, -5.401581510449454E-4, -2.731610270081286E-4, -3.5783524550405614E-4, -1.6234745430794093E-4, -2.581255493625751E-4, -1.4276318950579188E-4, -1.072479836617837E-4, -6.021290637516545E-5 ], [ 2.1331727612487462E-4, 4.2278871677495526E-4, 0.0010273838508004951, 0.0010104054286696404, 0.0018824190422393448, 0.0014940249948704033, 0.002241260166711195, 0.0019305077867904311, 0.0023395524034215175, 0.0016168507585531578, 0.0017109197858693691, 0.0011475558499225865, 9.16838111635927E-4, 6.992438238737882E-4, 6.329189722965925E-4, 6.023651893733698E-4, 7.815117356901283E-4, 5.295196322277721E-4, 6.846623038714299E-4, 4.978054273081684E-4, 8.990733979110922E-5, 2.234747283983706E-4, 5.144902756969375E-4, 0.0010167339931364218, 0.0013738979455608339, 0.001781307850968419, 0.002133539948587368, 0.0024117488382581673, 0.002589567546845508, 0.002436266158902676, 0.0023101485280290377, 0.0021102323560604993, 0.0017427765871107462, 0.0016028817145916114, 0.0013325780079755651, 0.001236829944503532, 9.670853600699036E-4, 0.0010189079032682095, 9.004900113634817E-4, 9.803625516005556E-4, -1.0007414530219784E-5, -1.5264353771326186E-5, 6.60533331040868E-5, 1.8429663284271126E-4, 3.4690632076315157E-4, 5.012083678889715E-4, 6.151068812228158E-4, 6.91930443414259E-4, 6.72945091727713E-4, 5.851547052832167E-4, 5.802421527513901E-4, 4.978472867239147E-4, 5.107239057093617E-4, 3.983716104861523E-4, 4.710411857916226E-4, 2.846070710994924E-4, 3.7442452322610756E-4, 2.6465064526593645E-4, 2.2958077082795562E-4, 1.7048302414281584E-4, -1.1909037714150582E-4, -5.110255787464867E-4, -0.0017650429413585272, -0.0026435952814481143, -0.0036699893685956434, -0.0036173603744449876, -0.0036502270888502724, -0.0029219381189704405, -0.002307390297740501, -0.001626438131605113, -0.0015295788360467591, -0.0010878220705228267, -0.0011040942220887965, -7.561868215616152E-4, -8.9835855482605E-4, -5.055322285001774E-4, -6.845021832355938E-4, -4.6373157344291305E-4, -4.337832986538925E-4, -3.498047116190716E-4 ], [ 1.5876747689416544E-4, 5.219793542495834E-4, 7.896238054870034E-4, 0.0012281149803882523, 0.0014940249948704033, 0.0018740891468882268, 0.0019693566429806195, 0.0023565486707680947, 0.002196719257931132, 0.001948443093028949, 0.0017789844760515978, 0.0014932637480116603, 0.001140713622340412, 9.339376641372742E-4, 7.991517321415361E-4, 8.22186322149524E-4, 9.084626033089644E-4, 7.804713684871933E-4, 8.403810235058033E-4, 7.322578429849234E-4, 6.173321131954461E-5, 1.6907358053725732E-4, 4.465731806261054E-4, 9.607128440165362E-4, 0.0013529426566939334, 0.0016327022791524468, 0.002111361670617919, 0.0021768203041575736, 0.0025002487224377655, 0.002223403595707524, 0.002164805290325305, 0.0018378365551876452, 0.0015261755412299286, 0.0012845307896066655, 0.001077291463858703, 8.823330952797218E-4, 6.59566137310899E-4, 6.628595069723773E-4, 5.986896914848707E-4, 6.433332369413517E-4, -1.056809236528428E-5, -7.558655386860441E-6, 5.6306779772005246E-5, 1.8476528870292995E-4, 3.3496222536893506E-4, 4.666085250068429E-4, 5.927141926169251E-4, 6.605114261760675E-4, 6.565299844119767E-4, 5.54859432661914E-4, 5.458552164666648E-4, 4.820862535186152E-4, 4.624899767655956E-4, 3.846159382281633E-4, 4.0730519709028366E-4, 3.2796751334193566E-4, 4.090452002930246E-4, 3.440472244022297E-4, 3.3259667222986693E-4, 2.622025918527762E-4, -1.4316960859720327E-4, -5.758048209400003E-4, -0.0015540757471289115, -0.0026808428552841427, -0.003406864443433593, -0.003702770979547334, -0.0034599877369359466, -0.0029906042043225064, -0.002176229683501853, -0.0016262275166144095, -0.0014030075576314319, -0.0010500749144895386, -9.8032138112654E-4, -7.126870126245622E-4, -7.495305833374876E-4, -5.644217553666441E-4, -6.842004262141943E-4, -5.581376535223018E-4, -5.290610108074432E-4, -4.493823744560678E-4 ], [ 2.4403527470570136E-4, 5.646167246590167E-4, 0.001201515585850566, 0.0013269087349043092, 0.002241260166711195, 0.0019693566429806195, 0.0028901679314667613, 0.0025646720902535868, 0.003068373126481183, 0.002207499626686064, 0.002349188655037143, 0.0016429238463875641, 0.0013740680704998232, 0.0010484151763678212, 9.955009620703586E-4, 9.530572834456277E-4, 0.0011831218656889705, 8.999980945653407E-4, 0.0010714751938629957, 8.838594332575753E-4, 5.847610639510177E-5, 2.2665600179449654E-4, 5.839897050513925E-4, 0.0012395865898004903, 0.0016696221976007484, 0.0021651031331168203, 0.002628417875978716, 0.0029300849109389236, 0.003162260468441405, 0.0029712445616318704, 0.0028022664888347954, 0.0025386830112925627, 0.00207917243993556, 0.0018747728244190743, 0.0015626857853279872, 0.0014048956261479449, 0.0010780270085516811, 0.0011416741320153425, 9.92513149265004E-4, 0.001088777490617816, -8.690986716746263E-6, -1.791706847513893E-5, 8.308680434716209E-5, 2.2943297773651042E-4, 4.383926882984726E-4, 6.137652200966965E-4, 7.713544577661157E-4, 8.603351729054779E-4, 8.621020824166284E-4, 7.576760566803687E-4, 7.797343685426112E-4, 6.827009302938708E-4, 7.092550543010094E-4, 5.9283796636574E-4, 6.65917822648538E-4, 4.997737140460688E-4, 5.949823938737303E-4, 5.15909844882425E-4, 4.5168176917602723E-4, 3.9097524423197986E-4, -1.8823369318720046E-4, -6.804082783768693E-4, -0.00214849896188501, -0.0033162810542527823, -0.004478959287167539, -0.0045120683262130385, -0.004591486221690691, -0.003740019578235388, -0.003039620215782725, -0.0021885257802313593, -0.002126596470979594, -0.0015496907175278356, -0.0015864581130384172, -0.001150498296397727, -0.0013065379060798734, -9.187477919247866E-4, -0.0011077271267367615, -9.328138236984515E-4, -8.412911307369763E-4, -7.817491878558608E-4 ], [ 1.670924894874619E-4, 5.969081363207499E-4, 9.934095400718644E-4, 0.0014875003711417533, 0.0019305077867904311, 0.0023565486707680947, 0.0025646720902535868, 0.00331570878415659, 0.002929735623047985, 0.002838855368026374, 0.0024742350025640037, 0.0022690169317009685, 0.0017789997522148614, 0.0016052482296907585, 0.0014620062247561268, 0.0014978027266349424, 0.001686119650294265, 0.0014675612064869808, 0.0016477688737476849, 0.0014274460262001867, -5.152642283299897E-5, 6.355302107086511E-5, 4.008086939532085E-4, 0.00103691926709215, 0.0014935660309530153, 0.0018580755270055514, 0.002407546903359101, 0.002468370858316297, 0.002720664620070394, 0.002476869760713092, 0.002208254250023494, 0.0019216932764659223, 0.0015256442256483757, 0.001109956217326686, 9.122313232954579E-4, 5.883296723533718E-4, 3.0676906787144943E-4, 3.1143467423037344E-4, 1.8475981199060683E-4, 2.9205582574548907E-4, 2.6053514322775952E-6, -9.850520888892223E-6, 7.617312732766003E-5, 2.2744925010392911E-4, 4.294277044539953E-4, 5.83878222933107E-4, 7.358041356640943E-4, 8.410684280362732E-4, 8.627781545731012E-4, 7.764776195785454E-4, 8.531823724667777E-4, 8.19275070339833E-4, 8.66211447708686E-4, 8.072538932218437E-4, 9.168867359378892E-4, 7.974138139678755E-4, 0.001028869875597575, 9.328108981965556E-4, 9.647299706311872E-4, 8.308948462004405E-4, -3.6650606004856774E-4, -8.218904764209894E-4, -0.002001402151189254, -0.003280671323150347, -0.0042926119720401446, -0.004624807071597235, -0.004515066784099693, -0.003996382157067235, -0.0031134910263568585, -0.002527039045178253, -0.002445866708067802, -0.0020620841577257067, -0.002070546443226392, -0.001781840890580107, -0.001912784253619316, -0.0016311869645021279, -0.0019772800970625478, -0.0017808452385813466, -0.00181956239922915, -0.001670393817912724 ], [ 2.712127346343123E-4, 6.351149888999989E-4, 0.001252339199443986, 0.0014601839222109139, 0.0023395524034215175, 0.002196719257931132, 0.003068373126481183, 0.002929735623047985, 0.003541385897805862, 0.002539882377631257, 0.002869080527084926, 0.001999117958177255, 0.0018714770004273438, 0.0014497976215728896, 0.001418919860769136, 0.0013927636014738772, 0.001630504419741811, 0.0014141386690425858, 0.0015599499833053071, 0.0013750279657215524, 1.2253267154945245E-4, 2.8209198390681523E-4, 6.596889286244395E-4, 0.0013018542070925788, 0.0017629659906658085, 0.0022071014865508243, 0.0027089382296125735, 0.0029587708594560388, 0.003168330331390602, 0.0029634996971199907, 0.0027608903348406823, 0.0024822215961513633, 0.001971884684240434, 0.0017430720057971757, 0.001427798035861032, 0.0012294977411317577, 8.696184436610503E-4, 9.244717964794668E-4, 7.617363574269214E-4, 8.754690773141395E-4, -1.2224074453098912E-5, -2.2353851836820524E-5, 8.476993037745627E-5, 2.4630563236420646E-4, 4.6598844304587464E-4, 6.540432108854926E-4, 7.941420311093298E-4, 8.988378424080812E-4, 8.720831708058372E-4, 7.736777725631759E-4, 7.955021469106063E-4, 7.188985727249297E-4, 7.389082837852089E-4, 6.81471495712124E-4, 7.75689288104565E-4, 6.317178192145695E-4, 7.952641715979255E-4, 7.230132064058139E-4, 7.070226263443442E-4, 6.139285428891999E-4, -1.409609102066023E-4, -6.342492939120534E-4, -0.0021309637141896224, -0.0033181921683155167, -0.004397085743089125, -0.004482143215074661, -0.004421474269500861, -0.0036639401813235396, -0.0028768097413074765, -0.0021062137419318146, -0.002093855222198128, -0.0016258721836110968, -0.001658075632832422, -0.001385972203846091, -0.0015429020062420315, -0.0012394350370041089, -0.0015138759213733496, -0.0013644129575077235, -0.0013550853516036267, -0.0012543821726471818 ], [ 2.1122409410610142E-4, 4.734100785816637E-4, 8.66239030326002E-4, 0.0012000358450893465, 0.0016168507585531578, 0.001948443093028949, 0.002207499626686064, 0.002838855368026374, 0.002539882377631257, 0.002821578288836447, 0.002243346396872649, 0.002436845095279976, 0.0017663150035411815, 0.0018454852945836199, 0.0015837550739970518, 0.00173405069622138, 0.0018096390173256414, 0.0017165681121141976, 0.0018420270721756244, 0.001703177272160886, 8.31413283525261E-6, 1.1713752375094603E-4, 3.432557325648276E-4, 8.178842924834748E-4, 0.0011615554326401768, 0.0014671704098898602, 0.0018038345196812855, 0.001868080031634681, 0.0019990701907272005, 0.0018230591929543835, 0.0015412015418275501, 0.0013402289631646567, 0.0010858228577953378, 6.533145754373303E-4, 6.005630056090748E-4, 2.735691102295183E-4, 1.1353370317053989E-4, 1.1931070021189709E-4, 8.204585924560641E-6, 1.0257586825131854E-4, 5.3417050564490526E-6, -9.970004813352727E-6, 4.548920290197958E-5, 1.53952152930539E-4, 3.077741804100748E-4, 4.3250724431653125E-4, 5.366964401085242E-4, 6.243921759672872E-4, 6.442519733033199E-4, 5.940217035018239E-4, 6.682087995148831E-4, 7.046896868304972E-4, 7.57161405252696E-4, 8.008771462962342E-4, 8.951798174385119E-4, 8.814483874795833E-4, 0.0010601467424060222, 0.0010696743207892125, 0.001099563003778231, 9.935676276752886E-4, -3.7418124883860945E-4, -6.256584292748451E-4, -0.0014557488717788886, -0.0022904408934127677, -0.0031038553186390197, -0.003283161829373156, -0.00331939805948613, -0.00287216620828035, -0.0022865577670949837, -0.0018850230227741831, -0.001917630654567831, -0.0018070618501505136, -0.0018372793775569296, -0.0017935992033350054, -0.0018908420321664576, -0.0018354541545730252, -0.0020806705500350407, -0.00206948105203966, -0.0021196957239238835, -0.0020148706445120485 ], [ 1.9485749265551718E-4, 4.8659354553934634E-4, 9.193067730850341E-4, 0.001158058006625489, 0.0017109197858693691, 0.0017789844760515978, 0.002349188655037143, 0.0024742350025640037, 0.002869080527084926, 0.002243346396872649, 0.002859020142452333, 0.00190550501677411, 0.0022451603123111188, 0.001646605525127086, 0.0018659378983002886, 0.001732524556273556, 0.001992274082615809, 0.00183046069753382, 0.0019429214698785647, 0.0018215414264245156, -1.797633401036823E-5, 1.2274391889429212E-4, 3.7576786022489094E-4, 8.647566646999283E-4, 0.0011849888067838666, 0.0014741226777073035, 0.0018128730234456744, 0.001895141654164404, 0.002014832369457415, 0.0018822565110118068, 0.0015983150470651054, 0.0014705582653723943, 9.930421505812655E-4, 8.792080186358131E-4, 5.654465190735453E-4, 4.574167732557293E-4, 1.1144868347771283E-4, 1.8305546629316313E-4, 3.796018995306527E-5, 1.22522773641513E-4, -9.695949543170454E-6, -1.3187835626263903E-5, 5.031770630140353E-5, 1.7817851312253077E-4, 3.231538043327473E-4, 4.538371526594832E-4, 5.409873096060124E-4, 6.014781840326751E-4, 5.902355792418584E-4, 5.606086082553027E-4, 6.043925948286579E-4, 6.494198089967609E-4, 7.100681227604341E-4, 7.74392384112509E-4, 8.593093509821645E-4, 8.395644252999742E-4, 0.0010065895644841584, 9.979878723060257E-4, 0.0010368362712827137, 9.30350063999217E-4, -1.4663273795524823E-4, -5.704412171666284E-4, -0.0015316500462133767, -0.0024464957630214645, -0.0030223733362637175, -0.0031067587600529974, -0.003035411850349088, -0.0025649827913034728, -0.002001023419632158, -0.001661459094293851, -0.0017232723053862164, -0.0016586263722132132, -0.0017466250000835741, -0.0017542109249736727, -0.001865058051737576, -0.001795527224500228, -0.0020373568362629007, -0.001994325169795524, -0.0020659192713871014, -0.0019687353717018226 ], [ 1.721719644394998E-4, 3.8818432745006735E-4, 5.898647340198194E-4, 9.209210056113114E-4, 0.0011475558499225865, 0.0014932637480116603, 0.0016429238463875641, 0.0022690169317009685, 0.001999117958177255, 0.002436845095279976, 0.00190550501677411, 0.0025600154808890587, 0.0017671619291248612, 0.002123553992216069, 0.001770877357917725, 0.0020795353068573203, 0.002049992155381953, 0.0020806816142124153, 0.0021428263234426932, 0.002055381785086915, 3.491095657687099E-5, 8.645207428882161E-5, 2.336675600403036E-4, 5.261851803066342E-4, 7.232342435238684E-4, 8.630219506361736E-4, 0.0010547125536806154, 0.0010085394906321787, 0.0010066926900426571, 8.700525100140586E-4, 6.812615091748794E-4, 4.965551870284721E-4, 4.7429268640931607E-4, 5.791154505325757E-5, 1.446150378955063E-4, -1.284044856816886E-4, -2.0799267204678977E-4, -1.5897883192047087E-4, -2.608193466529385E-4, -1.7290749620444852E-4, 1.4628047041340518E-5, -1.7811219411132374E-6, 2.7025749407246494E-5, 1.0112487018689574E-4, 1.9344708384775824E-4, 2.673664122374907E-4, 3.0457946346883295E-4, 3.605498344671261E-4, 3.5459269581144306E-4, 3.556139628116882E-4, 4.311355989282479E-4, 5.697186944707965E-4, 6.312379265434826E-4, 8.05348765039411E-4, 8.70456221870609E-4, 9.805250251516864E-4, 0.0011313808537247196, 0.0012203170675971064, 0.0012564615323710363, 0.0011643035083723572, -4.125877923734757E-4, -5.303089666628758E-4, -8.787007863798806E-4, -0.0012875857635690484, -0.0017667181520529922, -0.0018136356532226661, -0.0018399638187336083, -0.0015678657474402322, -0.0012368499274932154, -0.0011407280633740668, -0.0013198731959106415, -0.001583738309660462, -0.0016544849058146589, -0.001956872277469995, -0.0019734432570547343, -0.002178134233580924, -0.002361325402207422, -0.002500840803969109, -0.0025525961298744587, -0.002469004037113123 ], [ 1.1899136189027675E-4, 3.224025524042834E-4, 4.975643327899926E-4, 7.192986667942409E-4, 9.16838111635927E-4, 0.001140713622340412, 0.0013740680704998232, 0.0017789997522148614, 0.0018714770004273438, 0.0017663150035411815, 0.0022451603123111188, 0.0017671619291248612, 0.0023813100447217287, 0.00177163501616721, 0.002217666100656134, 0.0020228470354496583, 0.0023352871971718354, 0.002181822516456018, 0.002337648597835742, 0.002198774749544455, -3.763105213148136E-5, 6.154176705791077E-5, 1.2337918325363125E-4, 4.1614256237673024E-4, 4.4907249102644044E-4, 6.031318841933712E-4, 5.952357537807154E-4, 6.254010634788601E-4, 4.153783883668079E-4, 5.687488720431757E-4, 1.2290280572715143E-4, 3.126669687424822E-4, 3.0768245459802916E-5, -9.220067931425401E-5, -1.9042464742046714E-4, -3.359775380980455E-4, -5.006674349025594E-4, -4.4038197810557635E-4, -5.51105406842593E-4, -4.6508330458383263E-4, 7.686233541573217E-6, -1.1457149598124754E-7, 1.9111115274561117E-5, 9.528134215728819E-5, 1.5716006291925457E-4, 1.9431345036978996E-4, 2.228198801410472E-4, 2.4441085014947634E-4, 2.471058329068612E-4, 2.927371480236056E-4, 4.161140395625886E-4, 5.76060391068973E-4, 7.062833685226642E-4, 9.106111780762645E-4, 9.735133457907738E-4, 0.0010773363043866664, 0.001268174695292982, 0.0013176438820548472, 0.001397227561596291, 0.0012783783303476593, -2.4111988903489676E-4, -5.19688202638069E-4, -6.901967299941924E-4, -0.0011029748817476667, -0.0012472381553103097, -0.0012265990582214527, -0.0013380081623065936, -0.0010590470597210582, -9.604003342412156E-4, -0.0010136306053878173, -0.001357993698050716, -0.0016460146077998477, -0.0019074313702391078, -0.002183778315085866, -0.0022371900685858362, -0.0023683084560465833, -0.002648154670481322, -0.0026899985145784912, -0.0028517308530945826, -0.0027286206291486956 ], [ 1.4043501644311717E-4, 2.1334726137111257E-4, 3.6781906429282266E-4, 5.17484928534169E-4, 6.992438238737882E-4, 9.339376641372742E-4, 0.0010484151763678212, 0.0016052482296907585, 0.0014497976215728896, 0.0018454852945836199, 0.001646605525127086, 0.002123553992216069, 0.00177163501616721, 0.0021679268969396507, 0.0018895420022849072, 0.0022151840209291016, 0.0021936462847220012, 0.002282548033045559, 0.002350686639722754, 0.002249586710838694, -8.882924122729828E-5, -6.991369122777999E-5, -1.3434135098281795E-5, 9.645209470769036E-5, 1.761136984002156E-4, 1.5363142062924513E-4, 2.609102884983045E-4, 9.459069924461069E-5, 6.406172668894728E-5, -1.0272565535006506E-4, -1.6277812213531863E-4, -3.1377209771363973E-4, -2.854686211278409E-4, -5.081135750944373E-4, -4.6391205676523463E-4, -5.733741594912966E-4, -7.13450635320832E-4, -5.890505687157351E-4, -7.5540495660064E-4, -6.180395260075349E-4, 1.2710890957326606E-5, -9.89085863985367E-7, 9.892696146494674E-6, 5.12038836721919E-5, 9.541867379473873E-5, 1.175986775160787E-4, 1.1744799515503305E-4, 1.52047292839399E-4, 1.4971416658590453E-4, 2.2027212710796183E-4, 3.249192997430314E-4, 5.714520795575599E-4, 6.644763155733683E-4, 9.371761508688504E-4, 0.00100135668310429, 0.0011734720984105864, 0.0013468367831412523, 0.0014583875328119387, 0.0015399562570114576, 0.0014270037819043143, -4.140507125794675E-4, -3.9144955898947264E-4, -4.82153413637129E-4, -5.633752179062138E-4, -6.966660090290767E-4, -7.072485148027598E-4, -7.284505888184707E-4, -7.247737953847772E-4, -6.238333079037412E-4, -9.113404853051446E-4, -0.0011730777896550456, -0.0018427472262229519, -0.0018896348842465736, -0.002495957849306434, -0.002415265374263685, -0.0027816812746512824, -0.0029581003280704605, -0.003168795010136632, -0.003294213514178386, -0.003190984495628795 ], [ 6.566096592529333E-5, 2.0156746926996814E-4, 3.2648751146160216E-4, 4.952576493520817E-4, 6.329189722965925E-4, 7.991517321415361E-4, 9.955009620703586E-4, 0.0014620062247561268, 0.001418919860769136, 0.0015837550739970518, 0.0018659378983002886, 0.001770877357917725, 0.002217666100656134, 0.0018895420022849072, 0.002388943299096655, 0.002193173714886937, 0.0026011113902643206, 0.0023792774810937815, 0.0026313963395238104, 0.002447792060638361, -8.729400663697806E-5, -4.2812013521897844E-5, -3.155063010670864E-5, 1.5806078221903408E-4, 1.1552707021476065E-4, 2.0241402796343353E-4, 1.1358043971904628E-4, 8.734511006489136E-5, -1.9363533156434323E-4, -5.139590413688655E-5, -4.146951453651802E-4, -2.3452352551556134E-4, -3.392839919010368E-4, -4.5370081852546445E-4, -5.242159299158242E-4, -5.942618330647988E-4, -7.795338239991329E-4, -6.578284478110442E-4, -8.07136740804741E-4, -6.99226678822145E-4, 2.052705611951722E-5, 9.715244640789967E-6, 1.5680318617094777E-5, 6.808129221136508E-5, 1.0539497544881265E-4, 1.2092122423546444E-4, 1.1274444489980939E-4, 1.4095987949590066E-4, 1.5201328366069378E-4, 2.3793460429790406E-4, 4.1601355434654357E-4, 6.448084486732742E-4, 8.300755678785314E-4, 0.0010789362548208877, 0.0011857127853173682, 0.0013237745837499804, 0.0015435132116065763, 0.0016273938673411973, 0.0017003936533994796, 0.001592199047623159, -3.6565121173597753E-4, -5.492500828968176E-4, -4.955410756979991E-4, -6.383626349804218E-4, -7.24616668125599E-4, -6.076888686861058E-4, -8.330081990831878E-4, -6.656638600216118E-4, -8.355165296322122E-4, -9.929758872801585E-4, -0.0015382977881776617, -0.0019825386140083813, -0.0023214336690235465, -0.0027071817946529467, -0.002806213977841407, -0.003004937485253557, -0.0033113287140088556, -0.003400277814737234, -0.003543729528415892, -0.003446112239621397 ], [ 1.275016802493483E-4, 1.92555522136732E-4, 3.1666926883998765E-4, 4.621093157423068E-4, 6.023651893733698E-4, 8.22186322149524E-4, 9.530572834456277E-4, 0.0014978027266349424, 0.0013927636014738772, 0.00173405069622138, 0.001732524556273556, 0.0020795353068573203, 0.0020228470354496583, 0.0022151840209291016, 0.002193173714886937, 0.0024748695484456944, 0.0024929110002579824, 0.0026029591668141156, 0.002657098578447298, 0.002564785348460399, -1.0061066238884014E-4, -7.617233190283851E-5, -6.009985401800334E-5, 7.615041304349899E-5, 6.798151692827476E-5, 8.900880745292058E-5, 7.36060788452572E-5, -4.558138870259569E-5, -2.2202451845945763E-4, -2.691959550768793E-4, -4.263325138645996E-4, -4.5734701187031033E-4, -4.6750158366740265E-4, -6.012698505112392E-4, -6.03669005186256E-4, -6.730225043752669E-4, -8.19466193856937E-4, -7.007051437280382E-4, -8.709657542117841E-4, -7.324620376964839E-4, 1.6751520557456122E-5, 4.45826708866117E-6, 1.2467701480952555E-5, 4.83426409749517E-5, 8.54255938684336E-5, 8.278713133828264E-5, 8.089617608589568E-5, 9.776486431280554E-5, 1.1588218545613373E-4, 2.000996443894426E-4, 3.6768368874923744E-4, 6.415215141337854E-4, 7.860790273811008E-4, 0.0010965838238812984, 0.001162483567496125, 0.0013706770518062566, 0.0015781639830299387, 0.0016784912201940692, 0.001783509213172166, 0.0016469706539113081, -4.36015427495412E-4, -4.6021284673836615E-4, -4.211165105070078E-4, -4.524517447141458E-4, -5.030058443024888E-4, -4.317608281615941E-4, -5.866906797830539E-4, -4.793647535591347E-4, -6.215580777378552E-4, -8.84926674481976E-4, -0.00139175116547847, -0.0020496397301644938, -0.0022330177540365445, -0.0028494245072810667, -0.0027933167368187225, -0.003196518008732503, -0.003428774005978787, -0.0035992664211605173, -0.003775896691900077, -0.003640865445545544 ], [ 6.175753469227399E-5, 2.0399137079046766E-4, 3.8945665228648816E-4, 5.572729927235436E-4, 7.815117356901283E-4, 9.084626033089644E-4, 0.0011831218656889705, 0.001686119650294265, 0.001630504419741811, 0.0018096390173256414, 0.001992274082615809, 0.002049992155381953, 0.0023352871971718354, 0.0021936462847220012, 0.0026011113902643206, 0.0024929110002579824, 0.003049093007541353, 0.002701549518007847, 0.003084588093319661, 0.0028124569276054964, -1.6159532222438037E-4, -1.2510249493129314E-4, -7.638939725449589E-5, 1.0603400488165404E-4, 1.1670625009885187E-4, 1.7992606394543517E-4, 1.9620995021437277E-4, 8.503143342013968E-5, -1.3936579215333348E-4, -1.0819739814084723E-4, -3.550896079457585E-4, -2.993126228982437E-4, -4.074306373434592E-4, -4.7735948688714704E-4, -5.990541560003152E-4, -5.98769694798804E-4, -9.395380495499204E-4, -6.947684249466214E-4, -9.502668804586128E-4, -7.670983426674279E-4, 2.7794585357026134E-5, 1.5095077912636592E-5, 3.534417085531292E-5, 8.474451597917292E-5, 1.5574475171351075E-4, 1.7377793046927995E-4, 1.7588745146323632E-4, 2.2805785202056834E-4, 2.4942085648142195E-4, 3.581824175333296E-4, 5.846819419898441E-4, 8.343369640094351E-4, 0.0010623380442396804, 0.0013418758967813625, 0.0015101363338498363, 0.0016661414003503623, 0.001946492838677973, 0.0020579993847237078, 0.002122698558820196, 0.0019918035780713745, -5.212652432453255E-4, -7.294396769174725E-4, -7.876886973318002E-4, -9.056526379049983E-4, -0.0011448866280055973, -0.0010451456506123378, -0.0012593008878364728, -0.001142047802016845, -0.0013356090377989508, -0.0015151603337824017, -0.0021358931805739497, -0.002627956641547256, -0.0030011601612270696, -0.0034635207531203485, -0.003604082403788674, -0.00384404957271409, -0.00421295344188845, -0.0043616930211382195, -0.004463511554430242, -0.004354529443018888 ], [ 1.101705818719761E-4, 1.750494942569639E-4, 2.808319598926154E-4, 4.138479191346721E-4, 5.295196322277721E-4, 7.804713684871933E-4, 8.999980945653407E-4, 0.0014675612064869808, 0.0014141386690425858, 0.0017165681121141976, 0.00183046069753382, 0.0020806816142124153, 0.002181822516456018, 0.002282548033045559, 0.0023792774810937815, 0.0026029591668141156, 0.002701549518007847, 0.0028541303544258835, 0.0028563995828346815, 0.0028326849848707165, -8.057066928466513E-5, -7.309215629151965E-5, -7.210459122343382E-5, 2.8262386632962254E-5, -4.440693604629908E-6, -3.7772570786035824E-5, -5.4730700450921494E-5, -2.2909553163378535E-4, -4.1033151175672396E-4, -4.487232179865179E-4, -5.769649306269421E-4, -6.093363652387893E-4, -6.2687342866224E-4, -6.990537754314231E-4, -7.293186595600443E-4, -7.656710100215644E-4, -9.442680270012096E-4, -8.257630818193737E-4, -9.81041793685634E-4, -8.564188562098464E-4, 2.021132198264727E-5, 1.0508959208724746E-5, 1.2387184070235396E-5, 5.313676342474137E-5, 7.571830181912385E-5, 7.603942695376878E-5, 5.7085301662332985E-5, 9.699389876558002E-5, 1.1884579906663302E-4, 2.522760406778827E-4, 4.3068522196376317E-4, 7.426967949710028E-4, 8.815882940075472E-4, 0.0012359924194135952, 0.0013018284271213785, 0.0015364261649634815, 0.0017513053991197645, 0.0018753717888114238, 0.0019876283055116272, 0.0018372824551991177, -4.6749471735160796E-4, -4.7998367137471907E-4, -3.873715742130791E-4, -3.9727837280516124E-4, -3.180745746693658E-4, -3.327367536510773E-4, -5.102289268293893E-4, -5.406250581674025E-4, -7.610896444775669E-4, -0.001123674391984545, -0.001631586210979578, -0.002352977023840546, -0.002488195257597899, -0.0031874098342746125, -0.003100844990584336, -0.0035487517431578193, -0.003773518071559253, -0.003985156964456552, -0.004166541514422762, -0.004020716253435191 ], [ 8.196445914978692E-5, 1.899452612997081E-4, 3.427944477887069E-4, 4.968213214850487E-4, 6.846623038714299E-4, 8.403810235058033E-4, 0.0010714751938629957, 0.0016477688737476849, 0.0015599499833053071, 0.0018420270721756244, 0.0019429214698785647, 0.0021428263234426932, 0.002337648597835742, 0.002350686639722754, 0.0026313963395238104, 0.002657098578447298, 0.003084588093319661, 0.0028563995828346815, 0.003235381304344559, 0.0029420652405904245, -1.74701065472934E-4, -1.4130919958907468E-4, -1.2308595355888378E-4, 2.983230381540405E-6, -3.623025086081313E-6, 1.5912461443531937E-5, 1.6316659365332134E-5, -1.3888170544745906E-4, -3.522478466174814E-4, -3.6532821028663554E-4, -5.602922520470297E-4, -5.508279854357643E-4, -6.044768778270532E-4, -7.015980497049004E-4, -7.807873921122626E-4, -7.902761768313518E-4, -0.001100700851793083, -8.679817383533222E-4, -0.0011562669970292944, -9.29454925707884E-4, 2.63501457813017E-5, 1.0066475944767597E-5, 2.8683906285467503E-5, 5.877183725690356E-5, 1.2697071737777227E-4, 1.2543666153432958E-4, 1.2779436051097034E-4, 1.7020034324767265E-4, 2.100608437374973E-4, 3.213384094324492E-4, 5.795032203627817E-4, 8.423545465132151E-4, 0.0010776583001408185, 0.0013719505348615145, 0.0015460727126478848, 0.0017120010116279554, 0.0020212317667051513, 0.002119116343815767, 0.002228136549827532, 0.0020764971322845445, -5.29168024883441E-4, -6.65065306730986E-4, -6.200746217568187E-4, -6.197261249547299E-4, -8.086437606826485E-4, -6.843042592542761E-4, -9.592513150005212E-4, -8.893203182860551E-4, -0.0011964930020508786, -0.0014414470585454018, -0.0021406504761973763, -0.002691369345659514, -0.0030510391695111206, -0.003578012749605448, -0.0036992784409184748, -0.003987731025043275, -0.004384805240874956, -0.004531227690633406, -0.004707083347639756, -0.004568246901612007 ], [ 8.037462992139128E-5, 1.5234172649218673E-4, 2.4813729875360096E-4, 3.905648704296728E-4, 4.978054273081684E-4, 7.322578429849234E-4, 8.838594332575753E-4, 0.0014274460262001867, 0.0013750279657215524, 0.001703177272160886, 0.0018215414264245156, 0.002055381785086915, 0.002198774749544455, 0.002249586710838694, 0.002447792060638361, 0.002564785348460399, 0.0028124569276054964, 0.0028326849848707165, 0.0029420652405904245, 0.002905669873556639, -1.102028277319701E-4, -9.948388792359992E-5, -9.464350143671494E-5, -1.031811094208947E-5, -5.474378158573714E-5, -8.671652001617624E-5, -1.3143146435793215E-4, -3.0927943221059287E-4, -5.093767014152645E-4, -5.240760066889895E-4, -6.762280139150163E-4, -6.811088268286435E-4, -6.995741580547909E-4, -7.784572449396692E-4, -8.148883345947376E-4, -8.496037799397163E-4, -0.001055593073303837, -9.185631205109642E-4, -0.0010840785994849196, -9.718020960003132E-4, 2.41857302396712E-5, 1.503911094575516E-5, 1.5762370474111315E-5, 5.4504436384353964E-5, 7.465383784283627E-5, 7.9863451519454E-5, 5.6103472419310703E-5, 1.0330813552024052E-4, 1.3805640557788704E-4, 2.853643001108846E-4, 4.8629728123223396E-4, 7.886326204522677E-4, 9.514772245026728E-4, 0.0012976290890478514, 0.0013926611411775316, 0.0016332811876542958, 0.0018568271312620753, 0.0020094631469792087, 0.002107877903602428, 0.0019785221328629055, -4.955679770484213E-4, -5.59107600358508E-4, -4.260626059305595E-4, -4.234377935325509E-4, -3.492168394939245E-4, -3.7020599078262193E-4, -5.973687255722039E-4, -6.598284802874713E-4, -9.786679393339536E-4, -0.0013296887456693805, -0.0018725231085494347, -0.0025216355780849934, -0.0027204104951317597, -0.0033589352861870146, -0.0033476991341794874, -0.00377432238187944, -0.004030970801331498, -0.004269565214976731, -0.004431100390198003, -0.0043218220535696785 ], [ 2.0618093031721696E-4, 1.432903190378266E-4, 1.4038038955121264E-4, 1.2106717217778929E-4, 8.990733979110922E-5, 6.173321131954461E-5, 5.847610639510177E-5, -5.152642283299897E-5, 1.2253267154945245E-4, 8.31413283525261E-6, -1.797633401036823E-5, 3.491095657687099E-5, -3.763105213148136E-5, -8.882924122729828E-5, -8.729400663697806E-5, -1.0061066238884014E-4, -1.6159532222438037E-4, -8.057066928466513E-5, -1.74701065472934E-4, -1.102028277319701E-4, 8.122900447957405E-4, 7.983526784069957E-4, 8.2948214232121E-4, 7.960900874019784E-4, 8.123003187785586E-4, 8.307334919324122E-4, 7.97700946760786E-4, 8.892699618049445E-4, 9.183164912376836E-4, 9.507607717318017E-4, 0.0010458842314216297, 0.001002881168445199, 9.682073792431871E-4, 0.0010505322682112341, 0.001009428729680683, 0.0010597046482509454, 0.0010742628832218564, 0.0011116382402224369, 0.0011339956208456891, 0.0011265774861476965, -3.323462630148311E-6, 1.5161237182176771E-5, 1.2624860718570786E-5, 2.4346640665740843E-5, 2.306104490667993E-5, 3.487142076090436E-5, 1.4142395354049408E-5, -6.8631130605622375E-6, -5.8526303719725376E-5, -1.3019418028636237E-4, -2.378673038227079E-4, -3.70840325701803E-4, -4.558985207697718E-4, -5.414455824182999E-4, -5.962704217292854E-4, -6.490935059699883E-4, -6.986230027309379E-4, -7.146409325325127E-4, -7.327619491377168E-4, -6.991452414517563E-4, 2.958266755775863E-4, 2.926604445204165E-4, 3.08716467592815E-4, 3.70061004850389E-4, 5.244324421433014E-4, 6.281568736606219E-4, 8.831762515756521E-4, 0.0010713732808421616, 0.0011122483150742715, 0.0014095036629088752, 0.0014837781561586013, 0.0017102790861461422, 0.0016399487622415717, 0.001759450080094528, 0.0017189779760534182, 0.0017487139734616648, 0.0017798226511345696, 0.0017892748191228667, 0.0017726979977781335, 0.001778498846609492 ], [ 2.400174730541714E-4, 2.1018751747693204E-4, 2.