{
  "weights" : [ 0.7685299267893594, 0.7727699791465779, 0.7665013959778888, 0.7816655247976292, 0.7615302694492008, 0.7623153958109734, 0.7260326407971929, 0.7076844281233984, 0.6873584275762841, 0.67889418102572, 0.6751547248064127, 0.67228412036923, 0.6754680495361852, 0.6699822230456018, 0.6682438399673389, 0.6645354822201046, 0.6595537263235163, 0.6525837491005309, 0.6530320892999845, 0.6452619600467296, -0.4996336355173546, -0.515774248551936, -0.4814003722606519, -0.4616050579412248, -0.4242382890227165, -0.39572943010171985, -0.3716079589252376, -0.35975400031225246, -0.3639902494516175, -0.370467927198318, -0.39220584322047597, -0.4077982900063582, -0.4175089198191615, -0.4295037420077879, -0.423719803221798, -0.42957441575696204, -0.41144865269473346, -0.41822138200588505, -0.39915178219145925, -0.40865252846326955, 0.3763707080923634, 0.3578026547510605, 0.40973217946562085, 0.4050349974544158, 0.46227635630116193, 0.4729481929640537, 0.5230659712803134, 0.5344964010217875, 0.550725908255688, 0.5403881692470104, 0.5284364381968247, 0.5056124781847892, 0.4885064848711164, 0.47085536638601655, 0.4734752265645829, 0.4683088007930318, 0.4923271880900488, 0.48684185529549934, 0.5060698138529989, 0.5098023277358548, 0.09551798357499225, 0.07815895970153915, 0.07235235186300454, 0.05869016843451917, 0.03607641980795646, 0.03587262045605421, 0.030644230203782263, 0.05434993399321558, 0.06318218575469783, 0.111500410430853, 0.129752255704912, 0.1795797660339517, 0.19496930587350833, 0.2232237948578242, 0.22101397538120854, 0.23668096033690858, 0.22654701708069377, 0.22231090536570597, 0.2427773054871478, 0.21787322748568674, 0.6296750026212882, 0.6269204654084419, 0.6421412808002339, 0.6522556531877259, 0.6695506582188443, 0.6730842069738154, 0.6597626249388262, 0.6329267462351723, 0.5976114618916593, 0.5356376294047421, 0.4695786056312501, 0.393048347958558, 0.32754654979690884, 0.2652730678602764, 0.2216689317468982, 0.18223926709329963, 0.16285446988033803, 0.15446140373218312, 0.1492098766253966, 0.1608302690775152, -0.34345628251491006, -0.34482464258175116, -0.36427911442267635, -0.37657308054987243, -0.3888556902181076, -0.40165334179539075, -0.4136277788869112, -0.4263587759046134, -0.4282868183532866, -0.4263041268061323, -0.4051212034473327, -0.38055014545924765, -0.3441097280849577, -0.3043799909940138, -0.2706579855704613, -0.2381380570917666, -0.2143824371698206, -0.19795585753113104, -0.1952824642205328, -0.19588573848603844, -0.2839302133504353, -0.2988797805180377, -0.29307505300870246, -0.3100042745521958, -0.30810659228510834, -0.30922277367946477, -0.29970054148188785, -0.2887840855744614, -0.2728022180280109, -0.2532370157298727, -0.23252748292490558, -0.20943706892624878, -0.1782333868227437, -0.15123467793290987, -0.12239307222916052, -0.0963215739751946, -0.07810189535401374, -0.07022125005888892, -0.06370228897626296, -0.0697091984595596 ],
  "covariance" : [ [ 9.456017519435978E-4, 6.72823681590988E-4, 8.084665764425802E-4, 3.365721509284471E-4, 8.271537317527517E-4, 3.81099492744359E-4, 7.778029797144543E-4, 5.1987715099646E-4, 8.771737138588131E-4, 7.305847506106496E-4, 0.0010473271152567636, 0.0010550871614883744, 0.0012653163046270938, 0.0013103116455141825, 0.0013732055560813955, 0.0014694463535464383, 0.001304869580981086, 0.0013374069445889279, 0.001515802487205919, 0.001364585268072396, 0.0010456345201611114, 8.94570395910373E-4, 6.344617981981828E-4, 2.595777656986001E-4, -2.0982017617514944E-4, -9.531383508852919E-4, -0.0014206217169537153, -0.0018962981180571988, -0.0018046158611890039, -0.0018195190904507792, -0.0016597247167470773, -0.0013003369310359415, -0.0013304349586186598, -9.381244567864955E-4, -0.001064318253647862, -6.674815396840876E-4, -8.308572399298427E-4, -6.812881960524942E-4, -5.458076588986355E-4, -8.873583410854812E-4, -3.4797299246620606E-4, -9.549748975497418E-5, -6.650763053798504E-4, -4.186205666091435E-4, -0.0014481261004753911, -0.0011416916381515384, -0.0018304728037580465, -0.0014426413210879736, -0.0018036014508127994, -0.0013350843355684253, -0.0012647337665654998, -0.0010433591801217502, -8.395541458519832E-4, -7.375821353507468E-4, -4.444331546363833E-4, -4.910868712511146E-4, -1.7136519611506452E-4, -1.9334615841882824E-4, -1.031047985119752E-4, -2.476207506329982E-4, -5.668835798957875E-4, -6.454792933795151E-4, -6.080639626895853E-4, -4.429921520936325E-4, -6.284491677691692E-4, -4.852284348785001E-4, -7.294906293609886E-4, -0.0011881427062449925, -0.001509502776969865, -0.0019230382185523296, -0.002394628330353773, -0.002525716042357933, -0.0028634670253896146, -0.0029105340241747926, -0.003354363630451837, -0.0031117326091316044, -0.003616133382536452, -0.0031887450192066577, -0.0035887276544775888, -0.0034423850647487533, 6.390388015015277E-5, 1.4696238193325536E-4, -2.6655593103863082E-5, -8.549570998966811E-5, -3.965220747743795E-4, -5.411815066561916E-4, -8.155292704693003E-4, -5.907667661039532E-4, -4.511054081098429E-4, 3.908031858812615E-5, 3.500719284834782E-4, 7.323598431457278E-4, 6.755166960335291E-4, 9.989755128760485E-4, 8.639565591708346E-4, 9.707628318389192E-4, 9.023640415875868E-4, 9.696541107841067E-4, 0.0010093166054005293, 9.306321867057195E-4, 0.0019673605411722507, 0.001892013571410758, 0.0022547922219600556, 0.002286084279874781, 0.002797179155727359, 0.002823988051301629, 0.003160747079166725, 0.0034000438279136866, 0.0035648434657700686, 0.0034775852738922358, 0.0032034860744840016, 0.003019347929798535, 0.002517074254719324, 0.0022277153540187474, 0.0017639471740147066, 0.0014674124927694307, 0.001105912294173329, 8.539957275121208E-4, 8.717382298111859E-4, 7.9644554479485E-4, -8.555263045286031E-4, -6.248348052619038E-4, -8.789924786689338E-4, -6.416600341152775E-4, -0.0011896274857793705, -0.001115268535181543, -0.0016020689421134097, -0.0017704904816896697, -0.002079516999858142, -0.002171301304717284, -0.002095705481493226, -0.002226125813808583, -0.0019096760915156413, -0.0019082169188476626, -0.0015932640251592506, -0.0014936599629852046, -0.0012326220025087634, -0.0012501939275466163, -0.0012513547464437138, -0.0011968813482419439 ], [ 6.72823681590988E-4, 0.001512784086873477, 7.654208112484653E-4, 0.0014663681348920563, 0.0012064267956785738, 0.0016405791055333814, 0.0014262988369597087, 0.001835487945813288, 0.0016824260245970665, 0.0018342253084798678, 0.0018722678482094596, 0.0020219027376430767, 0.0019969869589110743, 0.0016373989845298333, 0.002175629540731747, 0.0015379775857235624, 0.0019293563816693512, 0.0013595490417714017, 0.0018704268045980435, 0.001540164918590424, 9.513625809969515E-4, 0.0017652225607607912, 9.261350876271885E-4, 0.001493804926520128, 7.309523026247421E-4, 2.82501956602536E-4, -2.3787994706803866E-4, -7.75244886736715E-4, -6.620637321273429E-4, -7.173181817809468E-4, -4.2048089295567824E-4, -4.010907330412837E-5, -9.753361269945835E-5, 2.8468793418338147E-4, 2.710122207634359E-4, 3.6235260899391295E-4, 5.095105261612375E-4, 3.1987990981129804E-4, 7.512787143922331E-4, 2.2177202257165542E-4, -1.7011715476157104E-5, -5.498143936761896E-4, -4.06877044904748E-4, -9.205190306286741E-4, -0.001310685593863105, -0.0019045970466653318, -0.001921751238797648, -0.002326043628361804, -0.002172012923753244, -0.0019298175684408162, -0.0016388336983416969, -0.0013129723166653896, -8.686092999447807E-4, -4.7406536776391835E-4, -3.9685427251552147E-4, -9.173155044503307E-5, -1.5155942009351353E-4, -2.7682399802067893E-5, 8.679427085602531E-5, -1.0435208761058316E-4, -6.708666480168564E-4, -4.2760638727905726E-4, -7.447630126257341E-4, -2.4432627707262754E-4, -7.5102777183739E-4, -4.474263052524533E-4, -5.728884998416467E-4, -8.751525068254863E-4, -9.239404662863656E-4, -0.0016037269323116235, -0.0018544336286981777, -0.00215406896308198, -0.0023964771098199454, -0.002567594481821974, -0.002995491126077496, -0.0027287001658280858, -0.0032173752881307347, -0.002560932924381402, -0.003102064172836044, -0.0029738470039442993, -1.6575766733200306E-5, 4.079436930959409E-4, 4.5440313365113826E-4, 7.829368938000282E-4, 5.723208475881468E-4, 6.571248747054298E-4, 2.055635112826845E-4, 3.1941772116643593E-4, 1.3858514008392454E-4, 5.285724243217144E-4, 7.220096412503619E-4, 0.0010518890776982349, 0.0010772644462245747, 0.0013059926576226562, 0.0013492888092655516, 0.0012127524410299004, 0.0013226521387154895, 0.0011005433963245973, 0.0013656409338138925, 0.0011235324273873657, 0.002923075561642698, 0.0030851061997333997, 0.0030154896952910115, 0.0033457173857205764, 0.00346855412011398, 0.0037635052879233565, 0.0038345396043751707, 0.004229035861295478, 0.004279085599960916, 0.004200250981941296, 0.0037621364574926507, 0.0033896600898640932, 0.0027573820964029404, 0.002424198179510415, 0.0018349046125538115, 0.0014748783062485688, 0.0012912529536493135, 0.0010189990434379985, 0.0011660330005982462, 0.0010732838334835655, -5.454211352485798E-4, -6.05597736197485E-4, -3.29314224668723E-4, -2.828593094113515E-4, -3.870851390830493E-4, -3.7227235519943474E-4, -5.237879731024517E-4, -5.879033635541332E-4, -7.633138684852391E-4, -8.606673943756446E-4, -7.560422062383831E-4, -8.893148337913734E-4, -8.890376735662016E-4, -8.493626719113627E-4, -8.821458456255803E-4, -8.810798278313343E-4, -7.756374090777688E-4, -6.732516657997483E-4, -7.683318919289277E-4, -6.825457539054431E-4 ], [ 8.084665764425802E-4, 7.654208112484653E-4, 0.002150914941182255, 0.0016915051266995045, 0.0032931012401732317, 0.0024547960390788968, 0.003206717281714912, 0.0026554453257293395, 0.0032050119178887544, 0.0025582491254124567, 0.002575237395699926, 0.002008021962660146, 0.0017831025488304053, 0.0011325450152020217, 0.001040045880069237, 5.900881995479278E-4, 2.911490883455651E-4, 3.149303126457341E-4, 2.57320861285563E-4, 3.579426543137546E-4, 6.749777548367443E-4, 8.119864095332532E-4, 0.00217635504891468, 0.002147362022613341, 0.003854028076293621, 0.0030963804735633605, 0.003957633452607465, 0.0030661014670268494, 0.003397543205241411, 0.003043702789952982, 0.0034844666497169754, 0.003463569205591089, 0.0036378430526528595, 0.003385390331792828, 0.0033979439179968006, 0.0030738850164760572, 0.0028743076590506894, 0.0030141283771135596, 0.0029141166783876802, 0.002801384311465412, -8.071052762780771E-4, -4.097719259702217E-4, -0.0013705872998667362, -6.662652109663027E-4, -0.001757363234385385, -0.0012583374874470723, -0.0018890850277875255, -0.0017253657102854884, -0.0024065190558657267, -0.001818179886584893, -0.0013852194647107673, -8.744321418730182E-4, 3.7597745278160474E-5, 2.2675071158410626E-4, 9.115882428084053E-4, 5.808429440386785E-4, 0.0011654975344232595, 5.188945711533854E-4, 0.0012608473737205118, 4.639800178962107E-4, -2.209167377318718E-4, -2.7144111063244264E-4, -4.0109741123391964E-4, -2.5573096443222805E-4, 5.2962315018073786E-5, 6.34270700357368E-5, 8.661810042316597E-4, 8.73333135786683E-4, 0.002038800829868082, 0.0018671647678615236, 0.0021092154990212586, 0.0016117163898079813, 0.0016531692955058911, 0.001643900375899674, 0.0012644217002867023, 0.0016787722145035016, 8.210850376736253E-4, 0.0023875721941546543, 7.85512384309161E-4, 0.0018060037072204764, -2.2206092703934828E-4, 2.4155332794467804E-4, 0.0014674083954013205, 0.002168972513467818, 0.0031516586576993966, 0.0029268024289537168, 0.0027991927835387827, 0.002016312029537061, 0.0011177761138323244, 3.1288022887282073E-4, 4.719904735569782E-4, 1.6362055784108982E-4, 4.307134211755775E-4, 3.120980073408828E-4, 6.895299692773782E-4, 4.637661923846068E-4, 8.265079479261473E-4, 5.474276017777421E-4, 9.071876381940635E-4, 5.642988749141951E-4, 0.0016863191800362463, 0.0014333537018200214, 0.0015257405515627025, 9.640945781213623E-4, 0.0013706097467470343, 9.006610007017586E-4, 0.0010544723595258963, 9.915615631322532E-4, 0.0010835425070105365, 9.241965276047811E-4, 5.431173352222105E-4, 5.586848782562428E-4, 1.590711249998333E-5, 1.2441052936741515E-4, -1.0600044127825107E-4, -1.1134884126243494E-4, -1.2983392012311213E-4, -1.3216952565444395E-4, 2.0219952695253916E-4, 1.122027094252099E-4, -8.886117380905815E-4, -8.044031643197862E-4, -7.050893061653729E-4, 6.711892182946666E-5, 5.906111183087793E-4, 0.0012629973147837334, 0.0021664695118665082, 0.0028576494015592592, 0.003301572607065782, 0.003612483002050194, 0.003805301215426246, 0.0035425799164447423, 0.003428745740759187, 0.0028725935611908825, 0.0025616258979753105, 0.001981139898181063, 0.0017323625407238703, 0.001607373275277892, 0.0016739934878836275, 0.0015874924146617388 ], [ 3.365721509284471E-4, 0.0014663681348920563, 0.0016915051266995045, 0.003878041083606871, 0.0035150360789625067, 0.004808557398573, 0.0041832978349890994, 0.004769561849624456, 0.004250137636820148, 0.004108483457443175, 0.003602389338976946, 0.0030323579600342273, 0.00249626719448984, 0.0012706635187683256, 0.0014446689222009077, 2.1983206240691467E-4, 4.550606472161307E-4, -1.64570075816527E-4, 1.6448946313292642E-5, 3.386884308280052E-5, 1.9087744988816432E-4, 0.0014845325049669118, 0.0019154534542295087, 0.0043120008527121395, 0.005015571602572754, 0.005864982719193294, 0.006238908398565183, 0.006098893870947355, 0.005635915549676583, 0.005808076000401433, 0.005955451275647138, 0.00624287928976996, 0.006433556549550451, 0.00598839290509898, 0.006428871375774632, 0.0054395165740878495, 0.005836123952706129, 0.005275447364676698, 0.005990876063959555, 0.005280453805957952, -5.489393552547855E-4, -0.0010040519000132863, -9.88215206070731E-4, -0.0019361790347321433, -0.001224849475312082, -0.002528304908124891, -0.0018697828257458818, -0.002990350244855252, -0.002628872340650233, -0.0027565903656043404, -0.001618672323979302, -0.0010050416376416297, 5.882877323671488E-4, 0.0011383948322878455, 0.001997710350534775, 0.0019223518681237314, 0.002233147090199732, 0.0015566218700624938, 0.0025277295508557775, 0.001533756528792804, -4.8225661388371017E-4, 3.0072936237252317E-4, -5.733684470987149E-4, 4.402184277596384E-5, 9.209709133394274E-5, 4.6603902598456835E-4, 0.0013727800695200313, 0.002151702404320479, 0.003650196195550704, 0.0037323932516498625, 0.003987857963773948, 0.003470974309865333, 0.0036246079013557754, 0.0032441976432288945, 0.003441455533338735, 0.0032845945992578847, 0.003124580499850078, 0.004440057845149525, 0.003098243579727911, 0.003796713257241728, -3.666110686096777E-4, 3.133984895362906E-4, 0.0021996484679005527, 0.003800798474870739, 0.005212280136837824, 0.005425792801288241, 0.004933089601343148, 0.0038131020768344035, 0.002000777115222269, 9.599378949861851E-4, 7.830900284653138E-4, 4.4146613872983595E-4, 7.1678401313758E-4, 6.564560082597636E-4, 0.001179841961587834, 8.939205044009524E-4, 0.001431036698624499, 7.30419080482488E-4, 0.0014172652830842483, 7.727470893229265E-4, 0.00252332507607557, 0.002603354459234553, 0.0020144633795786335, 0.0020168151214708927, 0.0014961071572473844, 0.0015143600986086202, 0.0012315746989676872, 0.0013224795777119385, 0.001129714669630599, 0.0011615838400047284, 4.530758444779833E-4, 3.74647524683391E-4, -3.362571286346413E-4, -1.9773655750851888E-4, -4.493276727754049E-4, -4.2757613832171014E-4, -2.976112871002425E-4, -2.2946004591169184E-4, 2.490939227543469E-4, 3.6305324855206475E-5, -7.274368114965543E-4, -9.122809248885203E-4, -2.7598561252240158E-5, 4.0740756598125376E-4, 0.0021844837366769058, 0.0027939499212789754, 0.0045777871513043335, 0.005511405675617674, 0.006380079603652169, 0.006782433643985034, 0.007111387039714395, 0.0067688797760635504, 0.006508321111640261, 0.005554451553682976, 0.004985436740004582, 0.0037524711899232705, 0.0033361135668758582, 0.0032261260702402517, 0.0033428162111889545, 0.003165376977606456 ], [ 8.271537317527517E-4, 0.0012064267956785738, 0.0032931012401732317, 0.0035150360789625067, 0.0065357112889333786, 0.00508583616650804, 0.007020035215768858, 0.005521004624254785, 0.006722840529079076, 0.004918300892961259, 0.005257298459933216, 0.003622132142057985, 0.0032271822197156193, 0.0015593870879524086, 0.0014290201167985006, 1.2762856373796285E-4, -1.5067834674697652E-4, -3.875137817998458E-4, -4.7410933136253616E-4, -1.7969794208636582E-4, 7.243152524989895E-4, 0.0013164528501484192, 0.003226805061497185, 0.00443406579493843, 0.007203791002855319, 0.0071110120817703005, 0.008838566264325788, 0.007822640539308099, 0.008376590118979167, 0.007878613909990348, 0.00870577362702808, 0.00828475457724038, 0.008943687477886566, 0.007994912732231475, 0.008374731193555397, 0.007305691379545215, 0.0072273593127375425, 0.007373206977784668, 0.0072692999258535855, 0.007115578580855155, -7.216062096233969E-4, -8.313805982755887E-4, -0.00203070034478535, -0.0015944909697063047, -0.0032645784898478595, -0.002130575970422651, -0.003548552855592273, -0.0029008718135946376, -0.004141599186518585, -0.0027540525097433485, -0.0020043495398427173, -7.524349232443862E-4, 0.001247315076639828, 0.0018975752697828435, 0.003118556334332201, 0.0028187290588122184, 0.0035416296096055823, 0.0023555677422453718, 0.003859334394570168, 0.0022773988177386653, -3.4030036948271925E-4, -2.4033657115648125E-4, -4.4585151625612437E-4, -2.3512046034376353E-4, 2.7660845638134864E-4, 3.0383964280244807E-4, 0.0015596727343286311, 0.0024569009781234543, 0.004520255791706965, 0.004837753575236825, 0.005230989586703983, 0.004510549081164493, 0.004772625216940478, 0.004533507805081764, 0.004399208514235401, 0.00493124869255691, 0.0037513398882354277, 0.0065013815279238996, 0.003679746621815415, 0.005416574446086234, -4.7577220411153004E-4, 3.179136342407249E-4, 0.002852565674658278, 0.004691871510690595, 0.007169311681695883, 0.007334688791204733, 0.007565425293979508, 0.005798613938258032, 0.0041232823081314655, 0.00206430141484308, 0.0023882044719011008, 0.0012477019590407903, 0.0018932043251607342, 0.0010873439245424688, 0.0019186785725527808, 0.0010649101315943822, 0.0018493238504974467, 9.853844473583266E-4, 0.0017097458664687485, 0.0010273532464570747, 0.0041231852025572615, 0.004053965463885599, 0.0037943699057503347, 0.002994584181901085, 0.003336735864008935, 0.002383901496445199, 0.002680514924814795, 0.0022449614357398892, 0.0022239910210681006, 0.001564178496393672, 6.254998373439614E-4, 3.516546967556352E-4, -6.713568729724292E-4, -4.7109235314912615E-4, -8.507936108727848E-4, -6.159633580227452E-4, -7.042464762054032E-4, -2.695117360881666E-4, 5.966608973578242E-5, 7.066175287541839E-5, -5.321089181788315E-4, -6.176313988318661E-4, 1.9280877840939605E-6, 0.0014066324751769582, 0.0026404458791099918, 0.0043911995426000735, 0.006219296754851128, 0.00806571922156142, 0.00909707589924847, 0.009924785303802147, 0.010149656689927247, 0.009642099184945928, 0.0091988042452108, 0.007789231599848838, 0.007021339416659114, 0.005541746413695899, 0.004796223891119041, 0.004615605542620125, 0.004744948352755313, 0.004522503173814864 ], [ 3.81099492744359E-4, 0.0016405791055333814, 0.0024547960390788968, 0.004808557398573, 0.00508583616650804, 0.006877995376955712, 0.006116060406741371, 0.0069692239204278885, 0.006167261153334278, 0.005878160882814126, 0.004827516677550107, 0.003994770502092628, 0.0030616793585684313, 0.0013048520715799306, 0.0013738831388527579, -2.875314262041185E-4, -1.709415867770122E-4, -8.030036922453909E-4, -8.724623683758741E-4, -5.377612765335739E-4, 1.8044283154467633E-4, 0.0014816190369232156, 0.00268559362358605, 0.0053454527406986, 0.006771838881691512, 0.008263601715347908, 0.008953774785489326, 0.009037848457823029, 0.008390980327474533, 0.008702409301908822, 0.008646755869328145, 0.009139321555861092, 0.00905348054394438, 0.008649018314763224, 0.008961748002893608, 0.0077069624258965744, 0.007999527961164267, 0.007541512533580713, 0.008191767060252311, 0.007465658956450521, -7.582795612001292E-4, -0.0014800961937497393, -0.001496146448451369, -0.0025021115477574483, -0.002156680754140097, -0.003467608908937214, -0.002662756360047734, -0.003950726996865685, -0.003564157042103152, -0.0035197238229343923, -0.0019955962443561196, -9.956117478973248E-4, 0.0010322670974258377, 0.002102349097874405, 0.0031157970118413036, 0.003232432067973876, 0.003441904761459093, 0.0026082326405870624, 0.0039894366738626634, 0.002523381612736978, -2.9603944279963507E-4, 5.713178656186603E-4, -4.588235153688714E-4, 3.0466103010719805E-4, 5.296891216577136E-4, 6.132394425939938E-4, 0.002140166838766464, 0.0029216317001370773, 0.005458676178894698, 0.0055503383001015965, 0.006241905807755663, 0.0054287616947475015, 0.005714830284761672, 0.005295210467259127, 0.005592529860478763, 0.005356747278882295, 0.005207182263914793, 0.007142186493491087, 0.004985537674840573, 0.00629622947256433, -4.925617933671494E-4, 2.3030092402376306E-4, 0.003020420746619758, 0.005038835495711523, 0.007251908004237362, 0.007915271686487578, 0.0074853085647851175, 0.006053395024069558, 0.003533088721039698, 0.0018286684375324147, 0.00154973947959178, 7.781047597993495E-4, 0.0011845407238911232, 8.602975409106968E-4, 0.0016240930104042775, 0.0011176434991561472, 0.0018100598410217637, 8.431481919430682E-4, 0.0016488248490262823, 8.474451052141419E-4, 0.0030990349020062397, 0.0032014290494716416, 0.0024848135089037032, 0.0022953280850662038, 0.001719140143819274, 0.0017343704559044458, 0.0011417668348889143, 0.0012973619748833372, 7.527558946615433E-4, 6.544381721550424E-4, -3.4753899473872893E-4, -4.438349003107858E-4, -0.0013061931085469193, -0.0010129709140217604, -0.0012484084803773307, -9.712868175939507E-4, -8.493543508964975E-4, -5.420308641564726E-4, 2.7841882211889543E-5, -2.1524706245337793E-4, -3.0326159175558045E-4, -6.292414615424737E-4, 6.288558202285131E-4, 0.0012757930611204571, 0.00372971848787109, 0.004543483227351099, 0.007127319776795224, 0.0085603680642439, 0.009861553964053929, 0.010588220450329987, 0.010921134091097172, 0.010578238832564521, 0.009974991669824294, 0.00881219613811308, 0.007638702981260322, 0.0060779269675262995, 0.005153401904979633, 0.005099914421491408, 0.0051931028117095076, 0.00499248707684178 ], [ 7.778029797144543E-4, 0.0014262988369597087, 0.003206717281714912, 0.0041832978349890994, 0.007020035215768858, 0.006116060406741371, 0.008685594084694149, 0.006915647948290975, 0.008273501813456378, 0.006261890701541413, 0.006558306257304724, 0.005045956626262999, 0.004347015492295147, 0.002656856254660804, 0.0022889478206367378, 8.324209413723497E-4, 4.6907733356558117E-4, 3.1414822222551223E-4, 1.831642335359197E-5, 5.024362052322623E-4, 7.489446395294221E-4, 0.0016911361949554047, 0.002714449155712075, 0.004967657142950454, 0.006549011455952787, 0.007292848053266151, 0.008900856053594653, 0.008390750469226839, 0.008697397073214217, 0.008560480995407701, 0.009401008061022464, 0.00924201842170951, 0.009881067010054792, 0.009038696001550151, 0.009533316819667643, 0.008337006805404232, 0.008277642574643303, 0.008447483241161357, 0.008536618555060051, 0.00812783166904851, -4.8039171898988547E-4, -0.0010522995403695055, -0.002325147286123576, -0.0023345830790905977, -0.004184240789439066, -0.0033092890946891974, -0.005059224129586604, -0.004024382150610662, -0.005247076945487179, -0.0036724663604539138, -0.0026464337777168706, -0.0012807010385283727, 0.0012703448275763573, 0.002101708593446472, 0.003611801163905919, 0.003561152764746697, 0.004013628329669418, 0.00301917084503809, 0.0045437384702633685, 0.002899199677577918, -6.156241229690774E-4, -2.0682053501134987E-4, -6.934330598353639E-4, -1.1790356906112262E-4, -3.073715691378295E-5, 1.6558406623346704E-4, 9.95972815398687E-4, 0.0019996133304631862, 0.003952457816439691, 0.004417417386288581, 0.004713380345671261, 0.0037955762133964864, 0.003964318404665535, 0.00340609120015848, 0.0036572041404109613, 0.003735418433535958, 0.0028796676575413424, 0.00537396161996285, 0.002888857440746924, 0.004239961666642854, -6.945075658437249E-4, -3.5250874205440556E-6, 0.0027017842736926927, 0.0048351619199899, 0.0075376376094550435, 0.008200727772863518, 0.008855248600882847, 0.007135886715959454, 0.0055901756281581515, 0.0033604334786626715, 0.003719970325801272, 0.00238008293255635, 0.0031052989907128484, 0.0021660346616538427, 0.003018673617715675, 0.001928977911336622, 0.0027329469719443765, 0.001723118983267084, 0.0024558551523600402, 0.0017146340559636357, 0.007154103543279426, 0.0074532992430595526, 0.007102403019405389, 0.006564542430188137, 0.006754185239236962, 0.006009576857811715, 0.006305006730691487, 0.005894042011581179, 0.005598907836290283, 0.0045799172028758725, 0.003180665322023158, 0.0024460010465096596, 9.896851394675704E-4, 7.9793379988169E-4, 9.952662609580334E-5, 3.3052173993560364E-4, -1.2084789177181914E-4, 4.614231552841611E-4, 6.053833502931041E-4, 6.939882918586561E-4, -4.928547994270786E-4, -6.235092074782201E-4, 1.6937771037855398E-4, 0.0016257709965635293, 0.002843543862177813, 0.004766596804654063, 0.0064909428221675185, 0.008543911410391345, 0.00968940228000317, 0.01060270170598486, 0.010969736597300606, 0.010300893412155647, 0.00994013953087994, 0.008360340424308738, 0.0075507431057020916, 0.005804697498207536, 0.00505735638858879, 0.0048620350571074306, 0.0050682505309502645, 0.004785070325224479 ], [ 5.1987715099646E-4, 0.001835487945813288, 0.0026554453257293395, 0.004769561849624456, 0.005521004624254785, 0.0069692239204278885, 0.006915647948290975, 0.008289177885274815, 0.007024808036335614, 0.007308978836502311, 0.00554447877028537, 0.005516201865686151, 0.003730153941955053, 0.0026315726184560325, 0.00223687650087109, 8.798743356289412E-4, 7.368465928548597E-4, 2.6175356748191333E-4, 9.536611734220789E-5, 5.198543442777736E-4, 6.042449273737907E-4, 0.0018138721203875545, 0.0029958108617888736, 0.0050213047911539955, 0.0066158357356977185, 0.007132377329963887, 0.008090505150509233, 0.007730843102797137, 0.007207901639890444, 0.00754574488334526, 0.007740805481865902, 0.008365056985311665, 0.008418797249217682, 0.008233267945608549, 0.008543125197858636, 0.007525881876618255, 0.007804543441633284, 0.007242302033312402, 0.008176858166560668, 0.007171678381366313, -4.439315352682386E-4, -0.0013655724586856392, -0.0016176583144802425, -0.002756902429620559, -0.003034192870387608, -0.004213901814981631, -0.004123927517656152, -0.005777067271143222, -0.00499931912926031, -0.0052463308003968855, -0.0030470937371797975, -0.002349312550326525, 5.981037459479302E-4, 0.0013485332931367133, 0.002974667109216299, 0.0030418108408820305, 0.003482010897245996, 0.002615455538959037, 0.004088965228003368, 0.0025262194642906503, -3.880764144313186E-4, 2.5948227255078967E-4, -4.297460393964646E-4, -6.180468022704874E-5, 7.064961370887698E-4, 2.084009918110123E-4, 0.0022394246406415926, 0.002230779278110401, 0.0052209466249218415, 0.00424382883890434, 0.0055258985261417174, 0.0034333262325322396, 0.004066460171868547, 0.003020230479207649, 0.0033090929658469103, 0.0029023867087450603, 0.002415700159342907, 0.004501223207582896, 0.0023728825212701687, 0.003539938079348069, -5.49170827467348E-4, 1.2793159242967784E-4, 0.0028355372453551246, 0.0048011186712317595, 0.006991649762559374, 0.007686541914247188, 0.007316060263500017, 0.005959539392539312, 0.0034746264490941744, 0.0022050015115192665, 0.001629347733673963, 0.0014120608380158322, 0.0017171133470005122, 0.0017026888530012403, 0.002436916978818743, 0.0019670603631269028, 0.0025787088786157113, 0.001719218908408649, 0.0024400676479417994, 0.0017105438367421445, 0.004976955199248038, 0.005194102966156482, 0.00463764216892828, 0.004658372760610836, 0.004175233448262901, 0.004362861182235397, 0.0038409167303275365, 0.004286790053867088, 0.003659031406099483, 0.0035649951775816326, 0.0023669840492345708, 0.002062721905451115, 9.492711469140897E-4, 8.140198304358176E-4, 2.810765573738807E-4, 3.558781272906728E-4, 1.9693641185974318E-4, 3.908290033271172E-4, 9.833990985526027E-4, 7.15642957447989E-4, -3.5438220978841096E-4, -8.633079187557206E-4, 6.309977878515334E-4, 0.001079444292131326, 0.0036809363643384558, 0.004132686113983592, 0.006887520478507297, 0.007834659347204984, 0.009422350415780902, 0.009770514867644072, 0.010419761768530562, 0.009753484735834851, 0.009245819133529499, 0.008029268098483037, 0.006943241925247345, 0.005205999518692452, 0.004666055206351654, 0.004254143624253732, 0.00459448337316049, 0.004270053017600072 ], [ 8.771737138588131E-4, 0.0016824260245970665, 0.0032050119178887544, 0.004250137636820148, 0.006722840529079076, 0.006167261153334278, 0.008273501813456378, 0.007024808036335614, 0.008764641196237908, 0.006457366719603008, 0.007243792634243571, 0.00521723471907654, 0.005094580141557264, 0.0029585777377421647, 0.003193168479403688, 0.001249039647401804, 0.0014268375045224197, 8.355083677592891E-4, 8.919730665745296E-4, 0.001222679790843316, 0.0010329961611809403, 0.002201091388072712, 0.0029136557731410436, 0.005369196294440192, 0.0064658182417356045, 0.007707672861377102, 0.008682074673382655, 0.008670036125891002, 0.00859969659857689, 0.00835179234175742, 0.009104043171756697, 0.009069989263173924, 0.009386984789472315, 0.008788285421340112, 0.009081397435352485, 0.008084700385629662, 0.00783145802340779, 0.008184479431166465, 0.008193492745702378, 0.007838010396237239, -2.608198406396329E-4, -8.970132828754511E-4, -0.002005435306308872, -0.0020893168787927702, -0.0037633427136256614, -0.0032293397573948126, -0.004500421201634611, -0.003945972086631415, -0.005325599428114278, -0.003665588937697694, -0.0029053949067655866, -0.0012326074830128412, 6.40348411902145E-4, 0.0018831635276435484, 0.002824546029316268, 0.003207003662517586, 0.0033021666228642485, 0.00274108433307142, 0.0038323439056636563, 0.0025513197535215765, -7.700963835079044E-4, -2.4304659653144042E-4, -9.903654826678402E-4, -1.2046456565058955E-4, -3.399698367248579E-4, -5.041761805414377E-6, 5.36777726471304E-4, 0.0016900968928533482, 0.003165655929386317, 0.003872179043086326, 0.0037261573133748928, 0.0032353513937352246, 0.002949729558207718, 0.002679744156237229, 0.0026043490146221487, 0.0028032496161620613, 0.0016906115300982418, 0.00417261841857859, 0.0018263157514692308, 0.002966348723571754, -6.341159679833373E-4, 9.339998498319142E-5, 0.002691292502756003, 0.004659740070747698, 0.007160920900042865, 0.00789216824600945, 0.008540943467186729, 0.006970930108210674, 0.005598342113066363, 0.003415469980790424, 0.0037850627251029647, 0.0024452476665695172, 0.0032840672312148002, 0.002383166818425826, 0.0032547676856789914, 0.002232461602723791, 0.0028541677302524725, 0.002032353070054866, 0.0025998255169342797, 0.0019474990411431214, 0.00846799350170195, 0.008687299309374584, 0.008480437194280174, 0.007977898104384932, 0.008181772135291797, 0.00764795169128338, 0.007713743779749568, 0.007442150745785382, 0.006951226188131683, 0.005876941814914877, 0.004375871255961916, 0.003715838930006172, 0.0019842605310211327, 0.0018936846870643853, 8.290577233085186E-4, 0.0010408049255965827, 3.437108724091187E-4, 9.819412209085652E-4, 0.0010003972605320327, 0.0011089888372327423, -3.985899849767061E-4, -5.281485808874317E-4, 2.2681098724737763E-4, 0.0016112540498615813, 0.002776368850188004, 0.00446215347461436, 0.006192526363066777, 0.008167770982740467, 0.008967219314489629, 0.00991985867139918, 0.010090329460656184, 0.009612400292050651, 0.009007736564736373, 0.007741674687064666, 0.006781062768930805, 0.005268438576405597, 0.004462510304158737, 0.004321168458275594, 0.004419153722068783, 0.0042623905366909656 ], [ 7.305847506106496E-4, 0.0018342253084798678, 0.0025582491254124567, 0.004108483457443175, 0.004918300892961259, 0.005878160882814126, 0.006261890701541413, 0.007308978836502311, 0.006457366719603008, 0.007261240505237512, 0.00530659652801887, 0.006008695109539211, 0.004116860905849598, 0.003602463885564565, 0.0030939081693419955, 0.0021677633606953647, 0.0019093440411424155, 0.0016310352221708471, 0.001422208702940305, 0.001724888207687216, 0.0010391168082732238, 0.002085973029235389, 0.0029428661484328035, 0.00426584170092089, 0.005539533294902769, 0.005125288526973958, 0.005995429259813318, 0.0050627113425427955, 0.004620274328498144, 0.004780208458267777, 0.004980950357470713, 0.005927970722246481, 0.0059904176779522365, 0.00623488738715502, 0.006446528100126992, 0.005976286472349863, 0.0060515244875947866, 0.005641969937044358, 0.0065921536835324744, 0.005510309752892958, -2.135671573160189E-4, -9.198935890267551E-4, -0.0014662300732350788, -0.002404783130084448, -0.0029752971926705328, -0.0042253120430652685, -0.0044067098867630475, -0.005799804949442534, -0.005367144661273216, -0.005935623457686579, -0.0036095470373219917, -0.0032700761630436934, -3.885018606489127E-4, 2.1418123184849302E-4, 0.001820100095708448, 0.0019610091546911597, 0.002411592626502683, 0.0017027776903203733, 0.003069601948275057, 0.0016541413990472259, -6.390518209739561E-4, -1.6528064500919058E-4, -7.64610298145507E-4, -4.395269239697945E-4, 1.886130790899498E-4, -1.98045517985551E-4, 0.0014626632772650376, 0.0010892185388103495, 0.003504114053461481, 0.0022603780785665313, 0.0031892465998981843, 9.56765356442151E-4, 0.001336181587837256, 1.8756637007053177E-4, 2.2352774933984254E-4, -3.133248041000189E-4, -9.054154903597325E-4, 7.467223946168897E-4, -7.542846822722923E-4, -3.5458873231508694E-5, -5.039992264152912E-4, 1.494636179834601E-4, 0.0023858589360748264, 0.003890314391874202, 0.005672865336016811, 0.005991850373953953, 0.005600482803708307, 0.004497510175076586, 0.002390178772200103, 0.0015206738961360934, 0.0010081169597709499, 0.001261237415935499, 0.0015033607233570316, 0.0019375600261889476, 0.0025015852881845454, 0.0023186660587610677, 0.002720802136621279, 0.002175053217558293, 0.002753120951516796, 0.0021354296776911435, 0.005997790733222415, 0.006068058948841796, 0.005918080154639521, 0.005883540364149965, 0.005824236360823483, 0.005963688167265933, 0.005748318111876606, 0.0061596775027197605, 0.0058031707347320745, 0.005773706445366884, 0.004716463424585523, 0.004299505997050147, 0.0031716567239422335, 0.0026531196804615636, 0.0018917618843712482, 0.001603813553778775, 0.0012926720192567756, 0.0011921558906398493, 0.0017266951186754563, 0.0014854317186965402, -7.664981710353189E-4, -0.0011867306268552335, 2.649101215492478E-5, 3.9161935610054706E-4, 0.0024369845742211594, 0.0026758491683077307, 0.0048231128895230594, 0.005326353606920053, 0.006615865545660207, 0.006577491411361325, 0.007216953248979116, 0.00660075863574343, 0.006256074941671156, 0.005268951217397867, 0.004522010957745935, 0.0030770830779924064, 0.002818296042255701, 0.0023800293998567793, 0.002805680050536869, 0.002473642085635568 ], [ 0.0010473271152567636, 0.0018722678482094596, 0.002575237395699926, 0.003602389338976946, 0.005257298459933216, 0.004827516677550107, 0.006558306257304724, 0.00554447877028537, 0.007243792634243571, 0.00530659652801887, 0.007333148568254585, 0.00516152829556229, 0.0060144728518669805, 0.003959147409038362, 0.004713851486133152, 0.0029726577542725364, 0.003437731180701702, 0.002736316971756533, 0.003164012892926472, 0.0030814381607672833, 0.0013738189850891756, 0.002621087591288324, 0.0023694327702762094, 0.004653170544023724, 0.004394836735096946, 0.005625893891956513, 0.005781961097365074, 0.006183601723434953, 0.006222911849376194, 0.006159134433846651, 0.007113306819805941, 0.0068943172862134736, 0.007481773211541426, 0.006841377853015812, 0.007225118075439264, 0.006323446645307139, 0.006318625928925075, 0.006275852731390638, 0.00656825721846228, 0.005958370382159528, -1.2948204171440034E-4, -6.207379780711453E-4, -0.0015662781302394225, -0.0016362324904307564, -0.0033143905373695234, -0.0028548033466047926, -0.004043136930872861, -0.0033369567580555535, -0.004521355854865155, -0.00295311274584138, -0.0031846229405550893, -0.0012760301280272256, -4.890359102884834E-4, 7.760042435449808E-4, 0.0010088546807937525, 0.00139421769417991, 0.0012587252738687593, 8.250983362171277E-4, 0.0017826518500010512, 6.306863573496754E-4, -9.885496091964633E-4, -4.897964990703819E-4, -0.0011968974136598, -3.159264807474759E-4, -9.910384739988205E-4, -2.4039606839943266E-4, -6.989477159034938E-4, 2.484979026352264E-4, 3.120209418789154E-4, 0.001060804754114598, 6.274437942025125E-5, 1.4060076727170044E-4, -3.320994061561523E-4, -5.230077380003814E-4, -7.100816639894063E-4, -4.102975487182004E-4, -0.0014443658308786246, 3.564934363639937E-4, -0.0013575158999468194, -6.100755070465122E-4, -7.883279374881804E-4, 3.2171052572608716E-5, 0.0016725233318915834, 0.003244069115063076, 0.004801551069472752, 0.005409411762602896, 0.006029334489190291, 0.005143963752978524, 0.0048804720260617164, 0.003404372106301245, 0.004272885132141288, 0.0030242436476149094, 0.0038330755429487953, 0.002960896768120784, 0.0035214172276166696, 0.0025767270285239115, 0.00296731334036602, 0.002338178324572028, 0.0029016821029318397, 0.002301904008834936, 0.010517440517002635, 0.0106657267828986, 0.010675212472503127, 0.010427388770937223, 0.01085952721860389, 0.01048237261370961, 0.010766966909865856, 0.010580272967713005, 0.010045898285133737, 0.008845042052501435, 0.0071628481682252925, 0.006164676578839521, 0.0041790191387430405, 0.0037300694882391495, 0.002505163363628813, 0.0021615777466987593, 0.001654790946771232, 0.001782164279105384, 0.0019191027568837868, 0.0019665612812266075, -0.001584706519662936, -0.001471868677785772, -0.0011468032257829527, 1.0545355623966583E-4, 3.4389633677097797E-4, 0.0018297064207903706, 0.0024917222418668586, 0.004036758846596384, 0.004266425424133106, 0.005035770726401869, 0.005028925213814974, 0.0048944538680229955, 0.004543904511591592, 0.0038032501929830633, 0.0033190021847682716, 0.0024808885512462293, 0.0019633322049861456, 0.0020247863374032392, 0.002011756005050175, 0.001982656908533059 ], [ 0.0010550871614883744, 0.0020219027376430767, 0.002008021962660146, 0.0030323579600342273, 0.003622132142057985, 0.003994770502092628, 0.005045956626262999, 0.005516201865686151, 0.00521723471907654, 0.006008695109539211, 0.00516152829556229, 0.006614189792759758, 0.005026535563697763, 0.005510305099119676, 0.004880826534077549, 0.004701502493998318, 0.0042230651356398394, 0.0042917726522072475, 0.004085593675718928, 0.004185669054626106, 0.0016508430101561627, 0.002688900769066137, 0.0022751637494197808, 0.0031541707734526704, 0.002845522580324839, 0.001871156777830865, 0.002223774610639109, 0.0013734691484390015, 0.0016474358851375783, 0.0018398307030728777, 0.0026690976109440016, 0.0035691427250915944, 0.0037339974985712266, 0.00430693987779728, 0.0042868003704161035, 0.004317198412126589, 0.004275852218327315, 0.003924874006153582, 0.004797121492506447, 0.003700138779998194, 4.6928961492717525E-5, -4.631615556496377E-4, -0.0011688743065063133, -0.001736722845558458, -0.003003129889805012, -0.003745478251933053, -0.004592701820554735, -0.004922900524314394, -0.004805339167088737, -0.004763736932683742, -0.003395654982779185, -0.0032649519136140025, -0.0011016760590031951, -9.796094381435395E-4, 1.4636964903458495E-4, 2.6128126914998673E-4, 3.1413719020096395E-4, 2.932991787229003E-5, 0.0010307481438013497, -6.21070997164671E-5, -0.001026415032506064, -7.576997725570262E-4, -0.0012075431182019404, -8.058017319809133E-4, -8.645156583403686E-4, -9.137087573675441E-4, -5.407002566003768E-4, -0.0015001571781192579, -4.4964454797040654E-4, -0.0023014894506908352, -0.001823161313069397, -0.0038607227130849483, -0.003552719585780049, -0.004552919928409121, -0.0045858032338082335, -0.005018563398765982, -0.00543729456090283, -0.004707058621299246, -0.00522955263356713, -0.0052238458640551655, -6.156856649520708E-4, 1.074805725010397E-4, 9.98794707983013E-4, 0.0019963694025561807, 0.0026009872572568147, 0.002905107704795026, 0.0028613280810783617, 0.0027024347085633595, 0.0021274261250364235, 0.00242346619956837, 0.0024523947131001545, 0.0030319629080540755, 0.0030955399550473225, 0.003505721862074708, 0.0035803353486446887, 0.00323827053498704, 0.003355195097246485, 0.002975030041042084, 0.003394736577204606, 0.0029502605217399764, 0.009629952032095762, 0.009792004985