{
  "weights" : [ 0.055279545307207106, 0.06461559835739382, 0.062429297550601275, 0.06773998740138494, 0.06647486447887574, 0.06799002127504905, 0.07053138583506456, 0.0629617166452539, 0.07434561160124051, 0.06496365761914598, 0.07752744877043716, 0.07079821763783992, 0.08878762595373553, 0.10094094291979319, 0.08895131366782286, 0.1047388854171944, 0.09255623091954941, 0.10461057846709164, 0.09413245492579587, 0.09981212156706093, 0.06382816660337873, 0.061912247783638547, 0.059406230101053586, 0.05326452296908086, 0.051553520170487185, 0.042337740116385594, 0.0376361777184662, 0.03417097751952107, 0.02453670344755951, 0.027833373775386153, 0.022108073197478182, 0.024059208905605027, 0.0060511128710120455, -0.038692476669918346, -0.025475119205848287, -0.06442819179392312, -0.04014871222139013, -0.05891569132081487, -0.048087678222586236, -0.05143947356579708, -0.9865776908031347, -0.9875687250734886, -0.9885487309016676, -0.9893196788350864, -0.9908008730662003, -0.9888395838603832, -0.9890694898714586, -0.9809728561099919, -0.9770093562503018, -0.9636181980028549, -0.9573154606662077, -0.9415261403028458, -0.9396552625039793, -0.9176820265514475, -0.9186102514202786, -0.8998006178991326, -0.9033873820821887, -0.8955803078298877, -0.8962732933987573, -0.8958825619793266, 0.04151165480222, 0.01795372055100347, 0.02034744651262617, -0.01860359797958622, -0.025064133068112674, -0.08622200304136254, -0.09159738502906442, -0.17294636402475547, -0.1906542212574528, -0.24805729598568732, -0.27660917006660996, -0.3179240571524715, -0.32887468782568446, -0.381350389799633, -0.37908927915870994, -0.4178699503751192, -0.4134417679335994, -0.42467956923893435, -0.4282784637763693, -0.4250107526188246 ],
  "covariance" : [ [ 0.0035666651034167445, 0.0032600886960498393, 0.0034351656911066415, 0.0026093727285456, 0.0028503868621031266, 0.0020237439250401844, 0.0026489384807210394, 9.863783269340057E-4, 0.0017598677133921752, 5.915049609613288E-4, 0.0011673085344997226, 1.3152900891347854E-4, 1.621807361063801E-4, 9.019874726822323E-4, -4.941745460845715E-5, 3.1308596616796784E-4, 3.036062491611477E-4, 2.955370151525781E-4, 2.911547127847343E-4, 5.924997757431432E-4, 0.003781485373390412, 0.0036122616980509173, 0.003579215302218933, 0.0032101527519670017, 0.003266672230105776, 0.0024592305489293627, 0.00273593591220066, 0.0019009056681619809, 0.0020933871958235995, 0.0011133951407485735, 0.0018887262731699553, 2.7090385505011683E-4, 0.0031120657100388647, -3.5944536474127203E-4, 0.001653980490804735, -3.313982278294528E-4, 5.454746673193347E-4, 1.578807256409869E-4, 3.294501395978344E-4, 2.0811217607977323E-4, 4.962435088903776E-4, 5.169783191015208E-4, 5.388443181255542E-4, 6.024296857281078E-4, 6.24989672245244E-4, 7.102196530067983E-4, 7.015253079979627E-4, 7.373272166192606E-4, 4.3925242771877793E-4, 0.0010411382222470724, 1.5712350569278117E-4, 0.0013011127660090703, 3.741953949691792E-4, 7.111762545489547E-4, 7.067586972375186E-4, 4.4158687059032915E-4, 4.4016941275266404E-4, 3.017503505006094E-4, 1.8981110206236687E-4, 2.455829306776533E-4, -0.005946739690389299, -0.005307206496952899, -0.005734113809666757, -0.0046455874038670315, -0.004987309142309386, -0.0037461665987109784, -0.0035708922605737084, -0.002763080247715658, -0.001493475054496743, -0.0033511828327601164, -1.8272455691016433E-5, -0.003831744172237384, -3.5772843411133567E-4, -0.002063801134677287, -0.0012465116793487366, -0.0012790435596494452, -6.665269951624853E-4, -8.739403370786635E-4, -2.858389036396608E-4, -5.701073360902513E-4 ], [ 0.0032600886960498393, 0.003075908997705042, 0.003135522693646779, 0.0025032346386044155, 0.002593326703725099, 0.001957280177017783, 0.002373020199078904, 0.0010069385724051387, 0.0015755213137159654, 5.894599244801372E-4, 9.764836259452271E-4, 1.632075005909133E-4, 3.5029268444465746E-5, 8.339531706186442E-4, -1.8138237061653462E-4, 2.1548198377987254E-4, 2.4173459274276488E-4, 1.8540682245172128E-4, 2.2509319110960513E-4, 4.831222952408284E-4, 0.003281168173858175, 0.0031130637965046345, 0.0031154694019705433, 0.0027721654537613237, 0.002821958072466672, 0.002126663225553693, 0.002371751600430523, 0.0016044346750928571, 0.0018661581302298366, 8.402100030647007E-4, 0.0017287656292570334, 4.1558341267912297E-5, 0.0026861551384788117, -3.4601233682139655E-4, 0.0012662469205123707, -1.8085207949982598E-4, 2.9354514437856605E-4, 1.6029592235728817E-4, 1.784286030585966E-4, 1.4368585652039324E-4, 3.9799583634435336E-4, 4.3778765793223585E-4, 4.4961031386334273E-4, 5.40265968079161E-4, 5.548812698340298E-4, 6.60184104150528E-4, 6.603749941945268E-4, 7.185861456725145E-4, 4.317892748445361E-4, 0.0010252931379197538, 2.0260849946375525E-4, 0.0012454064736286802, 4.4490835608101763E-4, 6.293758289122101E-4, 7.568506051530195E-4, 4.08760434443004E-4, 4.827238896406182E-4, 3.223660223865025E-4, 2.6204982282535775E-4, 3.0524652100136657E-4, -0.005547379569718991, -0.005116450283248784, -0.005423601244832497, -0.004457872468757041, -0.004890044442049, -0.003539263659267868, -0.0036535986943564518, -0.0027026518503912855, -0.0015685274003621693, -0.003327130722788326, -2.0432462658856665E-4, -0.0036748632621625525, -5.81788454241874E-4, -0.0018384160848568462, -0.001390898907682869, -0.001202147630336835, -7.586047850945499E-4, -9.206346342627716E-4, -4.411886090547605E-4, -7.022706227471759E-4 ], [ 0.0034351656911066415, 0.003135522693646779, 0.003349442450758961, 0.0025138981288237157, 0.0027604605629701438, 0.001989334576780584, 0.00254764897691499, 0.0010593948861426336, 0.001722417687566574, 7.389549746276835E-4, 0.001190512262160963, 3.0586782808755684E-4, 2.6364845642917246E-4, 9.127512241006288E-4, 9.407379351526887E-5, 4.0993571313370535E-4, 3.551807154822443E-4, 3.982204284691777E-4, 3.2691435899140315E-4, 6.412472544433562E-4, 0.003548941311155964, 0.0033783040656013624, 0.0033491559413190083, 0.0029828448015328155, 0.0030535068360961993, 0.002246415712564959, 0.00254339212741841, 0.001703901363291836, 0.0019446610330322153, 9.543494247129941E-4, 0.0017474921967886026, 2.0507955588311378E-4, 0.0028759064092983414, -2.999422388876268E-4, 0.0015608174903351676, -3.407382953284236E-4, 4.899319050916658E-4, 1.233320930029754E-4, 2.906555633653771E-4, 1.8068734228683282E-4, 4.720216132992477E-4, 4.89019068130716E-4, 5.116673868238519E-4, 5.744100569536059E-4, 6.000092529413327E-4, 6.859562806289723E-4, 6.784348555742694E-4, 7.259737486376143E-4, 4.230407491025024E-4, 0.001028118084475438, 1.3686328782289332E-4, 0.0012494868558818322, 3.521699420840967E-4, 6.723781667345639E-4, 6.304106487226241E-4, 4.2454432932038504E-4, 4.0529120833326097E-4, 3.013252489940131E-4, 1.8089479666292188E-4, 2.6364675673179884E-4, -0.005696960057140955, -0.005153516555059085, -0.00555507794597425, -0.0045141786211493, -0.004842066160105322, -0.0036861451624999367, -0.0034601516912554186, -0.00274404716468189, -0.0014077649486794012, -0.0032991595982045873, 7.496329539091487E-5, -0.0036506930092515, -2.8565910947680193E-4, -0.0019376378535934124, -0.0010517724452133225, -0.0012059161649497874, -5.81375899337138E-4, -8.371150961871308E-4, -2.585525181079288E-4, -5.87247017195316E-4 ], [ 0.0026093727285456, 0.0025032346386044155, 0.0025138981288237157, 0.002089217016083748, 0.0020413913486558304, 0.0016968984645280556, 0.0018382219525105623, 9.54378995337681E-4, 0.0012408262234416786, 6.001636103694014E-4, 7.912778110428486E-4, 2.7190471012307715E-4, 4.780060503478836E-6, 8.037320640421722E-4, -1.1410744883346858E-4, 3.2288481411282214E-4, 2.760577192038678E-4, 2.9245266929263635E-4, 2.53994032506736E-4, 4.905510136776367E-4, 0.002408750186767414, 0.002246711092107527, 0.0022951759682747143, 0.001991262215589113, 0.0020668182535639916, 0.0015015564492488255, 0.0017390864278393422, 0.0010633612066372998, 0.001379876268032185, 4.0618973970382103E-4, 0.0012779868705718779, -3.057395400384879E-4, 0.002059320270726155, -4.299627587352713E-4, 8.640647747264061E-4, -2.521533692250983E-4, 8.677060247776968E-5, -1.905802131998633E-5, 4.113466956237467E-6, -3.5678107859055596E-5, 2.832589255158765E-4, 3.2314269830302744E-4, 3.305638638482702E-4, 4.1591464588385646E-4, 4.305089706767103E-4, 5.256027946070078E-4, 5.321965997538284E-4, 5.912236395085622E-4, 3.567287955165375E-4, 8.388151484871369E-4, 1.679407996936823E-4, 0.0010155516600349028, 3.648929876977724E-4, 4.8370783154112344E-4, 6.233879110093682E-4, 3.485713594472462E-4, 4.359334986546686E-4, 3.3794131720984294E-4, 2.9235775896846255E-4, 3.619397285244634E-4, -0.004394206084830637, -0.004181070159874698, -0.004386871863155097, -0.0036106940486731577, -0.004062101522761224, -0.002852221003435352, -0.0030866887813748604, -0.002178317077167495, -0.0013854455076277906, -0.002662918881109414, -2.219267003159273E-4, -0.0029565310475062286, -4.952553715750773E-4, -0.0013626412763749966, -0.0011504571698831283, -9.392137864201268E-4, -6.940622191468228E-4, -8.41425297468337E-4, -5.020325327289343E-4, -7.638087284928812E-4 ], [ 0.0028503868621031266, 0.002593326703725099, 0.0027604605629701438, 0.0020413913486558304, 0.0023446247162712246, 0.0015361930679842549, 0.0022232206764838643, 6.979744328854053E-4, 0.0014993568301573707, 3.904828848859583E-4, 0.0010367874529572138, -3.163634526950237E-6, 3.275864981919515E-4, 4.6988087170536126E-4, 6.164390085008242E-5, 6.807628468569661E-5, 2.504024172606686E-4, 8.660274583411426E-5, 2.0777215253881524E-4, 3.8422434987834544E-4, 0.0031768094603768803, 0.0030641016695400138, 0.0029981405809226887, 0.0027276505456709987, 0.0027427617119616774, 0.0021097987342594423, 0.002274246229806218, 0.0016920521647714026, 0.001724570739169447, 0.001111813259778578, 0.0015474454432804943, 5.350312172708526E-4, 0.0023136647736834684, -4.645993892477098E-5, 0.0013179089150691286, -7.458071397617753E-5, 4.809639270908424E-4, 2.8844430119439793E-4, 3.5814818926183654E-4, 3.0704073104545476E-4, 4.1525012543483183E-4, 4.246677240941412E-4, 4.574747523708917E-4, 4.8584493719782356E-4, 5.319841315074592E-4, 5.671443836050618E-4, 6.020101578942701E-4, 5.823827306416304E-4, 3.8984968199747114E-4, 8.431767252821472E-4, 1.874502389100523E-4, 9.87113272728114E-4, 4.3716605988945614E-4, 5.312055015184269E-4, 6.512951579936735E-4, 3.1094678650862666E-4, 3.609652574417863E-4, 1.7980065972301713E-4, 1.0437439037498741E-4, 1.2131790457906616E-4, -0.00490373280723287, -0.00440327325778278, -0.004633902798890393, -0.003935842748630466, -0.003988752965165241, -0.0030979021286039305, -0.0030334224452710275, -0.0021916402300320905, -0.0013006304333710425, -0.0027642653925234323, -1.2166447399212549E-4, -0.0029473882181655555, -6.204360742980178E-4, -0.00160124695975255, -0.0011932836091273402, -9.824556119394387E-4, -5.59978306158006E-4, -6.211962089670083E-4, -1.468647033281825E-4, -3.310954162734105E-4 ], [ 0.0020237439250401844, 0.001957280177017783, 0.001989334576780584, 0.0016968984645280556, 0.0015361930679842549, 0.0015138680139032028, 0.0013338734295234818, 0.00102346867631613, 9.362922176694226E-4, 7.915581883745897E-4, 6.717585173932706E-4, 5.470718483363601E-4, 4.0828295445927146E-5, 9.591297618537203E-4, 6.956648472100913E-5, 6.650775724596493E-4, 3.8985829499081984E-4, 6.166432967533899E-4, 3.684438219859191E-4, 6.433057618977416E-4, 0.0014980040606829743, 0.0013308177519346675, 0.0014210946931874002, 0.0011524212820107332, 0.0012614687116832158, 8.055188957649614E-4, 0.0010497708699081017, 4.3553114787945083E-4, 8.196809775710719E-4, -1.162615740819616E-4, 7.082136605268102E-4, -7.170928959837685E-4, 0.00148996929155857, -6.051184625372282E-4, 5.55284541082574E-4, -4.981507384477107E-4, -9.7712791119619E-5, -3.158243632544971E-4, -1.878059915317289E-4, -2.890838576829806E-4, 1.8098266112942342E-4, 2.114920422313005E-4, 2.1352596070046517E-4, 2.9166349276811326E-4, 3.0399873258809564E-4, 3.9333200069129504E-4, 3.858131944644147E-4, 4.685909205380443E-4, 2.462600298754483E-4, 6.399056044340274E-4, 5.437017372791478E-5, 7.867509848665256E-4, 1.6004660000785794E-4, 3.704427321455151E-4, 3.6234043752896537E-4, 3.174519344701046E-4, 3.443944280724903E-4, 3.890889399057991E-4, 3.1865526150533983E-4, 4.6394944775525693E-4, -0.003166295573174597, -0.003173262160304283, -0.003362550094886136, -0.0026799861240794356, -0.003170522515013701, -0.0021743310171340137, -0.002307128930711961, -0.001687372943603213, -9.928187221614811E-4, -0.001928608158806146, 2.362326963068208E-5, -0.0021975092851319053, -6.208199536795152E-5, -9.332352433382799E-4, -5.789089960448555E-4, -6.922933832017533E-4, -5.06131547719705E-4, -7.842463238810167E-4, -5.284025637870503E-4, -8.829684107679698E-4 ], [ 0.0026489384807210394, 0.002373020199078904, 0.00254764897691499, 0.0018382219525105623, 0.0022232206764838643, 0.0013338734295234818, 0.0022262144964176594, 4.8493843840580306E-4, 0.00155479622182696, 1.6649186977288937E-4, 0.001227278547836237, -3.004034569676544E-4, 7.086108196395019E-4, 1.4733074967872122E-4, 3.702132003575028E-4, -2.1560484507806703E-4, 5.154054380530984E-4, -1.3921999039967828E-4, 3.4719218840516134E-4, 3.044682549060581E-4, 0.0030563635832731345, 0.002971551279413261, 0.0028752415345806525, 0.002657568502443688, 0.002626046420968413, 0.002098920467919978, 0.00214278942926772, 0.0017455701643687383, 0.0015367003603760589, 0.001276371630450717, 0.0012794566460577082, 7.761651030041175E-4, 0.0019552338688105498, 2.056013866266534E-5, 0.0011330129557922011, 4.6897046653795744E-5, 3.63719054242623E-4, 3.584298070233179E-4, 3.294963628308643E-4, 3.370584410164157E-4, 3.955609211315094E-4, 3.8420628847237316E-4, 4.493171664291625E-4, 4.2772851164848806E-4, 5.176760945414215E-4, 4.996576510753037E-4, 5.817525677598956E-4, 5.057554059323334E-4, 3.9786935315688017E-4, 7.196109353266887E-4, 2.2482943954004733E-4, 7.981747450221328E-4, 5.028886672303192E-4, 4.3058892234395455E-4, 7.09478254334882E-4, 2.3473870423190265E-4, 3.691306407119721E-4, 1.317968798084372E-4, 6.88602432615781E-5, 7.656437908384398E-5, -0.0046569979290513545, -0.004187782916372535, -0.004290066450345822, -0.003755736749901016, -0.00369103658837875, -0.0027994232504535534, -0.002957267231080966, -0.0019161676420372054, -0.0013030152114667018, -0.002456024142987458, -1.703472642569881E-4, -0.0025115971418181297, -7.537246025184586E-4, -0.0013937374544832407, -0.0012774320619857438, -8.749204423960551E-4, -5.034010578071287E-4, -5.642272125406362E-4, -2.2801169012501776E-5, -2.35015999116717E-4 ], [ 9.863783269340057E-4, 0.0010069385724051387, 0.0010593948861426336, 9.54378995337681E-4, 6.979744328854053E-4, 0.00102346867631613, 4.8493843840580306E-4, 9.796261307299771E-4, 4.1435330294177064E-4, 9.85960819603091E-4, 3.680111172310436E-4, 9.271738487503757E-4, 4.277872434033657E-5, 9.221743729634107E-4, 2.6510283830537127E-4, 8.609501512552698E-4, 3.76727779845353E-4, 8.065716572248616E-4, 3.5779993100796886E-4, 6.306199157817801E-4, 1.596400726795796E-4, 1.5990971911851043E-5, 1.428125884843887E-4, -5.8313803036670617E-5, 8.449055050211321E-5, -2.1439055659139872E-4, 5.532705650684518E-5, -4.4991773622273255E-4, 7.913478413718772E-5, -7.865993194767345E-4, 5.862751509121E-5, -0.0010711863270703164, 4.87691386891259E-4, -5.192702369870146E-4, 3.047082568386097E-5, -5.234251017228104E-4, -3.3446251122143394E-4, -4.7764775408383226E-4, -3.794378454670572E-4, -4.403183391418631E-4, 1.8316044445930354E-5, 4.359316436383554E-5, 2.853308805266024E-5, 1.1072289812895332E-4, 9.733329458977449E-5, 1.9761993634371907E-4, 1.6049449590196225E-4, 2.9564709341252696E-4, 9.61643701962328E-5, 3.9595451826774676E-4, -5.325757009851966E-5, 4.574623723492429E-4, -4.879048617724651E-5, 1.7197285988258124E-4, 4.118177819821339E-6, 2.1253517554608672E-4, 1.6822529999062694E-4, 3.415289842379242E-4, 2.799200921950122E-4, 4.6534991372653545E-4, -0.0013118340561329325, -0.0016039521617087452, -0.0017409841811152614, -0.001262982362570551, -0.0018039234211726367, -0.0011970029211201578, -0.001185205751929547, -0.001107684299879434, -4.2409247109923763E-4, -0.0011094074930711785, 2.7223876359462433E-4, -0.0011527002225727124, 3.7205133610399124E-4, -3.064007701818092E-4, 2.021763687281249E-4, -3.131364509148336E-4, -1.6649911654441175E-4, -5.482850840660929E-4, -4.4826121132821527E-4, -8.266635771270335E-4 ], [ 0.0017598677133921752, 0.0015755213137159654, 0.001722417687566574, 0.0012408262234416786, 0.0014993568301573707, 9.362922176694226E-4, 0.00155479622182696, 4.1435330294177064E-4, 0.0012841775673327063, 2.711043797506187E-4, 0.0012413612023082442, -1.984110873456707E-5, 0.001010305081100703, 8.664336138216095E-5, 8.605377580998656E-4, 2.4101234313618718E-5, 8.745200739668482E-4, 1.298133100030832E-4, 6.495457837710644E-4, 4.613759110770595E-4, 0.0017352364952856062, 0.0016377351300705123, 0.0016302811191305426, 0.0014257371977626394, 0.0014533528657874662, 0.0010671957275877018, 0.001098248080437866, 8.332232633383347E-4, 6.60052173262874E-4, 5.035468782170938E-4, 4.590569652706521E-4, 1.0635758170950686E-4, 7.402311518407887E-4, -1.2581980272381968E-4, 3.249187475159214E-4, -1.210267418514105E-4, -1.7893484133374755E-4, 7.068414262686974E-7, -1.4759548431135606E-4, -4.85519603327895E-5, 2.3419774001401E-4, 2.1402536418436982E-4, 2.839850615632791E-4, 2.4258774163951697E-4, 3.5321535467392135E-4, 2.9794416675561747E-4, 4.3360467619843473E-4, 3.2015506985026346E-4, 3.5971040086544756E-4, 4.80813782805347E-4, 2.2515387836866374E-4, 4.876188792136136E-4, 4.8079903819431345E-4, 1.9313940400806902E-4, 5.899592006622606E-4, 1.6171325648319936E-4, 4.119115589240619E-4, 2.0642375076932668E-4, 2.3715829283079266E-4, 2.4392729211062715E-4, -0.003087115044980656, -0.0029585309054108075, -0.0028712379447885846, -0.002691771531130669, -0.0025565767591276198, -0.0019513814724578561, -0.0022836489000885086, -0.0012511417251195311, -0.0012240328113887213, -0.0016247315874218502, -2.0600491332039883E-4, -0.0015698928875806074, -7.104348073246105E-4, -6.254955714598559E-4, -9.63220670792888E-4, -5.002592405273954E-4, -5.058603595019893E-4, -5.164579587711272E-4, -2.4239168933987932E-4, -4.3355030158194507E-4 ], [ 5.915049609613288E-4, 5.894599244801372E-4, 7.389549746276835E-4, 6.001636103694014E-4, 3.904828848859583E-4, 7.915581883745897E-4, 1.6649186977288937E-4, 9.85960819603091E-4, 2.711043797506187E-4, 0.0011896009825524047, 3.5537614750238956E-4, 0.0012478955692411958, 1.6987082949577396E-4, 0.00100134763339801, 5.425843833499614E-4, 0.0011229556820282907, 4.634239551065807E-4, 0.0010687517248655855, 4.5613606306482035E-4, 7.521773923763699E-4, -3.650812348712759E-4, -5.070069427200546E-4, -3.679652914160241E-4, -5.655721766356122E-4, -3.860130351789681E-4, -6.868281704001703E-4, -3.6648460827892233E-4, -8.740732786864524E-4, -2.717581702318438E-4, -0.001117321093396952, -2.596365914759436E-4, -0.00124637100828438, 7.94602610383805E-5, -4.913725363644494E-4, -1.0898220123159459E-4, -6.686510353287115E-4, -4.009397156845547E-4, -6.210606910104559E-4, -4.848775871281077E-4, -5.42193063649035E-4, -1.86398057201802E-5, -7.122398426724175E-6, -2.9885259456460937E-5, 4.5838899551106385E-5, 1.8411765723535862E-5, 1.1813871369778684E-4, 6.133258295859593E-5, 2.168967205842884E-4, 2.8944075245312564E-5, 2.928752824318125E-4, -1.400517745404403E-4, 3.3577221669208715E-4, -2.0545126726374488E-4, 1.1262374331255449E-4, -2.3749599081776226E-4, 1.8848064034480673E-4, 7.017655489693469E-5, 3.2677047497884E-4, 2.648009421421957E-4, 4.6896474674793865E-4, -4.920877295010064E-4, -8.363089927153235E-4, -0.0010305988346013572, -5.928330681375908E-4, -0.0011024283778417795, -8.331582757045686E-4, -4.991279761903795E-4, -8.952490992654849E-4, -7.022518308551174E-5, -7.442473405390647E-4, 5.640807906292403E-4, -7.354103527131683E-4, 7.946413693164042E-4, -8.180253200184727E-5, 7.952163838799518E-4, -1.5845644538230584E-4, 6.36430766357165E-5, -4.132523574611983E-4, -3.7474933551531503E-4, -7.714311657697969E-4 ], [ 0.0011673085344997226, 9.764836259452271E-4, 0.001190512262160963, 7.912778110428486E-4, 0.0010367874529572138, 6.717585173932706E-4, 0.001227278547836237, 3.680111172310436E-4, 0.0012413612023082442, 3.5537614750238956E-4, 0.001593238832709995, 7.325931052826686E-5, 0.0017152454715352234, -1.1756418012536353E-4, 0.0016945484153302768, 7.541911628070019E-5, 0.0015156168054090285, 2.752621026078962E-4, 0.0010756570188459945, 6.389284750151838E-4, 8.252668842468259E-4, 7.240944435530288E-4, 7.556731966300492E-4, 5.711869476759594E-4, 6.358274765030481E-4, 3.4515633888509316E-4, 3.4641461785922637E-4, 2.062604674382693E-4, -5.691917614947001E-5, 5.073910739589096E-5, -3.4585344308705313E-4, -2.1096721608484322E-4, -2.266041674963685E-4, -2.226951962836881E-4, -2.399003867897602E-4, -2.508154200042658E-4, -5.935678775053361E-4, -2.464688256016622E-4, -4.6139779073279034E-4, -3.096692471728785E-4, 1.3210675107526069E-4, 7.78030135263587E-5, 1.9179374107728995E-4, 8.279111101602805E-5, 2.5642914350886584E-4, 1.3623354979394776E-4, 3.3520030713860975E-4, 1.754953312343233E-4, 3.3759696845757375E-4, 2.490395012981432E-4, 2.1317293530217056E-4, 1.320963501876838E-4, 4.5601078555035894E-4, -4.315385286232835E-5, 4.819427275363755E-4, 5.5311665358248437E-5, 3.958781236299948E-4, 2.3905142832683038E-4, 2.6750719232662934E-4, 3.536963796792966E-4, -0.002023412286912614, -0.0021903756846333145, -0.0018963836487447014, -0.00197024602508309, -0.0018243321745311774, -0.0012806896665516446, -0.0018934570891886385, -7.072203985150771E-4, -0.0011630952823997163, -8.720105278472889E-4, -1.0507677169006932E-4, -5.81539131578049E-4, -5.784241825240831E-4, 5.804781061851237E-5, -5.988797854010863E-4, -1.5350132564623573E-4, -3.188984376818252E-4, -4.554426941386781E-4, -1.6662724586869948E-4, -5.327774492097669E-4 ], [ 1.3152900891347854E-4, 1.632075005909133E-4, 3.0586782808755684E-4, 2.7190471012307715E-4, -3.163634526950237E-6, 5.470718483363601E-4, -3.004034569676544E-4, 9.271738487503757E-4, -1.984110873456707E-5, 0.0012478955692411958, 7.325931052826686E-5, 0.0015618716908557466, -1.4826006965391663E-4, 0.0011368467925759428, 3.700998723869623E-4, 0.0015073197727877327, 1.9054736713669553E-4, 0.0014184920100537277, 3.6041864107248816E-4, 8.457264775528623E-4, -8.500621934615965E-4, -0.0010015030362253501, -8.036757691675447E-4, -0.001032811204598941, -7.694986145846729E-4, -0.001111990353297892, -6.819263506209799E-4, -0.0012551085942083802, -4.694739854633049E-4, -0.001492861059718547, -3.1382209780827765E-4, -0.0016410066177740446, -2.0554307022171511E-4, -5.107658610857766E-4, -2.1825192205945356E-4, -8.739828214549474E-4, -3.4612508801086885E-4, -8.355608220138578E-4, -5.641741239285994E-4, -6.894411152003869E-4, -5.0163871762548136E-5, -2.8123499736692025E-5, -8.289543464422815E-5, 7.911678661289407E-6, -4.742815425724992E-5, 4.4850072634994474E-5, -6.869612534676138E-6, 1.1245388541772985E-4, -2.0572242974660366E-6, 2.0410554690099145E-4, -1.5472879560986922E-4, 2.838070029485315E-4, -2.450489193501017E-4, 6.769538237600404E-5, -3.534589506566104E-4, 2.0178464661847187E-4, 5.717803067512528E-5, 3.4379907444335496E-4, 3.349646690804661E-4, 4.8669063520275917E-4, 3.622710316084736E-4, -3.4275966676073378E-6, -1.9603394145851415E-4, 3.1089302674445986E-5, -2.630068991641644E-4, -4.830874098113704E-4, 1.0598289164892049E-4, -4.3415527743691896E-4, -3.13993572787396E-5, -2.687316619463063E-4, 4.4550406635939616E-4, -4.1551123255808555E-4, 7.332639659442459E-4, 1.9567158506350593E-4, 9.148124995845608E-4, 4.198326135847252E-5, -6.211178019783489E-5, -2.662336613506375E-4, -5.667387876182226E-4, -7.41919278894913E-4 ], [ 1.621807361063801E-4, 3.5029268444465746E-5, 2.6364845642917246E-4, 4.780060503478836E-6, 3.275864981919515E-4, 4.0828295445927146E-5, 7.086108196395019E-4, 4.277872434033657E-5, 0.001010305081100703, 1.6987082949577396E-4, 0.0017152454715352234, -1.4826006965391663E-4, 0.002421402587072881, -8.167284322587907E-4, 0.002357491502125782, -4.487423236117761E-4, 0.001929368961902901, -1.4018298551260827E-4, 0.0012323632800293933, 3.873151619921883E-4, -2.614347515762484E-4, -2.9073062098682127E-4, -3.0191361709510316E-4, -3.397816221505184E-4, -3.497957680545703E-4, -3.464688703006641E-4, -5.387952245683133E-4, -2.8671629950817316E-4, -8.262009412277557E-4, -9.258141084395152E-5, -0.0011695741027224192, 9.001340726539839E-5, -0.0016247635150258466, 1.4056729115342675E-4, -9.801289852253937E-4, 1.6542115450497895E-4, -9.974268530655872E-4, -7.232863295105217E-5, -5.976807603397073E-4, -2.4218543910545256E-4, -2.9061784913183208E-5, -1.1525540031968182E-4, 4.52169971426903E-5, -1.3389579621524264E-4, 9.92848363154933E-5, -8.726133715051241E-5, 1.7511757025292084E-4, -1.9738006525930563E-5, 2.71103507744856E-4, -4.6531801685996456E-5, 2.463381777216294E-4, -3.915510791885569E-4, 5.177827563048064E-4, -3.690459440967916E-4, 3.9048706786837186E-4, -1.75114620699327E-4, 2.842613330246118E-4, 8.850004411614683E-5, 1.4458214124641396E-4, 2.4909073247932637E-4, -5.650574893092249E-4, -0.0010697069830788925, -4.5405095598759476E-4, -9.672112826450467E-4, -7.06806358014843E-4, -2.9860652344542435E-4, -0.001335668684867231, -8.750955395871351E-5, -8.627389320607487E-4, -1.2214953849171213E-4, -7.625564462333025E-5, 7.752909181082666E-4, -7.001486144468785E-4, 8.291292942327532E-4, -3.075633752311935E-4, 2.669987886623108E-4, 3.51313188224338E-5, -1.976291363939509E-4, 1.5171123617619927E-4, -3.1790725540957633E-4 ], [ 9.019874726822323E-4, 8.339531706186442E-4, 9.127512241006288E-4, 8.037320640421722E-4, 4.6988087170536126E-4, 9.591297618537203E-4, 1.4733074967872122E-4, 9.221743729634107E-4, 8.664336138216095E-5, 0.00100134763339801, -1.1756418012536353E-4, 0.0011368467925759428, -8.167284322587907E-4, 0.0018624452382310832, -3.6166453743358693E-4, 0.0018428887197182477, -4.240442690170952E-6, 0.0015963042204513481, 3.572819400232877E-4, 0.0010219055645325314, 1.6815144794711E-5, -1.6201355319175244E-4, 1.4202615503853923E-5, -2.0457687971233153E-4, -2.2963608796413154E-5, -3.178966747087344E-4, -1.1739277397560723E-5, -5.851766943793975E-4, -2.4147180728007197E-5, -0.0010454422073726745, -3.656757991642469E-5, -0.001650353140798885, 0.0012715870474133413, -0.0013074137710989279, 5.083246009772084E-4, -0.0014693263853970385, -4.061119397424254E-5, -0.0011249682343778668, -4.877519034647882E-4, -8.812159337604648E-4, 7.330915089155191E-5, 9.786596566885677E-5, 1.1244108569785631E-5, 1.3172925895016085E-4, 2.0107676935578256E-5, 1.5142534873523883E-4, -1.1172595234333745E-5, 1.5876658857072936E-4, -9.73322210085784E-5, 1.7634375004216924E-4, -3.628791925613605E-4, 5.674976675358759E-4, -6.575492427112633E-4, 4.1510159855644255E-4, -4.261219668542343E-4, 4.198673590671721E-4, 9.660132382503868E-5, 5.038038030577934E-4, 4.306138425679118E-4, 5.858608611078905E-4, -3.636911309081222E-4, -2.2633523213807567E-4, -9.152893693205094E-4, -4.6617102257005595E-5, -5.663288172299744E-4, -5.714275396422541E-4, 5.483688645731274E-4, -5.408434047828656E-4, 4.3550027931581447E-4, -1.3427287637256217E-4, 8.786554675690479E-4, -0.001239443404119094, 0.0017121763228405127, -6.860462550672494E-4, 0.0010516844657354515, -4.473622211959065E-4, -1.3797374378359765E-4, -6.070345519212662E-4, -7.353034977739139E-4, -9.405022163091174E-4 ], [ -4.941745460845715E-5, -1.8138237061653462E-4, 9.407379351526887E-5, -1.1410744883346858E-4, 6.164390085008242E-5, 6.956648472100913E-5, 3.702132003575028E-4, 2.6510283830537127E-4, 8.605377580998656E-4, 5.425843833499614E-4, 0.0016945484153302768, 3.700998723869623E-4, 0.002357491502125782, -3.6166453743358693E-4, 0.0026008657919968712, 8.135223409731222E-5, 0.002128611856859239, 3.673707104159047E-4, 0.0014512378792960845, 7.035897791833859E-4, -8.882652643769074E-4, -9.714733454472404E-4, -8.85677525660801E-4, -0.001004069379264865, -9.005561816005843E-4, -9.896743710231257E-4, -9.976160854222411E-4, -9.589735465739325E-4, -0.0011844866396065739, -8.025502616126778E-4, -0.0014723432999163171, -6.956483333465861E-4, -0.001728653539714502, -2.275623227158928E-4, -0.0011523908001419903, -2.730839579176426E-4, -0.0012022607875443617, -4.828666810951672E-4, -9.046529102060465E-4, -5.936475937641406E-4, -8.123643904816679E-5, -1.6715994821121658E-4, -2.829588139834919E-5, -1.8136259946764253E-4, 1.0752808966037463E-5, -1.2980096678673878E-4, 7.506724297360743E-5, -4.1960558209443477E-5, 2.0884502954530716E-4, -9.176333038541619E-5, 1.2478812704496144E-4, -3.6775978581697025E-4, 2.580216168026208E-4, -3.760697676822124E-4, 1.3027299470707188E-4, -1.2274377189799428E-4, 2.461968943750376E-4, 2.0533236795481648E-4, 2.502352785072816E-4, 4.2064971012462115E-4, 1.0569117722762628E-4, -4.739730188330046E-4, -2.3525184286892688E-5, -3.241320645474094E-4, -4.049048398399342E-4, -2.7770689564990137E-5, -8.063620915410186E-4, -4.658186365874873E-5, -6.478652661526399E-4, 1.5225945709224152E-4, 2.294744848063042E-4, 8.182362015501267E-4, 9.40744552086781E-6, 9.906446249912815E-4, 3.5970832230418283E-4, 3.3650500995500315E-4, 1.8478133132249192E-4, -2.55004545121796E-4, 2.4733119476982976E-5, -5.474174029635989E-4 ], [ 3.1308596616796784E-4, 2.1548198377987254E-4, 4.0993571313370535E-4, 3.2288481411282214E-4, 6.807628468569661E-5, 6.650775724596493E-4, -2.1560484507806703E-4, 8.609501512552698E-4, 2.4101234313618718E-5, 0.0011229556820282907, 7.541911628070019E-5, 0.0015073197727877327, -4.487423236117761E-4, 0.0018428887197182477, 8.135223409731222E-5, 0.0025715228377306766, 1.2973551984410514E-4, 0.002347041807986532, 6.204389948378573E-4, 0.0014363243894919629, -6.53301288970452E-4, -8.488250388688366E-4, -6.239046473541967E-4, -8.605995597042577E-4, -5.815417074650236E-4, -8.906655165769389E-4, -5.879632194255243E-4, -0.0010472553774322172, -6.040967624889094E-4, -0.0014276186494840614, -6.192759995063309E-4, -0.0020173914795333834, 2.8132215503632056E-4, -0.0013149273665618365, 2.268286600334704E-4, -0.001925489189879971, -7.67383228104692E-5, -0.001606147016232192, -6.686171600947208E-4, -0.001230490465381293, 6.151410854863306E-5, 5.8865939707501374E-5, -1.1118744437560262E-5, 3.343287629638652E-5, 7.237303952751647E-6, -9.56323435263327E-6, -1.725046959561216E-5, -7.231953875479694E-5, -6.158810885369951E-5, -6.557025070453532E-5, -3.2684372797937004E-4, 2.4911216041050607E-4, -5.153669467690309E-4, 2.3296089786568828E-4, -4.637116870358957E-4, 4.09424114635018E-4, 1.841742605990489E-4, 6.036806132242636E-4, 5.901756962679795E-4, 7.282697766278754E-4, 8.128603476819921E-4, 7.197518876538444E-4, 3.3068715962737244E-4, 4.5101130994657364E-4, 8.545002361569211E-4, -1.1909024938204405E-4, 0.001179263675591506, 5.677976347397005E-4, 2.4302949484692756E-4, 9.853505937843232E-4, 6.67925136861722E-4, -6.960019730576596E-5, 0.001146560897395357, 9.10663999844978E-5, 9.81013837372484E-4, 3.842875220927823E-5, -4.668011253303138E-4, -4.3035293938952423E-4, -0.0010427203722565008, -0.0010278800337326375 ], [ 3.036062491611477E-4, 2.4173459274276488E-4, 3.551807154822443E-4, 2.760577192038678E-4, 2.504024172606686E-4, 3.8985829499081984E-4, 5.154054380530984E-4, 3.76727779845353E-4, 8.745200739668482E-4, 4.634239551065807E-4, 0.0015156168054090285, 1.9054736713669553E-4, 0.001929368961902901, -4.240442690170952E-6, 0.002128611856859239, 1.2973551984410514E-4, 0.0020544292802255094, 3.2886912992327545E-4, 0.0014400896565379298, 7.209170849818008E-4, -7.310975034236461E-4, -8.462495038778657E-4, -7.239286931849216E-4, -8.46836781335618E-4, -7.837052731361938E-4, -7.893484897941309E-4, -8.684250513942562E-4, -8.322718373616218E-4, -0.0010657468816039656, -8.348005174272259E-4, -0.0013800220964135586, -9.994435627077873E-4, -0.001229465779155196, -6.783805067636335E-4, -0.0011493542499984735, -4.224868119002099E-4, -0.0013562560321289685, -6.218529959711102E-4, -0.0010588943061962345, -7.708983896565114E-4, -9.779803307211288E-5, -1.5819586261720317E-4, -4.2145197645754964E-5, -1.4315461886449602E-4, 1.480867370975418E-5, -7.231839543849438E-5, 8.764426270421308E-5, 3.0183377995836487E-5, 1.995565063844875E-4, -2.8068547141641953E-5, 9.630304161650468E-5, -1.7115172539549994E-4, 1.7430471466299E-4, -2.427841788236529E-4, 2.3363218092404737E-4, -1.4795502141703452E-5, 3.712986163790982E-4, 3.4635177514436304E-4, 4.154456536620834E-4, 5.796270491773028E-4, -3.4644301022715863E-4, -8.729238425216499E-4, -5.631031973240078E-4, -5.676773803580064E-4, -9.587627969204616E-4, -1.602084380870271E-4, -0.0010615086439010588, -3.067370521249512E-4, -6.764599452650682E-4, -7.648452928535416E-5, 2.1200231953253474E-4, 2.157527943887769E-4, 2.1435336551327926E-4, 6.423185435335489E-4, 1.3183273416993347E-4, 5.988362963666446E-5, -2.4211690687068305E-5, -5.853770975649781E-4, -2.789807897197592E-4, -8.833291898113539E-4 ], [ 2.955370151525781E-4, 1.8540682245172128E-4, 3.982204284691777E-4, 2.9245266929263635E-4, 8.660274583411426E-5, 6.166432967533899E-4, -1.3921999039967828E-4, 8.065716572248616E-4, 1.298133100030832E-4, 0.0010687517248655855, 2.752621026078962E-4, 0.0014184920100537277, -1.4018298551260827E-4, 0.0015963042204513481, 3.673707104159047E-4, 0.002347041807986532, 3.2886912992327545E-4, 0.002187084496764638, 7.056692360029258E-4, 0.0013863430088639332, -6.266775447772259E-4, -8.149523819221858E-4, -5.973289545727406E-4, -8.394251285153047E-4, -5.573958650882888E-4, -8.842237767348286E-4, -5.818383735981068E-4, -0.0010256310896937155, -6.239551461744263E-4, -0.0013618566961355136, -6.581808675872814E-4, -0.0019020260075778722, 8.216145989372125E-5, -0.0011780717885068355, 1.1433521335907145E-4, -0.0017721998308308715, -1.5076569535547895E-4, -0.001501325070523126, -6.71061618527872E-4, -0.0011624627101624626, 5.9412105838340614E-5, 4.7885139173165254E-5, 2.264827411625462E-6, 2.0169113751082023E-5, 2.4598975163608064E-5, -1.5649606951183874E-5, 1.3619967897462322E-5, -6.920288517598334E-5, -1.3233930324963002E-5, -5.767977391640015E-5, -2.5850311892376584E-4, 1.8830383338807943E-4, -3.9182218646987785E-4, 1.6083748894405738E-4, -3.752537543408645E-4, 3.539699596579678E-4, 2.015629279671002E-4, 5.635071176860503E-4, 5.54004126932101E-4, 6.950006705634686E-4, 6.807968855529147E-4, 5.326560687619808E-4, 2.6457532811932806E-4, 2.881137958535235E-4, 7.018220016649013E-4, -1.6796104287778986E-4, 8.908192391049492E-4, 5.453288815429877E-4, 4.000101772166286E-5, 9.064998558335845E-4, 5.435990786292278E-4, 3.6386386159518804E-5, 8.988055671732567E-4, 2.2615389770947616E-4, 8.310004680745384E-4, 1.01705732136733E-4, -4.5122813103212365E-4, -3.9101988569593857E-4, -9.445832270852527E-4, -9.666857593814903E-4 ], [ 2.911547127847343E-4, 2.2509319110960513E-4, 3.2691435899140315E-4, 2.53994032506736E-4, 2.0777215253881524E-4, 3.684438219859191E-4, 3.4719218840516134E-4, 3.5779993100796886E-4, 6.495457837710644E-4, 4.5613606306482035E-4, 0.0010756570188459945, 3.6041864107248816E-4, 0.0012323632800293933, 3.572819400232877E-4, 0.0014512378792960845, 6.204389948378573E-4, 0.0014400896565379298, 7.056692360029258E-4, 0.0011462893824027054, 7.99439154845575E-4, -5.682426876923593E-4, -6.875139027796204E-4, -5.568483904003348E-4, -6.905203108888346E-4, -5.989080532776989E-4, -6.536022698938235E-4, -6.826744020803769E-4, -7.089119873525593E-4, -8.543257876059667E-4, -8.039514880100366E-4, -0.0010725087620193096, -0.0010903737421203545, -8.014836571223834E-4, -7.698281408725514E-4, -7.641855428365695E-4, -7.131864968901251E-4, -9.670958544080822E-4, -7.82111086462491E-4, -9.001669995231544E-4, -8.115116535013388E-4, -4.265852539507727E-5, -8.512773170444714E-5, -1.991225725754847E-5, -8.534442098688675E-5, 2.361527430612644E-5, -5.660493309276438E-5, 7.134746592901242E-5, -1.4255500189023726E-5, 1.456625154392829E-4, -4.648736751399108E-5, 2.3140342959915545E-5, -5.8611473043016255E-5, 5.546280611513159E-5, -1.1003734517877337E-4, 1.2549457045679782E-4, 8.779869581562837E-5, 3.468142198189092E-4, 3.764368613888713E-4, 4.5659525349827035E-4, 5.578397040437943E-4, -1.0683049092357973E-4, -4.3994910937826754E-4, -2.961411744235012E-4, -3.3414548092334064E-4, -4.044480877719506E-4, -1.3378076171887364E-4, -4.7811020190664143E-4, -1.637164038828271E-5, -4.832099525664365E-4, 1.972757041742743E-4, 2.0822863510242052E-4, 1.0158686524648239E-4, 2.7408290318826613E-4, 4.443173117237358E-4, 1.4974018512780175E-4, 3.2769258413079195E-5, -2.2157178986761386E-4, -5.105629516857844E-4, -4.889338014454046E-4, -8.270659776440815E-4 ], [ 5.924997757431432E-4, 4.831222952408284E-4, 6.412472544433562E-4, 4.905510136776367E-4, 3.8422434987834544E-4, 6.433057618977416E-4, 3.044682549060581E-4, 6.306199157817801E-4, 4.613759110770595E-4, 7.521773923763699E-4, 6.389284750151838E-4, 8.457264775528623E-4, 3.873151619921883E-4, 0.0010219055645325314, 7.035897791833859E-4, 0.0014363243894919629, 7.209170849818008E-4, 0.0013863430088639332, 7.99439154845575E-4, 0.0010466419547070635, -1.6447445851438345E-4, -3.1915475330575007E-4, -1.6366805640514746E-4, -3.691931531580475E-4, -1.8677054304027106E-4, -4.4728873344458144E-4, -2.76901759727243E-4, -5.923920947611205E-4, -4.2278427037201465E-4, -8.715493986010211E-4, -5.437503423248726E-4, -0.0013364358308356192, 6.351114076388431E-5, -9.224479022694492E-4, -5.493204567486959E-5, -0.0011928462055297497, -3.683631194527813E-4, -0.0010324189193434748, -6.28694250488868E-4, -8.649218304177111E-4, 6.117451015582705E-5, 4.1652894191355E-5, 4.5419666577282236E-5, 3.515571922333798E-5, 8.02136561735197E-5, 3.8074764896377595E-5, 9.803854120206748E-5, 2.8306747319197268E-5, 8.575059306981545E-5, 4.684413214391708E-5, -1.0885159360197514E-4, 1.916982546853497E-4, -1.465565395868538E-4, 1.0676261195414233E-4, -7.716342177335232E-5, 2.5122385340375626E-4, 2.665201013488654E-4, 4.5094419956416955E-4, 4.5887147003898513E-4, 5.775155758878594E-4, -2.5445589761756334E-4, -3.9110636611488624E-4, -5.125201177802273E-4, -4.0698916524554334E-4, -2.6765223935631445E-4, -4.7280959047919807E-4, -6.430117118476807E-5, 2.5601007817067625E-5, -3.009948022256259E-4, 2.3627603785481176E-4, 3.422760552282106E-4, -2.9203859464626625E-4, 5.218832507896344E-4, 8.657340280569035E-5, 3.5029287383357666E-4, -5.299385537715722E-5, -3.698011678397379E-4, -4.665797598365969E-4, -6.757237739652941E-4, -8.437893992782948E-4 ], [ 0.003781485373390412, 0.003281168173858175, 0.003548941311155964, 0.002408750186767414, 0.0031768094603768803, 0.0014980040606829743, 0.0030563635832731345, 1.596400726795796E-4, 0.0017352364952856062, -3.650812348712759E-4, 8.252668842468259E-4, -8.500621934615965E-4, -2.614347515762484E-4, 1.6815144794711E-5, -8.882652643769074E-4, -6.53301288970452E-4, -7.310975034236461E-4, -6.266775447772259E-4, -5.682426876923593E-4, -1.6447445851438345E-4, 0.005571064544089486, 0.005556947844172103, 0.005282030578470583, 0.005032739954410606, 0.004951615017314549, 0.004059246213483075, 0.004244089376824601, 0.003569026637743518, 0.003360107094650508, 0.0029197955442820636, 0.003188015211897111, 0.00227859916711021, 0.00423899190325851, 6.41809288141255E-4, 0.0029111731619529584, 4.0112049712824225E-4, 0.0018753066303209154, 0.0011463166512324396, 0.00151142507748007, 0.0012697064619884735, 7.545802546947402E-4, 7.603948838601086E-4, 7.869059380432809E-4, 7.851142807507322E-4, 8.012107303065905E-4, 8.133127180804042E-4, 8.012412541305436E-4, 6.988192126595329E-4, 4.450818220535936E-4, 0.001039428529114969, 2.5506288604109826E-4, 0.0012936828540800183, 5.672309638954356E-4, 8.442907856099536E-4, 8.460081583206635E-4, 3.222934180596268E-4, 1.7772216410723301E-4, -1.9018889797916644E-4, -3.7723989030104136E-4, -5.188347427600319E-4, -0.006836642566104171, -0.005433006756154742, -0.005915998955994698, -0.0050205306428518556, -0.004622087492644795, -0.00397138102152457, -0.003368835900930531, -0.002505219267872194, -0.0013910644774070956, -0.0034491150235466685, -3.753549200846022E-4, -0.00390617224734559, -0.0011317169032472383, -0.002686400780390335, -0.0019172944993773556, -0.0013404601489263894, -5.580573842673019E-4, -1.972457114779494E-4, 5.0265549