{
  "weights" : [ 0.13932577739001073, 0.1414049208250068, 0.1327212682003457, 0.13287049968738732, 0.12115025484890801, 0.123018877415641, 0.1183069610450141, 0.11046943510444347, 0.10471688701362575, 0.09401572082588916, 0.050206003197396355, 0.06396730696973844, 0.01606268806441877, 0.01056105029892069, -0.022835313065286158, 0.0035810777778867865, -0.024731896623931222, 0.007258317540146168, -0.029405806497271585, 0.00985449542829033, -0.025003741715306664, -0.028835992149025616, -0.02944642552989317, -0.0385895053970218, -0.03976045472701965, -0.05159974460454037, -0.056197438563489785, -0.06562160228806295, -0.06622700764700201, -0.0792077622404808, -0.06675368546672075, -0.06654151321609014, -0.05611907520361042, -0.04316558977146948, -0.02165792176683384, -0.027666033571282066, -0.013126672255343455, -0.027721921186014034, -0.01704203383621612, -0.028070509685523087, 0.9891955193207136, 0.989643102913791, 0.9901189593129561, 0.9902871041598907, 0.9901877870907279, 0.9893369510071724, 0.986803822875695, 0.9887319955246233, 0.9869469463955886, 0.9910812304639206, 0.9907984676268669, 0.9818281763638086, 0.9624416510385017, 0.9576231714600016, 0.9325206612939935, 0.9401449583004121, 0.935794956528368, 0.9455903571100662, 0.9363361320135726, 0.9484352531735296, 0.01551087722131186, 0.009992464289725535, 0.008639002130852322, -0.0038815314428607326, -0.0015349130414515988, -0.02411982871771569, -0.012076616617202541, -0.021272468518157252, -0.0113259700256043, 0.033042257090080386, 0.07052440576465209, 0.17189406347941136, 0.22335160197734646, 0.2654941290224295, 0.34097601382740883, 0.31249435179101137, 0.3385090066525319, 0.30232599170875946, 0.33195695495317257, 0.2941174279130905 ],
  "covariance" : [ [ 1.187573122526903E-4, 8.556668142101095E-5, 5.309562243642655E-5, 1.1597186743127796E-4, -9.95430680357913E-7, 4.9490086195789095E-5, 8.839108564593315E-5, -4.41355453702412E-6, 2.2366045438841224E-4, 6.574642795023131E-5, 4.179869382615649E-4, -2.786280811824533E-4, 1.9428335543683378E-4, -1.1341580937634578E-4, -1.335044151244285E-4, -9.332942539312715E-5, -2.1162749510772097E-4, -3.0331973625144908E-5, -1.8975812151226265E-4, -8.695045244885247E-5, 2.1297265270088915E-5, 7.098722625282983E-5, 2.6578148710741945E-5, 5.2556187512556206E-5, 2.4359817753821935E-5, 8.814760900427136E-5, -2.192553408691104E-5, 1.432516677304229E-4, -8.462381336595736E-5, 2.7558319739447987E-4, -2.998016356470717E-4, 5.028795910937487E-4, -4.1059835255637643E-4, 2.1160392999113297E-4, -1.797845657605561E-4, 7.912890362033338E-5, -2.5487143176422156E-5, 1.834866685383825E-5, -1.0909595501235061E-6, -1.5046689709965706E-5, -1.7602687964677873E-5, -1.3466045312036337E-5, -6.702236710357868E-6, -2.139246439641536E-5, -6.3060388637828045E-6, -2.074511367460536E-5, -2.820774240133251E-5, -1.0708034887645766E-5, -4.708683655572912E-5, 5.993510868827454E-6, -7.257220884541525E-6, 2.455061994148826E-4, -3.136664858590394E-4, 2.95537735990934E-4, -2.0237912442587947E-4, 8.14269363423411E-5, -1.0993759459147793E-4, 1.4944475169730743E-5, -4.5650824840795335E-5, -4.5960693342153954E-5, -8.272004657899658E-5, -7.269494488004055E-5, -8.213804455158371E-5, -1.8994973063250138E-4, -1.794285976934993E-4, -2.1001964177294003E-4, -2.1066286070288827E-4, -2.0691299618944594E-4, -2.3977090069533363E-4, -3.4111352475706423E-4, -1.4049328479098636E-4, -4.735826312835436E-4, 9.6347031915681E-4, -6.92117813605823E-4, 5.809668596363261E-4, -2.1372141751855098E-4, 2.92320589027462E-4, -3.978396680264098E-6, 1.3147905245140825E-4, 1.448137063075852E-4 ], [ 8.556668142101095E-5, 1.2192333411903373E-4, -3.3939282642121054E-8, 1.66566899701427E-4, -1.5073152412158885E-5, 1.5008209803244577E-4, 1.2399735777763717E-4, 5.0736818561942536E-5, 1.4885014476377574E-4, 1.1069410525019497E-4, 9.03356738959918E-5, -2.1950807254652834E-4, -2.3518027394885848E-4, -8.28401503094443E-5, -2.882565341896529E-4, -2.2976013201614386E-4, -3.1998350368733243E-4, -1.6422764766293646E-4, -3.131748036977383E-4, -1.6296022451912353E-4, 1.771774514738712E-5, 9.006578293584516E-6, 5.5267073026811186E-5, -2.3143087239380682E-5, 1.6142533073854382E-5, 4.792051372397565E-6, 2.2935650646137604E-5, 2.7047554510906485E-5, 3.5581588851840116E-5, 9.179495048886037E-5, -4.625386351231082E-5, 2.491294708487827E-4, -7.591612008325685E-5, 1.8412864614177172E-4, -1.2029439484961673E-4, 1.521361184660445E-4, 1.6944022555329504E-5, 8.386364919961272E-5, 3.6192254284001646E-5, 3.450620877920397E-5, -1.5822668733096207E-5, -1.6138930217137216E-5, -5.198819795502175E-6, -2.074035071265983E-5, -1.56790884726854E-5, -2.0406756024965038E-5, -4.256703156206672E-5, 9.702445072470654E-7, -5.213715255615439E-5, 2.400034159737345E-5, -3.602219349568978E-5, 1.6883057795172643E-4, -3.238920051181377E-4, 1.080557397522634E-4, -1.9475529750436496E-4, -1.0513427439587161E-4, -1.3683761193788543E-4, -1.207985071952445E-4, -1.2758903928018528E-4, -1.4575489181474168E-4, -3.314297589933691E-5, -2.819654674951811E-5, -1.189363444150865E-5, -1.372352372124661E-4, -3.9161717711922107E-5, -1.1683118878447139E-4, -7.610653977963087E-5, -1.911785429388546E-4, -3.777858490357115E-5, -3.033290940735935E-4, 2.6724493317632775E-4, -3.2040449232074016E-4, 0.0012162758137718754, -3.5342299724174095E-4, 5.119114854749373E-4, 3.028867429551653E-4, 3.123082623762678E-4, 3.882293158670825E-4, 3.1021366818891684E-4, 4.4567459933323323E-4 ], [ 5.309562243642655E-5, -3.3939282642121054E-8, 1.8314943759962073E-4, 1.1203822543818059E-4, 3.0282202023772963E-4, 1.0286190681772839E-4, 4.6496224087812975E-4, 4.4138898238731906E-5, 5.639090991450904E-4, 2.914386038220373E-4, 2.492135685220306E-4, 1.9994329862197028E-4, -3.881161016571223E-5, -1.4706766411421414E-4, -3.6202038329157297E-4, -4.407679284466247E-5, -2.965304562195448E-4, -3.996065626806718E-5, -2.1884317491381797E-4, -1.740085309429734E-4, 4.909298320212884E-5, 9.90548849723621E-5, 6.833284847545204E-5, 2.0899399490502456E-4, 2.5324147562905624E-4, 4.295146163325047E-4, 4.3972827286004507E-4, 6.131482292695238E-4, 4.832357696081966E-4, 5.954896999142067E-4, 4.3754370439479947E-4, 6.236822761101343E-4, 7.105827764974996E-5, 4.6485343689773814E-4, 2.4891579003982533E-4, 1.4171816473580796E-4, 2.2186750167851603E-4, 1.2469351431686665E-4, 1.840446166673252E-4, 1.5214845577460987E-4, -4.154397008113858E-6, -1.6328158393572343E-6, -1.600995180967317E-5, -1.6541285820481882E-5, -1.659573003171707E-5, -7.938627310416306E-6, -1.8653018501033946E-5, 2.752472750013364E-5, -1.7794718984029993E-5, 5.082630172173178E-5, 5.7321527277626735E-5, 1.4836143084984492E-5, -7.585720804222226E-5, 1.3755913844147168E-4, -1.6811814106585602E-4, 1.403017121200628E-4, 2.424857893151517E-5, 8.896099910272017E-5, 5.649049445041706E-5, 5.926137607816381E-5, -1.4027117310719787E-4, -1.5593719669304803E-4, -2.1021496759519544E-4, -3.271170120235198E-4, -4.737261263118399E-4, -5.444564856869779E-4, -6.514018926689199E-4, -5.809559773689974E-4, -6.226477543059797E-4, -4.599881927059015E-4, -1.736630047685225E-4, 1.516094568790785E-4, 2.7559929012485346E-4, -1.7697768576842058E-4, 5.919524272657032E-4, -4.7418906713461E-4, 2.288942019305646E-5, -2.7509189503510824E-4, -1.2958753863101814E-4, -1.8461802379097372E-4 ], [ 1.1597186743127796E-4, 1.66566899701427E-4, 1.1203822543818059E-4, 4.960445762671785E-4, 4.127379563644965E-4, 5.589594731579784E-4, 7.590241487308851E-4, 4.938075425769976E-4, 7.820662483356534E-4, 6.509868375877655E-4, 2.3384031248456958E-4, -4.4786732074256447E-4, -3.371699332980955E-4, -6.963228568589157E-4, -8.212200605229637E-4, -8.822589493545383E-4, -9.113411771115901E-4, -6.105351201377492E-4, -9.420843085564795E-4, -7.188157179667284E-4, -2.7958340070835294E-5, 3.313668218361814E-5, 1.1359595764436512E-4, 2.5241244297400414E-4, 3.9239989473843025E-4, 7.642362826424853E-4, 8.589869366769633E-4, 0.0011497606013302119, 0.001006754100037776, 0.0012543675611027805, 6.146946651063331E-4, 0.00142325010556618, 3.1495232991470676E-5, 0.001017293560847738, 2.5808121964777437E-4, 6.553851780284634E-4, 4.943777745040352E-4, 4.655130433686007E-4, 4.997881301624257E-4, 4.473479117548298E-4, -1.9324761981001503E-5, -2.3079766929789627E-5, -1.6202079214041215E-5, -5.876803558383204E-5, -4.230275747683346E-5, -3.701798034906548E-5, -4.1977233369260184E-5, 3.804419062259453E-5, -1.2829587062022854E-5, 1.2258218981773503E-4, 9.570860665583295E-5, 2.4106068792926902E-4, -4.343795975356642E-4, 8.579322888460185E-5, -4.925418247332103E-4, -3.080973073975152E-4, -3.1228389687558346E-4, -2.825427250699988E-4, -3.154787146719989E-4, -2.8802013572233685E-4, -2.242845592943699E-4, -1.4100218510724178E-4, -2.4397331439656307E-4, -4.765809148020228E-4, -5.575282044944921E-4, -7.911966322380859E-4, -0.0010069426794198683, -0.00103702054997537, -9.94766836325615E-4, -0.0011645309119686477, -1.4614270839109062E-4, -2.0940224533309441E-4, 0.0016607837273227332, -2.1709749004348086E-4, 0.001239114687594724, 6.585674920654013E-4, 6.437631834064574E-4, 7.379878002598233E-4, 6.168959947303215E-4, 7.666687389307604E-4 ], [ -9.95430680357913E-7, -1.5073152412158885E-5, 3.0282202023772963E-4, 4.127379563644965E-4, 9.755709118223386E-4, 4.749071994824119E-4, 0.0012096468321035473, 4.583141413753783E-4, 0.0011859028088704441, 7.151390913694252E-4, -7.447122727123959E-5, 4.4746484004949964E-7, -2.8063742776949016E-4, -9.092685589592035E-4, -8.049613191979156E-4, -7.378013482436611E-4, -7.615972699083582E-4, -4.5278903965775943E-4, -7.271010737300052E-4, -7.35440810592876E-4, -9.41655295346203E-6, 9.694298671956887E-5, 1.1804767555425448E-4, 5.311341103178603E-4, 7.126866454414168E-4, 0.0013112868908189365, 0.0015605196498151403, 0.0018800771196424474, 0.0018784841044639485, 0.001634371041799678, 0.0015919619174283486, 0.0013869581362349192, 5.681600734102162E-4, 0.0012587050364300577, 7.284310256697613E-4, 7.033869162004548E-4, 7.218243613324822E-4, 5.466501474089863E-4, 6.36309502592605E-4, 6.503323301073133E-4, 3.7397975438765277E-6, 2.1248619544067237E-7, -2.9959509331549046E-5, -4.969197992129425E-5, -7.048457616475483E-5, -1.081876650332314E-5, -6.368416123608648E-6, 9.07118039435858E-5, 7.562739297947403E-5, 1.738070704833313E-4, 2.579587360414064E-4, -2.681022085632281E-4, 2.0117682218920237E-4, -1.1667587317899504E-4, -2.9648827617572587E-4, -1.4179296550353543E-4, -2.0491735255608504E-5, -7.8329230062609E-5, -9.723509147329721E-5, -2.7039142650150477E-5, -3.358630408202597E-4, -3.248930543422868E-4, -4.346824141142307E-4, -7.002030832380813E-4, -9.424379367718575E-4, -0.0013787429655818665, -0.001596216860868299, -0.0015775771693865394, -0.0015449616690464494, -0.001221553264345774, -4.1313043034858494E-4, 0.0011408320217220992, -6.882845061366482E-4, 6.405867731579089E-4, 5.841819404534625E-4, 2.4358538091356305E-4, -6.201488016867665E-5, 1.4802086555359598E-4, 5.042387618106782E-5, 1.2415773216237344E-5 ], [ 4.9490086195789095E-5, 1.5008209803244577E-4, 1.0286190681772839E-4, 5.589594731579784E-4, 4.749071994824119E-4, 7.818256661158298E-4, 9.8548543045723E-4, 7.560102872906903E-4, 9.637007200368481E-4, 9.054327162060134E-4, 3.741055128712974E-4, -2.2339449324967547E-4, -1.8794457675858807E-4, -6.468573281748658E-4, -5.833678906718268E-4, -9.053418013073522E-4, -7.327604575818056E-4, -6.032949246399123E-4, -7.806446248397697E-4, -6.230434517139591E-4, -9.771271753176369E-5, -6.25136723647027E-5, 1.0682622678066057E-4, 2.3548735368739753E-4, 4.5604386333046674E-4, 8.864023647372956E-4, 0.0010776663492542552, 0.00139450019775078, 0.0012975359682240758, 0.0015603752383320068, 9.616539222496728E-4, 0.0016320092326295621, 2.1214465091939604E-4, 0.0012355921015006549, 3.717091632617213E-4, 7.514055376429972E-4, 5.919036644591166E-4, 5.670649004239865E-4, 6.152129348457706E-4, 5.637101697254794E-4, -1.0206066290664933E-5, -2.1658148410100417E-5, -1.2849574034612023E-5, -6.0027399520438427E-5, -3.467005905153094E-5, -4.296487318003421E-5, -2.533397899734033E-5, 3.87128152887377E-5, 1.7894887178611613E-5, 1.269019791889439E-4, 1.0793730952090483E-4, 2.2198792449505458E-4, -2.9927898387743297E-4, -6.67036082306175E-5, -3.3088841829998725E-4, -3.434246525480282E-4, -2.1249261256614884E-4, -2.8390618040926343E-4, -2.3638061418440397E-4, -2.4567509269398513E-4, -1.5230707891016477E-4, -8.486467178765969E-6, -2.2255981125545815E-4, -3.7201384263677647E-4, -5.492830420411246E-4, -6.939945128317062E-4, -0.001128646560576487, -0.0010097977308492763, -0.0012200754768278146, -0.001151858172722312, -4.055872045952817E-4, -3.3293174870067217E-4, 0.001287616067209666, 1.0739580681552414E-4, 7.907537452447315E-4, 6.853773988264904E-4, 3.145447518295377E-4, 6.59850674873975E-4, 3.229395405457544E-4, 5.653925885698219E-4 ], [ 8.839108564593315E-5, 1.2399735777763717E-4, 4.6496224087812975E-4, 7.590241487308851E-4, 0.0012096468321035473, 9.8548543045723E-4, 0.0021220699567851237, 7.74131567928127E-4, 0.0021301985183883043, 0.0012335076670699193, 4.1173342491933844E-4, 8.873496607999685E-6, -8.229803769890457E-4, -0.0015712736280310052, -0.001316211050215589, -0.001466009648552935, -0.001359212199892597, -0.001021523426784046, -0.0013407277198352698, -0.0011784343917635189, 7.415526282872807E-5, 1.5790083933338073E-4, 3.0568909528851503E-4, 6.518990913357166E-4, 0.0010109958027598532, 0.0017113043992524875, 0.0020796459353360918, 0.0025462581271418435, 0.0025016979744271724, 0.002446477111456483, 0.0022998208046180694, 0.002460850206733394, 7.373835368311162E-4, 0.0024888333850919746, 7.144893593421094E-4, 0.0013049737520844065, 9.564632983289578E-4, 9.608497883362589E-4, 9.41909927402855E-4, 9.17131349104933E-4, -8.230952955956734E-6, -1.8811306370376666E-5, -4.434013116406355E-5, -8.771926045383892E-5, -8.474989709676418E-5, -5.8708384658151855E-5, -7.858834444860857E-5, 1.0272404278042017E-4, 3.081230896443092E-6, 2.6017195945649365E-4, 2.2643136880937597E-4, -8.891491473382002E-5, -3.2173246200224763E-4, -2.769451689769221E-4, -6.934497489000163E-4, -3.7704354688897E-4, -2.3050774168900532E-4, -3.1007385064654567E-4, -2.912167208324499E-4, -2.776859715281404E-4, -3.8982952099446763E-4, -3.624993723836408E-4, -6.16716803686911E-4, -0.0010171183714796472, -0.0013940004749822081, -0.001884686422385267, -0.002320348605039371, -0.002368627855834455, -0.002229580653063021, -0.0017945229012282455, -1.4887394636233786E-4, 0.0012830011014539108, 0.0015237626251879584, 0.001452769243087057, 0.0016220803982943501, 8.385889020561333E-4, 3.972597996003597E-4, 7.964847383906148E-4, 4.3019897450716357E-4, 7.060058969039134E-4 ], [ -4.41355453702412E-6, 5.0736818561942536E-5, 4.4138898238731906E-5, 4.938075425769976E-4, 4.583141413753783E-4, 7.560102872906903E-4, 7.74131567928127E-4, 9.731009959765116E-4, 8.10505843569992E-4, 9.054944169073869E-4, 7.822655155257144E-4, -4.5001359958197015E-4, 8.58663410215527E-4, -6.83922530999505E-4, 8.423303210171834E-5, -7.79967996334687E-4, -2.6499390412255703E-4, -3.981394027830784E-4, -3.8625417735739954E-4, -4.270715603927532E-4, -2.3866852426840867E-4, -1.2009309006450745E-4, -3.574833422808893E-5, 2.9254349372088707E-4, 4.175978323695611E-4, 0.0010587944168043001, 0.001095255022030332, 0.001681901197260172, 0.0012466599521178982, 0.002003406159430239, 5.672067004980864E-4, 0.002014612993405643, -2.8893189661028355E-4, 0.0011443861381945687, 3.5152161470921163E-4, 6.68334686324635E-4, 5.902225385382417E-4, 5.083691720115276E-4, 6.422796210758677E-4, 5.837436756787987E-4, -1.489350777631598E-7, -1.1937997758108662E-5, -3.5081133006845965E-7, -5.66917695944813E-5, -7.678253473102015E-6, -3.517268255758107E-5, 5.423364792045957E-5, 1.1673286177542733E-5, 1.1435632709745806E-4, 8.2061728650793E-5, 2.0256513604352452E-4, 3.0261918575830155E-4, 6.309183628700729E-6, 4.7613875621867324E-5, -1.055485147307517E-4, -2.0140369295810272E-4, -1.355041650011899E-4, -1.3756663787079578E-4, -1.1935631984027231E-4, -8.472375277909395E-5, -1.403044590703159E-4, 1.0762833098976899E-4, -2.1596703380431613E-4, -1.848190843826964E-4, -5.238863138859508E-4, -5.260481148334864E-4, -0.0011805026618270072, -7.352897675962985E-4, -0.001534382647326168, -0.001082815374740006, -0.0014985220047924511, -7.749584482800352E-4, -1.8644752192350435E-4, -1.9897538080240266E-4, 9.80617215150465E-5, 2.1837861771431438E-4, 3.0264797724876167E-5, 1.306948344919354E-4, -6.734155416333263E-5, -1.0772191480464058E-5 ], [ 2.2366045438841224E-4, 1.4885014476377574E-4, 5.639090991450904E-4, 7.820662483356534E-4, 0.0011859028088704441, 9.637007200368481E-4, 0.0021301985183883043, 8.10505843569992E-4, 0.0025172904020510406, 0.0013208359136209602, 0.0017816051509783211, -1.439121227231152E-4, 8.5004344913597E-4, -0.00118907273036626, -4.2879921432993433E-4, -8.286915576380194E-4, -7.510441090247152E-4, -3.1046714288278116E-4, -6.314007011011028E-4, -5.721093898914542E-4, -2.4315474010219314E-5, 1.9508117558170718E-4, 2.0908950141619993E-4, 7.037685241598734E-4, 9.523262368819009E-4, 0.0018250765980577662, 0.0019169654436625996, 0.0028199579985674164, 0.0021712220191477814, 0.0030570124124222834, 0.0014891028459192766, 0.003295056231234285, -3.771445426169093E-4, 0.0025208830720096645, 2.665045538871616E-4, 0.001077703479843255, 6.851562767175299E-4, 7.415282983121315E-4, 7.245653935322056E-4, 7.477105191236427E-4, -2.689901615057134E-5, -3.154177452354205E-5, -5.0055570940954326E-5, -1.0961977258647819E-4, -7.017739561771943E-5, -9.047053058817823E-5, -6.73300362330629E-5, 5.087528713015645E-5, -2.1698004131805014E-5, 1.8233361212304064E-4, 2.5730073406900005E-4, 3.2934765729843965E-4, -3.5850316635341773E-4, 4.89042724226962E-4, -4.6922566354342597E-4, 2.718428748054603E-4, 2.3756032750703727E-5, 1.5745063305636623E-4, 1.2447481600019045E-4, 9.035881141319848E-5, -4.345434006869655E-4, -3.275304283748666E-4, -7.098230239212782E-4, -0.0011261033607775457, -0.0016058560472405436, -0.0019364982146480028, -0.0025860688419389773, -0.0022072278116509088, -0.0028486230414036503, -0.002026051998825996, -0.0014638590803481653, -1.5981930840618065E-4, 9.432917938366751E-4, -4.6543478765082307E-4, 0.0011003331463641335, -8.57176727529702E-4, -2.2862044054600182E-4, -5.072563358495871E-4, -5.986101444861674E-4, -4.235322294198964E-4 ], [ 6.574642795023131E-5, 1.1069410525019497E-4, 2.914386038220373E-4, 6.509868375877655E-4, 7.151390913694252E-4, 9.054327162060134E-4, 0.0012335076670699193, 9.054944169073869E-4, 0.0013208359136209602, 0.0017380077818999232, 3.6142678164673825E-4, 8.618267194762866E-4, -4.672097743259573E-4, 3.057339439212531E-4, -0.001578514838025051, -2.9789945549121166E-4, -0.0013010134667788447, -3.836679491108504E-4, -0.0011177068801797507, -7.487383369628294E-4, -1.1179906979803166E-4, -4.567619066614546E-5, 1.3783806545939294E-4, 4.645035756109944E-4, 7.647318798671813E-4, 0.0014291465298227764, 0.0016347313276797882, 0.002129846846623168, 0.0018754640781157481, 0.0023525868487158288, 0.0015940348517030126, 0.00231336841725852, 7.437713925742679E-4, 0.0010670046623750813, 0.0015219676003349872, 4.8329855553212004E-4, 0.0012718271360483615, 5.846668646880698E-4, 0.001097875120200217, 8.116628207480496E-4, -8.76779860941534E-6, -1.607079551419475E-5, -3.0445502004002767E-5, -6.0980166382675184E-5, -3.4170264684965345E-5, -1.5492083703275543E-5, -1.1104127674384984E-5, 1.1062587707790097E-4, -1.2661605766431258E-8, 1.8823677589804936E-4, 1.639372689138354E-4, 3.884102694915339E-4, -3.440752206992031E-4, 3.292661173422564E-4, -4.69165868984868E-4, 2.3051878859851675E-5, -6.773294815331973E-5, -4.0954703433865045E-5, -1.2313647813018928E-5, -3.2816983253382494E-5, -3.328770279556253E-4, -1.232502127697326E-4, -4.52965238923672E-4, -6.60356153978919E-4, -0.0011668839463961362, -0.0011055211740578126, -0.001955901489152091, -0.0014290895398197095, -0.001978943891148368, -0.001906762538099069, -7.788864884965881E-4, -0.001271929961275753, 0.0018014634468191833, -0.001638518487057971, 0.0021437296821416505, -9.724882030645943E-4, 3.2982250492882614E-4, -3.0977505489382444E-4, -1.1978397217357834E-4, -1.7178595837477828E-4 ], [ 4.179869382615649E-4, 9.03356738959918E-5, 2.492135685220306E-4, 2.3384031248456958E-4, -7.447122727123959E-5, 3.741055128712974E-4, 4.1173342491933844E-4, 7.822655155257144E-4, 0.0017816051509783211, 3.6142678164673825E-4, 0.006588455205583473, -0.0011835763866682573, 0.008486022215494519, 6.694535325574459E-4, 0.005557341037219217, 0.002032794091471039, 0.0036195866829825396, 0.0026898800189256054, 0.0037232336894059276, 0.002833787746032916, -5.772052432156918E-4, -8.780751391274266E-5, -5.093801596137806E-4, 9.54497069143038E-5, -3.4641836282574187E-4, 5.654325500460465E-4, -5.745480785620219E-4, 0.001455793640785753, -0.0011490131390602114, 0.003116640190694563, -0.003251560682506405, 0.003943402606456573, -0.005056019123497282, 0.001057402712413709, -0.0025282696244716555, -4.823098562578751E-4, -0.0013697326584034596, -6.153540038063162E-4, -8.784196593324168E-4, -5.394146942610524E-4, -5.786744826652228E-5, -5.713753605851441E-5, 6.951412900219286E-6, -1.0317028429766617E-4, 9.836655198626492E-5, -1.6425488388870598E-4, 1.368303790875691E-4, -2.788558667698653E-4, 5.7774024902323326E-5, -3.6680349690611447E-4, 1.4209340791300343E-4, 0.0016885981461093457, 1.9886341683063823E-4, 0.0025005345457638347, 0.0013753591113881154, 0.002389129307685742, 0.0010729725757032478, 0.0017756360522198237, 0.0016951925162700136, 0.0014657599003019873, 3.2523117597603023E-4, 7.215907714172038E-4, -9.599603494016213E-5, 5.710463762177645E-5, -4.115482471271523E-4, 3.4148886749389994E-4, -6.893936139702865E-4, 0.001059046875074454, -0.00281328408502857, -1.0655192909001013E-4, -0.006415458640581207, -0.005647764341803669, -0.0038845200169891404, -0.0055613389603035735, -0.004147352877756312, -0.005966145859670098, -0.00311310954750793, -0.0049780173660266495, -0.004524161299350312, -0.004607130826324199 ], [ -2.786280811824533E-4, -2.1950807254652834E-4, 1.9994329862197028E-4, -4.4786732074256447E-4, 4.4746484004949964E-7, -2.2339449324967547E-4, 8.873496607999685E-6, -4.5001359958197015E-4, -1.439121227231152E-4, 8.618267194762866E-4, -0.0011835763866682573, 0.003793394508075407, -0.0014548583725954444, 0.0033508194580616174, -8.088023175406435E-4, 0.0025683572215488668, 3.607649352005474E-4, 0.0013065263446056035, 9.589464855752565E-4, 0.0010807002245317445, 9.37884437138564E-5, -2.1659129645497252E-4, 7.893907303045989E-5, -2.277438770832084E-4, 5.9605810375050575E-5, -4.5178192084433205E-4, 4.976018142066672E-5, -7.50246937020493E-4, 2.3305049109955647E-4, -0.0011665552679155167, 0.0018654889663093659, -0.0020226447061462115, 0.0025400246548097005, -0.0016872028798882084, 0.001945216401874758, -0.0013523907594120538, 5.305572823832758E-4, -4.907252926422423E-4, 1.254937891241863E-4, -9.851087605999579E-5, 4.260780458495129E-5, 3.607824593875184E-5, -1.990705929448855E-5, 9.560702351374627E-5, 1.9024979675575E-5, 9.649635583996733E-5, -4.7131000370003785E-6, 1.3316626646978915E-4, -8.911822042088907E-5, -1.0156513873538017E-5, -2.0096007091572422E-4, -5.412116857873553E-4, 7.191892145572351E-4, -8.743857059764418E-5, 8.054902641164984E-4, 8.758515044271163E-4, 0.0010707029018137873, 7.064680518389806E-4, 0.0010266168871679417, 7.782681471390588E-4, 3.0274876293547915E-4, 1.6882866594797097E-4, 1.513765858430906E-4, 2.337795957846524E-4, 2.9989326067857245E-5, 6.039381138849467E-4, 3.192658032797917E-4, 6.952534801593536E-4, 6.399036427811232E-4, 7.77115887902329E-4, 0.0012244998180379195, -4.756373494678191E-4, -0.0011866043717192439, -0.0013756279612329872, -2.604033841193628E-4, -0.0031452668975104395, -0.001819189894382416, -0.002308364990389655, -0.002089841551198921, -0.0022791455118168205 ], [ 1.9428335543683378E-4, -2.3518027394885848E-4, -3.881161016571223E-5, -3.371699332980955E-4, -2.8063742776949016E-4, -1.8794457675858807E-4, -8.229803769890457E-4, 8.58663410215527E-4, 8.5004344913597E-4, -4.672097743259573E-4, 0.008486022215494519, -0.0014548583725954444, 0.014020369155537393, 0.0022249965987990806, 0.01034621580136253, 0.004461323915354113, 0.007441737149667865, 0.005282466893553964, 0.00754534807784384, 0.005503821300509324, -0.0011623920526306008, -5.081548365723157E-4, -0.001183679729894263, -2.1238918930956502E-4, -0.0010642861546937342, 1.111286764532994E-4, -0.0014379870901110163, 0.0010259299480399678, -0.0021907308395267043, 0.0029425235399933953, -0.005192425563265881, 0.0030706286321489727, -0.007112573444684414, -7.015225373941893E-4, -0.0037437668357238195, -0.0017481158453000417, -0.0025707816776604055, -0.0015909027774364596, -0.0019352341671964271, -0.0011487058046347083, -3.0322505463504682E-5, -3.555870643818055E-5, 4.9188040351995756E-5, -6.572938834184645E-5, 1.5760190448068154E-4, -1.4350141717669665E-4, 3.956108921077033E-4, -4.248911436756196E-4, 3.619103465176969E-4, -7.159738822837964E-4, 3.286000660302779E-4, 0.0015856574019268018, 0.002162446108991938, 0.0033324502615240535, 0.0035171482531982552, 0.003831879934814413, 0.002411841275276197, 0.003084623483866969, 0.0031194711447953727, 0.0028311582384505057, 8.981947722823496E-4, 0.0014441278510228489, 4.370457639043061E-4, 0.0010374918702328816, 7.036787544530895E-4, 0.0018000916443292798, 6.972570501299967E-4, 0.003348361101999685, -0.0027548541456771125, 0.001633827172985808, -0.010108590091195063, -0.007596662205155974, -0.013032726456575801, -0.007979118322209542, -0.010655982407448914, -0.009277959816238981, -0.006864432089631532, -0.008624488511844499, -0.008227824540950831, -0.008705073100542204 ], [ -1.1341580937634578E-4, -8.28401503094443E-5, -1.4706766411421414E-4, -6.963228568589157E-4, -9.092685589592035E-4, -6.468573281748658E-4, -0.0015712736280310052, -6.83922530999505E-4, -0.00118907273036626, 3.057339439212531E-4, 6.694535325574459E-4, 0.0033508194580616174, 0.0022249965987990806, 0.005774278394950361, 0.002024864219024153, 0.004899367464314297, 0.002621011136875598, 0.003575369825270379, 0.0034187835249921868, 0.003298474542174239, -3.146822879966067E-4, -5.303451302237504E-4, -3.609307992837985E-4, -8.536654176293655E-4, -8.954602430066385E-4, -0.0016507128221614075, -0.0016387268902961856, -0.0022564179992322327, -0.001865485843833225, -0.002061150458947579, -0.001082318488645172, -0.0027549034642199814, 2.772705680213569E-4, -0.003868349269263579, 4.952873549772174E-4, -0.0027021370036289147, -7.09333405514754E-4, -0.001572727220073617, -0.00101357616970401, -9.887426368268295E-4, 1.8076542565132865E-6, 2.090351514506439E-6, 3.6967511224135954E-6, 9.586105957575005E-5, 5.971337088546457E-5, 6.581698388107399E-5, 4.734481479508295E-5, -2.160737816374659E-5, -1.334357547538891E-4, -3.3514988354071696E-4, -3.3599374913124156E-4, 2.853232788602948E-4, 0.0010082745482858217, 0.0015558685213472665, 0.002045874029261625, 0.002162017644072446, 0.001855830428196157, 0.0016727670790771894, 0.0020356534079469745, 0.001615816809073037, 6.494119710962665E-4, 6.8991158818406E-4, 6.83273909993355E-4, 8.595689376070736E-4, 0.0011514555196507695, 0.0021670647289197312, 0.0019333296703339588, 0.0029473815344290386, 0.001444403459724583, 0.0015067664126894743, -7.230660796432797E-4, -0.004783953385611626, -0.003761435949283779, -0.0068388232207961365, -0.003523696939004699, -0.00624799871660963, -0.0038779133689929397, -0.004870682675932687, -0.00448855609627748, -0.004735387406512498 ], [ -1.335044151244285E-4, -2.882565341896529E-4, -3.6202038329157297E-4, -8.212200605229637E-4, -8.049613191979156E-4, -5.833678906718268E-4, -0.001316211050215589, 8.423303210171834E-5, -4.2879921432993433E-4, -0.001578514838025051, 0.005557341037219217, -8.088023175406435E-4, 0.01034621580136253, 0.002024864219024153, 0.009592886967581555, 0.003893231135005427, 0.0072674797999580255, 0.004467537265420586, 0.007226248316465386, 0.00525251425422912, -8.359152227043941E-4, -6.23700142585021E-4, -9.581914820094422E-4, -8.495962233598248E-4, -0.0014840669142210422, -0.0014501009627742394, -0.0023163853674611425, -0.0013950004473347714, -0.002817639498789916, -3.3116498093831083E-4, -0.004095845311681603, -6.522561424542479E-4, -0.004776111545792256, -0.0015017432148214365, -0.003920985397626048, -0.0017444775983931104, -0.003041677216215193, -0.0016144812304602876, -0.0024146524270748488, -0.001479209625109723, 1.1077907987318805E-5, -7.87949984460824E-6, 6.916361067031056E-5, 2.784701295977327E-5, 1.4443881061387332E-4, -9.19505116777223E-5, 2.945974194343894E-4, -3.9179237653567993E-4, 2.8593403773307844E-4, -6.998562301142703E-4, 1.0999806314880106E-6, 4.4660696322048184E-4, 0.002367212543198315, 0.0015419460614995435, 0.003628694445558177, 0.00268921770377454, 0.0022784286553425618, 0.002300462168286695, 0.002603245397978562, 0.002247453668999764, 0.0013137290066534807, 0.0015305812603469558, 9.850679071353372E-4, 0.0017244259308686028, 0.002006661040715075, 0.0028672028887016996, 0.0026621743336149844, 0.0041402924449272715, 7.919154763233308E-5, 0.003539645380094162, -0.006191232588854122, -0.004148696526360099, -0.01229308805088994, -0.003160854458554522, -0.011469288036774362, -0.00559716969175689, -0.006578529494969438, -0.006090231099490906, -0.006787712015264492, -0.006687865456588559 ], [ -9.332942539312715E-5, -2.2976013201614386E-4, -4.407679284466247E-5, -8.822589493545383E-4, -7.378013482436611E-4, -9.053418013073522E-4, -0.001466009648552935, -7.79967996334687E-4, -8.286915576380194E-4, -2.9789945549121166E-4, 0.002032794091471039, 0.0025683572215488668, 0.004461323915354113, 0.004899367464314297, 0.003893231135005427, 0.005014294695882382, 0.0038690529094198185, 0.004060135590919163, 0.00455106683989516, 0.003896778911058156, -3.6081085486846983E-4, -4.097756222975615E-4, -5.052685369507301E-4, -7.016460773275319E-4, -9.64646572989412E-4, -0.0014835304893409313, -0.0017905072475459874, -0.0019338255465963226, -0.002144897065821183, -0.0016220928678066199, -0.0018337605046263442, -0.002247381045958379, -0.0010844787515013063, -0.0033243738936135467, -5.197656420814248E-4, -0.0026509818944796017, -0.001328652694348785, -0.0017135086415228109, -0.0014494521294239372, -0.001198315151827137, 6.609305615349492E-6, 1.0704627872080555E-5, 9.350120589803419E-6, 8.89753679502168E-5, 8.00173705916489E-5, 3.9532052711145426E-5, 1.1311344350972086E-4, -1.0454311486398186E-4, -3.7021240319173046E-5, -4.3321334147770164E-4, -2.1172323746734348E-4, 2.156386666581331E-4, 0.0014816066257371807, 0.0017410598081739916, 0.0024416089357496337, 0.002629856551207846, 0.002101978139409842, 0.002086730078843758, 0.002365664546797513, 0.0019836502671451424, 7.163630228784049E-4, 7.242591627551114E-4, 6.146435900455507E-4, 8.936246891196658E-4, 0.0010779550879616894, 0.0020366617175564877, 0.0018806359320104522, 0.0030698495353507545, 9.125169323095901E-4, 0.0020484297109417673, -0.0022657190149308957, -0.004235890529845798, -0.0065564697281132265, -0.006120815452407825, -0.0053667201644402905, -0.00697155531651485, -0.0047330340440993575, -0.00586735760225374, -0.005413428276445199, -0.005787901269702034 ], [ -2.1162749510772097E-4, -3.1998350368733243E-4, -2.965304562195448E-4, -9.113411771115901E-4, -7.615972699083582E-4, -7.327604575818056E-4, -0.001359212199892597, -2.6499390412255703E-4, -7.510441090247152E-4, -0.0013010134667788447, 0.0036195866829825396, 3.607649352005474E-4, 0.007441737149667865, 0.002621011136875598, 0.0072674797999580255, 0.0038690529094198185, 0.005863594400805077, 0.003936457420898957, 0.0059935800874483785, 0.004472251427486388, -6.104781888961022E-4, -5.437303594116135E-4, -7.513774633453879E-4, -8.131891214416992E-4, -0.0012705445496617824, -0.001535663833895758, -0.002064026242655347, -0.0017406357197008613, -0.0024362665337092824, -0.0011426390028149054, -0.0029004843963485643, -0.00168832625320177, -0.002960788759675287, -0.002064391245523638, -0.0026171676253365977, -0.0018919379286282542, -0.002380917242135868, -0.0015342669006289372, -0.002023593417630093, -0.0013215239603364998, 2.394292056804137E-5, 1.0444251061758863E-5, 5.246353648652955E-5, 6.509122382969611E-5, 1.1770970296248173E-4, -3.096939103194133E-5, 2.2825875563467555E-4, -2.7449533891616E-4, 1.9584091093426245E-4, -5.742384002545895E-4, -7.426101792892947E-5, 7.383988743139993E-5, 0.0021544101900783596, 0.0011333578518276056, 0.0031301845995379074, 0.0023100806760861306, 0.0020953933130947785, 0.001984550451195697, 0.0023048580441966493, 0.001973213678596053, 0.0011036087770437083, 0.0012038772037486327, 8.812909131605373E-4, 0.00151989108025478, 0.0017925858859011456, 0.0025942497881191974, 0.0025152650639247674, 0.003687104596194037, 7.01897202730015E-4, 0.0032279484773902285, -0.004185958448407125, -0.0031226393313136314, -0.010330666225007341, -0.0027870156534772084, -0.009301275439788214, -0.005045971678236857, -0.00568176385286649, -0.005315192155014508, -0.005799337022891203, -0.005813173965031434 ], [ -3.0331973625144908E-5, -1.6422764766293646E-4, -3.996065626806718E-5, -6.105351201377492E-4, -4.5278903965775943E-4, -6.032949246399123E-4, -0.001021523426784046, -3.981394027830784E-4, -3.1046714288278116E-4, -3.836679491108504E-4, 0.0026898800189256054, 0.0013065263446056035, 0.005282466893553964, 0.003575369825270379, 0.004467537265420586, 0.004060135590919163, 0.003936457420898957, 0.003710801071742096, 0.004426927863667237, 0.003620570287036589, -4.587965139244178E-4, -3.754944469048996E-4, -5.237757687404082E-4, -5.404790494739045E-4, -8.141971572708807E-4, -0.0010069860881091026, -0.001356820271780815, -0.0011386384015129828, -0.0016532578479853447, -7.176306612375214E-4, -0.0019887639755879075, -0.001177324254787183, -0.0018836137547615253, -0.0023200069844817733, -0.0012012599282562046, -0.0019783855298905425, -0.001460324796924799, -0.0014141831721851193, -0.00142677998221241, -0.001012846820144487, -3.928909237735511E-6, -3.1371139667368493E-6, 9.354698788525724E-6, 4.059040597124867E-5, 5.455377918441007E-5, -1.046097189720289E-5, 1.1425976906354922E-4, -1.4351005014814655E-4, 2.3719781152913812E-5, -4.082643825770049E-4, -7.013431795149742E-5, 2.9963674039924044E-4, 0.0014577933331288008, 0.0017321849462639913, 0.002339817981915967, 0.0023776563926895785, 0.0019074703091616556, 0.0019178691098868203, 0.00215201799162534, 0.0018263569957989462, 5.786345037177144E-4, 6.681244962944033E-4, 4.822570177738446E-4, 7.084683434684558E-4, 9.057016820869055E-4, 0.0015749343226656913, 0.0013672400547652267, 0.0025420217045410633, 1.9453803893192237E-4, 0.0015607674682284935, -0.0030596254761005646, -0.003893997148493354, -0.007064326237278014, -0.00540995019031084, -0.005984812460129018, -0.005926905105873258, -0.004687189009000672, -0.0052765216809797285, -0.005165287674029066, -0.0053723177020842715 ], [ -1.8975812151226265E-4, -3.131748036977383E-4, -2.1884317491381797E-4, -9.420843085564795E-4, -7.271010737300052E-4, -7.806446248397697E-4, -0.0013407277198352698, -3.8625417735739954E-4, -6.314007011011028E-4, -0.0011177068801797507, 0.0037232336894059276, 9.589464855752565E-4, 0.00754534807784384, 0.0034187835249921868, 0.007226248316465386, 0.00455106683989516, 0.0059935800874483785, 0.004426927863667237, 0.006299664332673734, 0.004826214931403472, -6.155511183431925E-4, -5.610333056460157E-4, -7.489409974131396E-4, -8.385122196942314E-4, -0.0012628987547761267, -0.0015811444718258159, -0.002067224803306384, -0.001800966522843646, -0.0024351602253210123, -0.0012284991790985009, -0.0027810760384048383, -0.001862705787323447, -0.002797714469630833, -0.0024285982707819022, -0.0024078777756351205, -0.0022071190232260418, -0.00236938794320997, -0.001701050764493516, -0.002090468234108783, -0.0013920716585774204, 1.9513267627958546E-5, 8.096087434688387E-6, 4.179839670678612E-5, 6.915171981899148E-5, 1.0905976922230868E-4, -2.6126598099513187E-5, 2.1015816337361087E-4, -2.571590899198251E-4, 1.5036694316365983E-4, -5.884387190858158E-4, -1.0123821904694694E-4, 1.0246251291712668E-4, 0.002226640670123733, 0.0014438114602163506, 0.0033094645120514744, 0.0026749619316578654, 0.0023725702347545613, 0.0022531093790516417, 0.002612511422402989, 0.002217167503135076, 0.0010970964130680135, 0.0011820199249930803, 8.651035153834138E-4, 0.0014293421199992528, 0.0017142430413945092, 0.0025810223620108793, 0.0024587604530279424, 0.003763075266945652, 6.531559415134434E-4, 0.0031465266922773858, -0.004189973147188568, -0.003688532532971938, -0.010569718559914301, -0.003950883661786683, -0.009423879209119478, -0.006116049411517617, -0.006212907322610368, -0.006080649891214401, -0.006460063786208416, -0.00651442489252817 ], [ -8.695045244885247E-5, -1.6296022451912353E-4, -1.740085309429734E-4, -7.188157179667284E-4, -7.35440810592876E-4, -6.230434517139591E-4, -0.0011784343917635189, -4.270715603927532E-4, -5.721093898914542E-4, -7.487383369628294E-4, 0.002833787746032916, 0.0010807002245317445, 0.005503821300509324, 0.003298474542174239, 0.00525251425422912, 0.003896778911058156, 0.004472251427486388, 0.003620570287036589, 0.004826214931403472, 0.0038695261261621518, -4.5052908995496245E-4, -4.4987599720082617E-4, -5.45762685541274E-4, -7.639415167190933E-4, -0.001062509624487518, -0.0014718833096036392, -0.0018328862978128206, -0.0017540304777332075, -0.002160285048927087, -0.0012626094253494423, -0.0022941848131604655, -0.0016693353995219221, -0.002048370546336683, -0.00225561294328956, -0.0017769160656750606, -0.0019362164188881138, -0.0018469643683146362, -0.0014443731905242584, -0.0016798048868808865, -0.0011860293234075702, 3.2432517901843167E-6, -3.2594086548590133E-6, 2.7022606892948073E-5, 5.524975522688701E-5, 8.240971862779765E-5, -2.184501761454338E-5, 1.2226967647869125E-4, -1.928445547523567E-4, 3.473456950435166E-5, -4.662242195953006E-4, -1.6855355743907404E-4, 2.441586957391671E-4, 0.0014819747821858658, 0.001362357764183162, 0.0025274729521720793, 0.002201170933278666, 0.0018815890253628307, 0.0018017735943386959, 0.0021000624038486, 0.0017373751561541913, 8.514210151341452E-4, 9.12175696160309E-4, 7.106929237361929E-4, 0.001076708736363164, 0.0013829577942412485, 0.0021412260677657244, 0.0020581828778879385, 0.00307406995484903, 7.576849116173766E-4, 0.0023402522131747957, -0.0028512120961026724, -0.0035812233624337208, -0.0071397366919851435, -0.004113519180278016, -0.006838243195387969, -0.0051873562135470895, -0.004773850692494848, -0.004865095796692882, -0.005082453368806334, -0.005080423580416746 ], [ 2.1297265270088915E-5, 1.771774514738712E-5, 4.909298320212884E-5, -2.7958340070835294E-5, -9.41655295346203E-6, -9.771271753176369E-5, 7.415526282872807E-5, -2.3866852426840867E-4, -2.4315474010219314E-5, -1.1179906979803166E-4, -5.772052432156918E-4, 9.37884437138564E-5, -0.0011623920526306008, -3.146822879966067E-4, -8.359152227043941E-4, -3.6081085486846983E-4, -6.104781888961022E-4, -4.587965139244178E-4, -6.155511183431925E-4, -4.5052908995496245E-4, 1.7156742320437757E-4, 1.1783919380414285E-4, 1.2463081592676466E-4, 3.0110460822790024E-5, 5.963923312365968E-5, -9.35237918583637E-5, -3.52940088542652E-5, -2.2926668062718352E-4, -2.2405000455574258E-5, -3.9032456063847325E-4, 2.9768395939045724E-4, -3.066446251252599E-4, 4.613317224398613E-4, 1.4052110290925583E-4, 1.579732962683863E-4, 1.2231168131945528E-4, 1.0214598828634658E-4, 9.464669042284295E-5, 7.114344976546559E-5, 8.35688339567915E-6, -6.103136590382999E-7, 2.8610988434617136E-6, -6.133149762942906E-6, 8.218332824702675E-6, -8.536585548922867E-6, 9.40453952789105E-6, -4.565265471872916E-5, 2.7030253767525514E-5, -5.553624601730631E-5, 5.141069514769726E-5, -5.7453471116283036E-5, -1.2836452999350813E-4, -2.825964759014907E-4, -2.6364560679874375E-4, -3.7485773337977903E-4, -2.588267755078747E-4, -2.3569199635960688E-4, -2.2878101328044153E-4, -2.669223667696064E-4, -2.4119905357249057E-4, -5.7686598515779516E-5, -1.604237579329315E-4, -5.296807329393741E-5, -1.324006447708327E-4, -9.84027444909429E-5, -1.9569742014267425E-4, 5.675063936802158E-6, -3.050832024470345E-4, 3.1003942468866376E-4, 1.046049742322707E-5