{
  "weights" : [ 0.7149287389198966, 0.7152257833276822, 0.7413025749743155, 0.7136829129968254, 0.7635560212314103, 0.73151268432838, 0.7677235117464206, 0.7285291656674485, 0.7543033565247224, 0.6996058976571872, 0.7798675197426507, 0.6976854799898033, 0.8415590987843588, 0.6886507831089168, 0.7099757686190153, 0.6835401873881781, 0.6790090154098646, 0.6645184339682123, 0.6636027240202299, 0.6516332619624046, -0.5275856897440985, -0.5389257982938014, -0.5102133029627789, -0.5105340033421712, -0.47179833352613243, -0.43874561778263543, -0.4289192410266472, -0.3539814144022144, -0.3911571152016717, -0.26614309130933317, -0.3696059570585516, -0.27283188095489985, -0.40152141593975466, -0.2948758185755106, -0.4609025498060967, -0.327327748794125, -0.4164236273698819, -0.3760238053909015, -0.3983404605563994, -0.4018898701709131, 0.4437098946912845, 0.41948157518380785, 0.4357321900448025, 0.4562636377937882, 0.45319150197888125, 0.4966561728014438, 0.48732218113387915, 0.5454939228258985, 0.5334428745510641, 0.5918178875124204, 0.5138428075585106, 0.5214009890230848, 0.36706597642943567, 0.5390253345475361, 0.4311017720395891, 0.5367616820042362, 0.4836018698415998, 0.5375993739306217, 0.5080841916325789, 0.5341150803907487, 0.11657948660210732, 0.12003681538035384, 0.08180313616678693, 0.08523312860046024, 0.060226226592988236, 0.022427534315075236, 0.011100234416415729, -0.0029873721171833744, -0.047231473228546324, 0.020877649327215135, -0.06630277725397017, 0.18642758686243263, 0.13427356635055496, 0.24189528493741289, 0.14849892099953854, 0.24400339043890107, 0.17285729029854313, 0.22138167761678246, 0.2086440560000408, 0.20876240696055973, 0.5495876137666827, 0.5475801111870044, 0.562879835323916, 0.567118462865611, 0.5982058172945054, 0.6086553595451475, 0.6466934324132205, 0.6628974098650926, 0.6887917321863118, 0.6651087725275091, 0.580276979051177, 0.39752164973486287, 0.14037371306731658, 0.06288404804514021, 0.041041405519179626, 0.043564156782726675, 0.04068756965983778, 0.04380665373517088, 0.03731681656592009, 0.04802722699769343, -0.18522516373895362, -0.19495376686304813, -0.186095994590048, -0.209489393607298, -0.215147990159675, -0.22290703183728683, -0.23297820569522987, -0.2404975572339169, -0.24518765764338163, -0.2555008478776666, -0.2947923642713001, -0.31131288718317013, -0.2845932187511908, -0.1273035342369343, -0.13273563022214965, -0.08844591369485125, -0.11967589456217206, -0.10500228798517618, -0.11496268185110307, -0.11744499459837313, -0.4115151919151175, -0.42201396517808093, -0.4291990760685793, -0.42962690231432454, -0.4525199141707969, -0.4537885402736388, -0.47718258419888354, -0.4548374723446009, -0.46914972033881597, -0.42019064211055224, -0.39461732637509483, -0.27479791350262406, -0.13235197113204702, 0.021717150877406527, -0.0024005599001789063, 0.03959235661180724, 0.022102160091692677, 0.02207160994694224, 0.01848235178175053, 0.008655440368067951 ],
  "covariance" : [ [ 4.817693548809646E-4, 6.43331477618168E-4, 4.4022737916327425E-4, 2.1794024523221734E-4, -9.870183942392982E-5, -2.4843973530786477E-4, -0.0010878258613969303, -5.310985344205529E-4, -0.001885085556010695, 4.774572176219305E-4, -0.001020392578120617, 0.0013454776927321042, -5.795949204684524E-4, 0.0024446730583971275, 7.018742128492034E-4, 0.001522783791076443, 0.001099801008992089, 0.0012280125070257778, 0.0014193662507004886, 0.0012502639188946068, 6.135880807588694E-4, 8.962143725277483E-4, 6.535582872416215E-4, 7.650602524261499E-4, 2.7756335756490736E-4, 2.8878305963813E-4, -7.050226025399894E-5, -7.463577024818732E-4, -0.0011658285371748268, -0.0020618855999251593, -0.002546285940085491, -0.003055725301168979, -0.0015499703913352853, -0.002280383182804122, -0.0019044584724552537, -0.0025054088207324544, -0.0023897832478536867, -0.0023380820390638667, -0.0019928452560391092, -0.0022317819923782637, 5.2631528077128E-5, 1.7574044593819286E-4, 3.532723658360814E-5, 8.1334954688749E-4, 2.0473394767138854E-4, 0.0011041513707001338, 8.353433768681872E-4, 9.275343041399937E-4, 6.31848959320471E-4, 1.8746741755869874E-5, -0.0011801147578191463, -0.001848739444287308, -3.0301177286641535E-4, -0.0035923640506367225, -0.0017767955741865905, -0.0023266121678656724, -0.0017579127195570276, -0.0020475260346443243, -0.0014016510046113526, -0.001987839947331992, -5.011228036215015E-4, -4.2934758893170604E-4, -6.20225380773737E-4, -8.479217538634562E-4, -8.575576795787365E-4, -0.0016669542752538223, -0.001334418796030022, -0.0018551301488432435, -0.0013747545519360862, -0.002190311777826814, -4.8106355954981344E-4, -0.002967625923775719, -7.290200553117787E-4, -0.0033105848795586612, -2.459333360186364E-4, -0.0036653931394381362, -0.0015118228532729038, -0.0025985084365193908, -0.0021699289945596853, -0.002219294423285193, 2.931518124998933E-4, 2.5712891725363966E-4, -1.6078420662084286E-5, -4.2755463767896244E-4, -9.253581605490429E-4, -0.0012381586479863237, -0.0013850825635909093, -0.001817853685683352, -0.0016878983047740293, -0.0016348835219636378, -0.0022007591802599073, -9.624749223595266E-4, 8.914574652070796E-4, 0.001288936969710992, 2.475001708698992E-4, 5.596213760305462E-4, 4.884188665380694E-4, 3.614974868800835E-4, 6.368227573328358E-4, 3.17925988137515E-4, 1.1648832466523506E-4, 1.3434037424151738E-4, 6.71796984213963E-5, -8.569286149357981E-5, 1.1216676224462398E-4, -2.810397072261126E-5, 2.1697178943704389E-4, 1.6428886487868748E-5, 5.050259856222705E-4, 3.08311008779694E-4, 0.001340157803242041, 0.0014067247139115547, 0.0011518924839506728, -9.882546288431974E-4, -7.645120660486323E-4, -4.4350685015599804E-4, -6.623022391071894E-4, -3.9144055293195495E-4, -4.486250517322926E-4, -4.297785906283031E-4, -1.6864479193844277E-4, 4.483181861970235E-5, -3.718054695898336E-4, -4.198272659234033E-4, -0.001203344387612794, -0.0015104676692934997, -0.002178317377727973, -0.002632803786766962, -0.0031108665427238965, -0.0038907765142653255, -0.004129347997173676, -0.003519242635934408, -0.0029774129358725505, -0.004192529509549766, -0.0010196687024933114, -0.0021605460153124485, -0.0014468945867785246, -0.001706516443978663, -0.0014288637607560704, -0.001607229938622292 ], [ 6.43331477618168E-4, 0.0020603870395686577, 2.4194598610301454E-4, 0.0015088324267992822, -3.9687085282552766E-4, 3.473838716944302E-4, -0.0024849115355230827, 1.2255147356194542E-4, -0.0036274024698938557, 0.001984180696498042, -0.0012070522388355604, 0.003767275908332061, -0.0014505655094296985, 0.003885232656333344, 0.00121110550025254, 0.0026261615548304022, 0.0018719722733515965, 0.0022286414887293217, 0.0023436791273874673, 0.0023164410389724223, 5.676999787411845E-4, 0.002636051049835097, 7.028927054581305E-4, 0.0019286658046817483, 7.694434287285119E-4, 0.0011431971806636523, -1.0291210989967563E-4, -7.159644600443407E-5, -0.002554502890740606, -0.002407840113403507, -0.005615601378960218, -0.00513726367840209, -0.001525038706558034, -0.00417553156214065, -0.0014715388699810276, -0.003742848391397352, -0.0025357347290976455, -0.0030172595796603254, -0.0023958982169562213, -0.003145090081440533, -1.418482882360177E-4, -2.177118939059702E-4, 3.9931415208288747E-4, 8.06761126039424E-5, 0.00105731233585575, 0.0010494739698880976, 0.0024251567253913532, 4.735739212935468E-4, 0.0017199364659712768, -0.0011925269819872443, -0.00277166739180319, -0.007837660360009125, 8.855975870886647E-4, -0.0071412830497232065, -0.0015365170217242834, -0.004769664697235574, -0.0024826208184054385, -0.0038419196814707536, -0.0018863247697537497, -0.003911588457115489, -0.0012064563442092011, -2.5851127688349113E-4, -0.0013390830241465576, -8.259247149158743E-4, -0.002249002533447546, -0.0016223832807221472, -0.0035226060838016537, -0.001983848658995469, -0.0037621761471139424, -7.554417104880138E-4, -0.0022813851065447617, 0.0027358467118419848, -0.0029779319127344146, -0.0021716171721273413, -0.002066764418501306, -0.0027263041980273993, -0.002561465608087523, -0.0024292472084629876, -0.0035964533079171314, -0.00240077215997486, 2.8893957912614466E-4, 8.974746601366205E-4, -6.278510027143589E-5, -7.02463325709655E-4, -0.0011799286733392225, -0.0019241456382657171, -0.0013547493157232892, -0.0028550401028872444, -0.001974989431726841, -0.003567077917716786, -0.005231928444061082, -0.0072939464954338805, -0.0010530253856015398, 0.0011466343242101833, -1.9924027238470013E-4, 6.459887912578626E-4, 1.4735281714801896E-4, 4.890143090525078E-4, 4.6813828582736383E-4, 1.76920154726671E-4, 7.337012308317511E-4, 7.487043709628042E-4, 4.1155056603316663E-4, 8.509649708152405E-5, 1.6367534084038758E-4, -1.743462192904714E-4, 8.695322251058628E-5, -2.6824109106305072E-5, 6.167313432745963E-4, 3.396785595221211E-5, 0.001838176653925334, 0.001922881734176144, 0.0038941262037693464, -5.892201398241131E-4, -2.4373120051279462E-4, -6.183611065216353E-4, -5.951734068012585E-5, -5.790994976289544E-4, 1.0323912490392925E-4, -4.991734131143664E-4, -4.224819764494076E-4, 6.181369101099139E-5, -5.917967174589857E-4, -0.0010630198197388876, -0.0018857369492570606, -0.002892243509906809, -0.0038228601920030037, -0.003966652150505994, -0.0055587435131655965, -0.004878432736063388, -0.0068595665934609844, -0.0012433617173997823, 8.839856485882759E-4, -0.0059938878383576895, -3.950964924740122E-4, -0.003558464914278574, -0.00168309084465687, -0.0025445368187105915, -0.0019276025141121912, -0.002435526855813841 ], [ 4.4022737916327425E-4, 2.4194598610301454E-4, 6.345604785290488E-4, -4.370623161510153E-5, 1.4281660576130617E-4, -4.0867437240887244E-4, -6.35088597176714E-4, -7.068795831150614E-4, -0.0012974831664178525, -2.5194225298964763E-5, -4.4906885640714643E-4, 5.871114469917878E-4, 4.482474328158586E-4, 0.0014763255128521155, 0.0014521901531363297, 0.001318990446211821, 0.0012186967426563104, 0.0011504910735071166, 0.0014101697834901917, 0.001181675498051319, 6.942325520393064E-4, 3.355874167957096E-4, 8.712736828714575E-4, 4.0066812918409264E-4, 4.071842619404919E-4, -2.665986747586603E-4, 3.5181076384741604E-5, -0.001571695820813534, -8.742732834267821E-4, -0.0036239649345736844, -0.002179626334808419, -0.004486221358024489, -0.0021412924387002753, -0.0018235040692530602, -0.003190972485638437, -0.0019388073072395678, -0.003822059452700641, -0.0022305901554711344, -0.0030705016008049754, -0.002378026943599493, 1.7255604755528732E-4, 2.4518979953629415E-4, -3.662086597878212E-5, 8.892256753717556E-4, -6.69157689968065E-5, 8.368898436249242E-4, 3.0920983543662067E-4, 5.62779454241265E-4, 6.898647641335856E-5, -5.206131568012581E-4, -0.0014549676959984559, -0.0013069364644235446, -0.0017025099215035035, -0.0012823394439868414, -0.0028249452487115875, -7.870679861204637E-4, -0.002136350281170341, -0.0010604568787580735, -0.0014909828751251191, -0.0012240377027431997, -3.364478147720336E-4, -4.6262159304925703E-4, -5.238363843103179E-4, -9.608857235826337E-4, -5.597062592700942E-4, -0.0016895192185981099, -7.203872489780281E-4, -0.001891577886869185, -6.148302936109971E-4, -0.0025839850738303967, 4.5177949698155267E-4, -0.004771021621849441, -3.316849107564115E-4, -0.005480357263494324, -0.0015558379818206283, -0.004798019280454679, -0.0032567472268752343, -0.0035434486022105703, -0.0038024495556427283, -0.00339278166222292, 2.2184540232630012E-4, 3.25498225991719E-5, -3.276086616680029E-6, -2.3312199247598565E-4, -7.845239522463168E-4, -0.0010477710682615393, -0.0013520859689501198, -0.0016193625032814476, -0.0018088887554534958, -0.0016992858434193674, -0.0019988305153346322, -1.6650486655337706E-4, 0.0015338472189795076, 0.001261577546045364, 0.0014066090235296278, 8.708629299935079E-4, 0.001255768446316532, 7.256328313094416E-4, 0.0013223345708191793, 8.546295036500667E-4, 1.2900671036635875E-5, -3.6301582702546456E-5, 5.77962235275783E-5, -1.1192608494520449E-4, 2.9296116444114094E-4, 5.474635225277131E-5, 4.971370369094862E-4, 1.4085903642989178E-4, 8.589469704948576E-4, 4.2001630590866163E-4, 0.0019215813266604564, 0.0016939578728719573, 0.0015564337896795332, -0.0010175158430449024, -0.0010027307892835056, -5.150094816381869E-4, -9.75012428481892E-4, -4.298514970899429E-4, -7.820036971729908E-4, -5.257934802883126E-4, -1.7281101467339792E-5, 1.1000880066597217E-4, -1.6293721272246696E-4, -3.54108349093894E-5, -8.327817310159736E-4, -9.82339123483063E-4, -0.0015169280262889388, -0.0022256421841946056, -0.0024354966462285196, -0.0036627128489253626, -0.00383731863238097, -0.004016119661689186, -0.004652109271490053, -0.002732919764671636, -0.001943443450437577, -0.0016619173874145752, -0.002001360534933597, -0.001574996004833479, -0.0018277216000134812, -0.0015918139514827876 ], [ 2.1794024523221734E-4, 0.0015088324267992822, -4.370623161510153E-5, 0.001500758682504029, -3.376137097439774E-4, 6.718583320589382E-4, -0.00168837033088491, 6.186719381587585E-4, -0.002175052933997031, 0.0015559400300769748, -1.9230510242221528E-4, 0.002730820077989947, -7.009955452903523E-4, 0.001448926545463175, 0.0011653049871757975, 0.0013141069978726161, 0.0011523585306580995, 0.001256172764371839, 0.001277771185240436, 0.0013404557529958733, 8.249551580154255E-5, 0.0018220038660628698, 2.7563533392384884E-4, 0.0013823893698056153, 5.934498662565202E-4, 8.218319655317688E-4, -1.1735960818048675E-4, 2.015922886391705E-4, -0.0017169188913062185, -0.001840633318165836, -0.0037713563612783935, -0.004171526750116334, -5.193255672569915E-4, -0.0026490312904482835, -2.162797177544997E-4, -0.0018652454144362069, -0.0011282617101463872, -0.0012562791203613376, -0.0014541993589141514, -0.0015605230879215278, -1.4928656706264705E-4, -4.1388312565527176E-4, 3.8601897450425666E-4, -7.475615689544984E-4, 9.586748539083052E-4, -1.3598504706795195E-4, 0.0017831659600334605, -6.93733742331005E-4, 0.0012065810629873677, -0.0018510535691386026, -0.0020102482194929777, -0.007286838091758251, 7.494911219428093E-4, -0.003760499908951269, -2.5927859036148934E-5, -0.00264077492643161, -9.618202322170112E-4, -0.001984535774628523, -6.881628566560753E-4, -0.002075880189607776, -6.848751530075601E-4, 2.0680150808674E-4, -9.207948098817935E-4, -1.741564484327604E-4, -0.0016589926357509087, -1.695202638492359E-4, -0.0025347230209982873, -4.286061627035479E-4, -0.002725465947109131, 0.0011909696058290625, -0.0015062486882288062, 0.005291758389089096, -0.002103538017239939, -5.930923977183686E-4, -0.0032327360209651003, -1.400359514475676E-4, -0.00255430395642441, -7.749699400910598E-4, -0.0031346283462340874, -0.0012668425864779437, -6.559015159288598E-5, 5.687870991825483E-4, -1.053947831793598E-4, -2.7650557656720383E-4, -3.9523213394679964E-4, -9.517372047343868E-4, -1.917682850520703E-4, -0.0014679989826878541, -6.645890810160954E-4, -0.00280027023152663, -0.0036376808216591677, -0.0076234609387778865, -0.001741316618905854, -2.885354326817504E-4, 4.441334515131673E-4, 3.5774019893082293E-4, 2.3439551423452896E-4, 4.746382048462657E-4, 3.622792423029089E-4, 2.716863228679815E-4, 6.893560902879356E-4, 6.439115305025697E-4, 4.1571855544965343E-4, 2.3812361888119764E-4, 1.478805482322569E-4, -1.2035751344923972E-4, 4.637810577623843E-5, -1.08296852718462E-5, 4.1601775031812005E-4, -2.704022865447932E-4, 0.0011631546576032568, 9.123194770981507E-4, 0.0039366656050756335, 3.937526224839564E-4, 3.6872521245406945E-4, -2.9182532615896887E-4, 4.399121314786567E-4, -2.75005831846699E-4, 3.233604075968174E-4, -2.0885895346591896E-4, -2.0632682498101978E-4, 8.451839676545519E-5, -1.9078522821377742E-4, -5.21508698407413E-4, -7.307641703202456E-4, -0.0014559429734601157, -0.0018508738626612723, -0.0016692079332988243, -0.002966253690733822, -0.0014482225825607855, -0.0037947225753037148, 0.001995824511734901, 0.003050644098959287, -0.0015960941487991195, 2.420782794793359E-4, -0.001767664458261701, -7.011564295785099E-4, -0.001216764647275214, -0.0010627465111249308, -0.001187777029267236 ], [ -9.870183942392982E-5, -3.9687085282552766E-4, 1.4281660576130617E-4, -3.376137097439774E-4, 0.0011406499763402743, -2.558279297720083E-4, 0.0017711030313002003, 1.084848366959182E-4, 0.0024482027177649152, -5.846239681754877E-4, 0.0023585257857560295, -0.0020385198828669583, 0.003057736870083715, -0.0033864073000403547, 7.764380656631544E-4, -0.0014087381134414336, 4.59112825617996E-5, -8.560085143079487E-4, -6.711176345075993E-4, -8.245507212916404E-4, 2.834205553138573E-4, -6.880834356902642E-4, 4.975732033547298E-4, -8.354892217474452E-4, 0.001346099100361361, -8.150017774227181E-4, 0.0017771001316595999, -2.845107378058973E-4, 0.0021302224881757084, 7.70189268757641E-4, 0.001807072292071291, 0.00232542609310359, 0.0021519293146619305, 0.002555042631969928, -5.453583957718743E-4, 0.004060935675091422, -5.842245728588363E-4, 0.0030976794264892028, 3.6487756751906505E-4, 0.002142799411387152, 4.1192360946754985E-4, -8.380292501005383E-5, 5.5232890213977304E-5, -2.1694659206815338E-4, -6.568279895327401E-4, -2.566134615774334E-4, -0.0010972865287027427, -2.9147330161623215E-4, -0.0015646096908270124, 5.311491333437797E-4, -0.001800510300106321, 0.0028692520402061445, -0.002546657543840441, 0.007098185694703145, -0.0027594966568254, 0.0050537337851058635, -0.0015987597671170209, 0.0034302573226660006, -5.34505175017316E-5, 0.0021989816681522736, 1.8423714841316107E-4, -3.459940574156368E-5, 7.777961537091073E-4, 1.5639254881363363E-4, 0.0010194664667995095, 5.069736861862987E-4, 0.001523162697535262, 2.2673675281362617E-4, 0.002306706140362833, -7.431451663716054E-4, 0.0024748028406649104, -0.0015224494828485376, 0.0032395522837777844, -0.002411915234304125, 0.0026303313373814076, 0.001174562222625192, 5.631874396920691E-4, 0.0015061158960217042, 4.4607003423929696E-4, 0.0012380889300178627, 7.319887735011747E-5, -1.0475897075651848E-4, 1.5968302216211848E-4, 4.633497258149655E-4, 8.257332750621723E-4, 0.00115445447053269, 0.0013234600609465439, 0.001785372598547273, 0.0014707087711731339, 0.0023025176977883154, 8.031609574886507E-4, 0.002045108435953186, -7.060540610387691E-4, -0.001454398113640253, 2.852129352069986E-4, -6.803776967300829E-4, 9.324694591922973E-5, -3.584066473702617E-4, 1.2234141481525245E-5, -2.0205016141094798E-4, 2.7941434645735257E-4, 1.0400004865937478E-4, 3.9961853482597373E-4, 6.262800780539999E-5, 7.860132398083518E-4, -2.0309775480934153E-4, 6.988466022960123E-4, -2.080335417640807E-4, 4.5791468368879256E-4, 3.410156018027298E-5, -4.3490680915203063E-4, -4.5196949562752457E-4, -0.002288380050627623, 8.451720639208648E-4, 6.864002398796645E-4, 5.589894170697328E-4, 4.4722380892621547E-4, 3.683526952227071E-4, 3.9888095553496707E-4, 4.0440405884279004E-4, 4.931643024605505E-5, -1.255562981837685E-4, 3.6623057473852126E-4, 3.8490603362676724E-4, 7.406810145322597E-4, 7.862798706511479E-4, 0.0013785586699626247, 0.0013342984103740792, 0.002149386997471965, 0.0017400535507353342, 0.0030521360969902574, 0.0028757592784410856, 0.002739820157433774, 0.005125015595690086, -9.84479598515525E-4, 0.002789078712175286, -1.7683208903693638E-4, 0.0019929305203668264, 3.7624323622434993E-4, 0.0014623591378927095 ], [ -2.4843973530786477E-4, 3.473838716944302E-4, -4.0867437240887244E-4, 6.718583320589382E-4, -2.558279297720083E-4, 7.48279682721887E-4, -3.2555760692423523E-6, 8.434971787898353E-4, 5.01337594969518E-4, 5.732735637216432E-4, 5.548410984810946E-4, 4.455147256672557E-4, -3.2941269430899415E-4, -0.0012120690035753224, 1.5383539520767099E-4, -7.846943954482992E-4, -1.7150255431859965E-4, -6.314975208035116E-4, -2.736817268401128E-4, -4.8637707629093616E-4, -4.792025708582073E-4, 4.103874638588799E-4, -4.511255649155404E-4, 2.1079580249816013E-4, 1.7411312293585214E-5, 2.9644204704849E-4, 1.0166045967239088E-4, 7.938406964780158E-4, 1.2975310346285545E-4, 9.161535816518279E-4, 5.806539539822844E-4, 3.822555893789139E-4, 0.0011522585985298474, 7.286356592856294E-4, 0.001910210376251993, 7.815585987556234E-4, 0.0019210794254877778, 0.001053314137099205, 0.0012663550617985505, 9.739177492527678E-4, -1.9606284694751228E-4, -3.2494617885744226E-4, 1.918603997209437E-4, -0.0011275035582592303, 5.999596900180448E-4, -0.0012915568698796274, 5.457072460641003E-4, -0.0013872801283867366, 3.700049060841986E-4, -0.0012009337551992737, 6.254117188869395E-4, -0.0025226976394353683, 0.0014250888618540728, 7.380881125126056E-4, 0.0013579511502054102, 2.6251609997748573E-4, 8.592052005678861E-4, 5.037959064493535E-4, 5.469190595182876E-4, 4.507561047512429E-4, 1.389622153783102E-4, 4.807458150729366E-4, 1.3127721929677823E-4, 6.097073201065959E-4, 1.2073485813643588E-4, 0.0011962111383489477, 1.3440477387553806E-4, 0.0014518109502918552, -6.210285149588346E-5, 0.002807540275043174, -3.4771067602608536E-4, 0.005585957460380712, -1.2704605023296746E-4, 0.002263115870371881, -2.312857736362316E-4, 0.0024809005729638503, 0.0010661983272979459, 0.0014557548120347555, 0.001075377410549702, 0.0012680982910485178, -3.3942180570826325E-4, 1.8115906304950568E-4, -1.621224631605235E-4, 1.7968681015846573E-4, 3.966071414815738E-4, 5.183837981703747E-4, 8.164058065216334E-4, 6.832928488150047E-4, 8.357789017895332E-4, -1.8844976640890236E-4, -2.359940069238532E-5, -0.0030950291430516933, -0.002041189261595604, -3.570728297125282E-4, -4.999335825992533E-4, -2.092618914234827E-4, -4.203303201188515E-4, -1.0013108530221304E-4, -4.0718560194822224E-4, -1.7446725884334892E-4, 1.5800912670791337E-4, 1.9719427290674666E-4, 4.68757786221186E-5, 2.470835270133411E-4, -3.2192313470556257E-4, 9.529731135269057E-5, -3.884641519763625E-4, 3.954225097706114E-5, -4.159965401662841E-4, -4.1673261455447784E-4, -6.606818907814843E-4, -8.874749694768381E-4, 0.001398843281720763, 9.683736732250941E-4, 7.694244806243942E-4, 1.0010666952614359E-4, 8.037030160871056E-4, 2.0912491743464026E-4, 5.206692334981111E-4, 2.344335870442463E-4, -1.831723658057305E-4, -4.1653505442645395E-5, 8.766779625870864E-5, 3.307833572399869E-5, 6.727566068165107E-4, 4.7378840808105256E-4, 8.855787447599889E-4, 0.0013887394396005976, 0.0010960916802281611, 0.0024754104196244246, 0.0015046856684872347, 0.003587027803799273, 0.004176404659341068, 0.0014547074768470377, 8.374954009391776E-4, 7.906267088074879E-4, 7.123482975398987E-4, 6.945913844789004E-4, 5.357103750824187E-4, 6.556911561760808E-4 ], [ -0.0010878258613969303, -0.0024849115355230827, -6.35088597176714E-4, -0.00168837033088491, 0.0017711030313002003, -3.2555760692423523E-6, 0.005863380478788509, 8.814642734654351E-4, 0.008611038455656982, -0.0022724501550559547, 0.004602047733664812, -0.0064373586941459445, 0.004135305909675988, -0.009747490375751327, -0.0016692303597358588, -0.006076643185465799, -0.0030974938205357854, -0.005023542342257633, -0.0043192718754820674, -0.004895774492234165, -8.290634316067409E-4, -0.003358233490423841, -7.453397131592461E-4, -0.003235085330075408, 0.001022632672280428, -0.002205148201487575, 0.0033978799969283644, 9.184511847400842E-4, 0.006720315668730553, 0.006095760386110143, 0.011938367112795993, 0.01136168447408319, 0.007371357023356364, 0.010412935119932555, 0.004076784664956649, 0.012071184094854684, 0.005514418116617889, 0.010241755650177316, 0.006121779632222506, 0.00885411478949029, 4.4296081441355173E-4, -5.03042363674339E-5, -1.795163631177245E-4, -0.0014291020719987193, -0.0014106094935444694, -0.002961951240800175, -0.003769995496838681, -0.002039373621668169, -0.0037183359391909283, 0.0016790928316511888, 0.0029393924260774293, 0.012044849092752663, -0.0018411663499787031, 0.0187436079814441, -5.266534966460795E-4, 0.012950653299639863, 0.0015810938612580742, 0.009971036281694072, 0.002640375715552529, 0.008177847472340441, 0.0016018993540018584, 6.148807081523685E-4, 0.0030837806006935166, 0.002143896324596492, 0.00442751458403379, 0.004128034817725838, 0.007041742014072072, 0.0045399704272563466, 0.008461133514206184, 0.00295059950173331, 0.006133142464055266, 8.519913574875186E-5, 0.01025199407774027, 0.0025753983383467634, 0.010498670488271772, 0.008518356409679984, 0.008463372431327568, 0.008203398664903761, 0.009132621357994017, 0.00801033471684453, -6.462395463915587E-4, -9.431916699334419E-4, -4.9493399184939615E-5, 0.0013646586121178405, 0.00280465400927777, 0.004288894577025307, 0.0042570382281324195, 0.006677562738959837, 0.005142208219144077, 0.008133140832174363, 0.0077018821111139845, 0.010104657480602656, -0.0029517926721829664, -0.003336185949260201, -0.0015615451964028347, -0.002681592279529797, -0.001426686671120549, -0.0020162498574612642, -0.001814467892013383, -0.001489437161024919, -4.465646562474687E-4, -5.891117104304519E-4, -3.6373362206610725E-5, 1.473765737544718E-4, 3.210745651096531E-4, -3.907855136288366E-5, 2.609904890091783E-4, -4.793768015038214E-4, -9.183105919131884E-4, -8.56980773493463E-4, -0.003979157973098011, -0.005102345133431448, -0.00715541199532224, 0.0028698268905381543, 0.002292205043851684, 0.002163871642407723, 0.0017170548755787536, 0.0019936219077508945, 0.0014208052935711952, 0.0017660338453650446, 4.831464196004289E-5, -5.500557803634926E-4, 0.001107651625536197, 0.0014410247632608874, 0.0038565083490505283, 0.004819304418065894, 0.007460622701021441, 0.0081181491489396, 0.011068387963435254, 0.010763077589725617, 0.015167955205552182, 0.008459902233208276, 0.00835773525693095, 0.01463226431271557, 2.3893766863970192E-4, 0.009468865710631168, 0.0028333453137665532, 0.007014817306795414, 0.0038270720788829518, 0.00605949407980967 ], [ -5.310985344205529E-4, 1.2255147356194542E-4, -7.068795831150614E-4, 6.186719381587585E-4, 1.084848366959182E-4, 8.434971787898353E-4, 8.814642734654351E-4, 0.0014393274728676543, 0.002074746296605213, 8.771208512753368E-4, 0.0019780468654825947, 1.3720768121786066E-4, 6.600511762920559E-4, -0.0020127151037801676, -4.5695380415620865E-4, -6.776806974978303E-4, -7.173191284082846E-4, -5.97239314257972E-4, -0.0010414892203886624, -7.514459171355867E-4, -7.180023032361402E-4, -1.0901413617424602E-4, -6.243485346802266E-4, -5.95366781267257E-4, 3.1584226238441713E-4, -4.4919166143900756E-4, 4.0689984564350233E-4, 2.282801689835355E-4, 6.452667454665576E-4, 7.141048649228073E-4, 0.0012283694818896863, 0.0014422743037296262, 0.001944851392301798, 0.002225952005248016, 0.0021000422912749025, 0.0030291815384218975, 0.0022172908325075497, 0.0026477604652309487, 0.0016495698371077228, 0.0021414102741228605, -7.175698731024476E-5, -4.4405903747039827E-4, 2.2561199052994004E-4, -0.001744486737450297, 2.688953973302787E-5, -0.0019120640375465507, -7.651768434790428E-4, -0.0023212759679663597, -0.0015223339448722927, -0.0015629723609232242, -0.0013149693841538331, -0.001309586891594563, -1.8235475319386177E-4, 0.0045615417040866515, 0.0014062612782149244, 0.002448698732967072, 0.0014139003862263294, 0.001986342730519508, 0.0015181556149535642, 0.0017074053855686082, 1.264837993954524E-4, 3.6663699934263695E-4, 5.697153200459201E-4, 7.455271423134863E-4, 8.147562907045088E-4, 0.002070018116171183, 0.0013477661520012551, 0.0021718948232119107, 0.0017449691757831648, 0.0032520180753511656, 0.001302811830683173, 0.0051917330736464635, 9.736001534666513E-4, 0.001471205689705407, -6.116061193867589E-4, 0.0035381725141272785, 4.69061179785537E-4, 0.0019234918435548773, 7.20190583152986E-4, 0.0013645410646812533, -4.357783007235079E-4, 1.395161365407507E-4, -9.481023023997599E-5, 5.49208570359722E-4, 0.0011323718813659029, 0.0015400840804714526, 0.0018569167779465513, 0.0020304872387041373, 0.0018643754106526902, 0.001151958481636569, 6.453489960237917E-4, -0.0016806781570981191, -0.0018599270576697812, -0.0013084997644842143, 1.3480725603010968E-4, -2.8267778343148077E-4, -1.9549406762235628E-4, 7.277664569096698E-5, -2.9690893623309097E-4, 6.713244809962817E-6, 2.90954346460062E-4, 2.044339846691688E-4, 3.3291786511000307E-4, 3.4112153078646063E-4, 1.859852043209765E-4, 9.950598454374401E-5, 1.4733559740997816E-4, 2.2286482093752269E-4, 1.4033122332715998E-4, -3.782061536297394E-4, -3.0387882894402697E-4, -0.001013377679222838, 9.123172842370384E-5, 0.0015310499270734643, 0.0012355299582816766, 4.711865392555636E-4, 0.0011754748896588957, 4.51031133955353E-4, 8.422844035810438E-4, 5.976248241938867E-4, -1.9934506153953995E-4, -2.610673624709854E-4, 3.588856102435396E-4, 1.665548036863288E-4, 0.0015005255759882753, 0.0013459182452630876, 0.0023324946411872375, 0.002859771299815301, 0.003012785456246613, 0.004404511049093349, 0.0039774433452206236, 0.005660192639450132, 0.006362464047896708, 0.004882558367106067, 7.988540407072084E-4, 0.002160218454070833, 0.001147730886483632, 0.0016469179290539647, 0.0011155350116376225, 0.0014406619244903972 ], [ -0.001885085556010695, -0.0036274024698938557, -0.0012974831664178525, -0.002175052933997031, 0.0024482027177649152, 5.01337594969518E-4, 0.008611038455656982, 0.002074746296605213, 0.013440043724414935, -0.0028758442843915596, 0.008003364691442225, -0.009440368724786754, 0.006943154603330361, -0.015118320956881984, -0.0016785047976900218, -0.008764161279883973, -0.004256687457331668, -0.007170708734408634, -0.0063058419122628395, -0.0070499634994185476, -0.0016498086170426201, -0.005022511229262932, -0.001505553684398639, -0.005108680779074711, 0.001345354366631817, -0.0034644471129681885, 0.004425539248160336, 0.0010644174718764928, 0.00942144289043408, 0.008512822661128945, 0.016447045773910304, 0.016414414710343123, 0.010170521035707, 0.01583435823130084, 0.006160245815364317, 0.017738126272742367, 0.008432429358848064, 0.014665755275037277, 0.008987607046380606, 0.01273512580523923, 5.429654336799299E-4, -3.168049735135811E-4, -1.7894406598780983E-4, -0.003050770571382707, -0.00203616646527865, -0.00548074622884459, -0.00589264768877124, -0.004646719859549586, -0.006347730663006004, 8.61634759061411E-4, 0.0029079160292183517, 0.015955480630736384, -0.003143492905577477, 0.029383774914478092, -4.020215282196664E-4, 0.0195496570019729, 0.0029643735403437877, 0.014969729649772945, 0.004446857412145359, 0.012386097170553487, 0.002499086773677041, 0.0010343436465712803, 0.004650713333575863, 0.0031930913000103086, 0.007084527725152022, 0.006664449744267189, 0.011018518552577882, 0.007565036041596035, 0.01291089232481506, 0.006187216204699098, 0.00893747996482803, 0.0030104761338613476, 0.012604985253563432, 0.00407842671276514, 0.012135044246991885, 0.012531900137806688, 0.010661260961333107, 0.010764929797052434, 0.012151624113411419, 0.010315362510041018, -0.001106608783993377, -0.001152643413594133, -2.3684682290271426E-5, 0.0024742987792541644, 0.0046216361469757165, 0.007209809400399791, 0.006817254466085837, 0.010635173539249336, 0.008136738257471281, 0.011804106557201122, 0.011236101750283542, 0.013581222732274637, -0.004280458977304281, -0.004231554660613644, -0.0016384131336521495, -0.0031244259221895223, -0.001632788462949582, -0.0021843889036321476, -0.0021904526048116355, -0.0015235822597925589, -6.222512414925156E-4, -8.256093640086498E-4, 3.626388522033755E-5, 4.072635441002718E-4, 3.9044843309975484E-4, 2.5343797992548713E-4, 3.138484974063281E-4, -1.2845573179184796E-4, -0.0011718925839986198, -9.381802746280959E-4, -0.005586046821169107, -0.0068353689937358485, -0.009826548588359178, 0.004578722225646108, 0.003510864766616493, 0.002675764235134561, 0.002824538513100148, 0.002564214000423455, 0.0020812973851909926, 0.002514430762979326, -1.6496597140080234E-5, -8.0651199028204E-4, 0.0017987578677714595, 0.002332732136356078, 0.0064889493864952056, 0.007789260918188338, 0.01202406692352742, 0.013191940113654616, 0.01744301841665401, 0.017619908047173487, 0.023215135761076287, 0.014575816133633374, 0.013811140851157063, 0.022383368575365464, 2.5939384599128886E-4, 0.014074436914134547, 0.004251266477107432, 0.01030357119522212, 0.005747047290188377, 0.008884319400565052 ], [ 4.774572176219305E-4, 0.001984180696498042, -2.5194225298964763E-5, 0.0015559400300769748, -5.846239681754877E-4, 5.732735637216432E-4, -0.0022724501550559547, 8.771208512753368E-4, -0.0028758442843915596, 0.0034940232784908295, -7.51909830103295E-4, 0.0057743431504058765, -0.002427179501705243, 0.007080546691499192, -3.803643872415004E-4, 0.0054392673600197885, 0.0013376124802519603, 0.0038863432957490767, 0.0023537308419559625, 0.003186720752209565, 4.3032746242456667E-4, 0.002201900363753389, 6.364707566321165E-4, 9.861788725665304E-4, 4.968043448564536E-4, -4.259949704216512E-4, -7.327902747223356E-4, -0.0032017301483011585, -0.003819645695890347, -0.007610207275589569, -0.006283818241630715, -0.009140718221707709, -0.003114972075180216, -0.0041496824799195624, -0.0028553185350780564, -0.003787751050847184, -0.004153989737177917, -0.0039924192491360795, -0.0043045892097167224, -0.004257084424734577, -4.4976190578586506E-5, -2.3564895641631505E-5, 3.446535811727096E-4, -2.9529610583581576E-4, 2.086258808710632E-4, 2.449933796916468E-4, 2.178473546655978E-4, -0.001246216352848033, -0.0018406070928947728, -0.0030277208539101082, -0.006579918220277271, -0.007488684041980186, -0.001883042904651385, -0.005331323926824961, -0.001194400877296614, -0.004917191311303578, -0.0012153334013237913, -0.004372520091345999, -7.551971291973003E-4, -0.0037212591047382417, -0.0015763586263931907, -0.0011052506900735978, -0.0011927723696968805, -0.0016699295927520225, -0.001452563397115596, -0.00162411551232424, -0.0016249842283558315, -0.002171187450891384, -7.759315040823881E-4, -0.0018214781719862886, 0.0013735687776014031, -0.0037745612610888025, -7.895556227171072E-4, -0.008900660869556308, -0.004268544833664274, -0.006858247274801192, -0.0058929132498027875, -0.006409270260220614, -0.007303406627257147, -0.006366753693322784, 5.965191042421982E-5, 7.920857606875812E-4, -2.934436200854759E-4, -5.264109114886537E-4, -0.0010850484672016336, -0.00147362385485618, -0.0016253036410370284, -0.0026847838118195157, -0.002864488764819252, -0.0036362935901073307, -0.005495819945574194, -0.003898140257142089, 0.001699530130670434, 0.001852610953836595, 0.002219320509057096, 0.0018112070316603965, 0.001855648320113811, 0.0018320470217059804, 0.002001980175192286, 0.001608948566784866, 6.115779807957422E-4, 4.735988025594051E-4, 7.053177469152202E-4, 2.295599506532189E-4, 7.895596814632133E-4, 2.1655131863496763E-4, 0.0013079135992985764, 7.488875742565924E-4, 0.0024545122396185046, 3.7866529853033726E-4, 0.005244805847755827, 0.0031113106997984305, 0.0038780208793398694, -0.001071253446839577, -8.16224475837773E-4, -4.7334962280222003E-4, -5.941915610094816E-4, -3.86005865959882E-4, -3.050531672749036E-4, -3.0722309943195727E-4, -8.096268793072594E-4, -4.7679125666574406E-4, -5.55831810368706E-4, -0.0011447355006151743, -0.0011282230969271354, -0.0021348753873712666, -0.002531149655440358, -0.0033945353834530442, -0.004565589478967505, -0.005196305814921043, -0.006542985165437344, -0.004009170821431513, -0.0012777584118893828, -0.005423451932806148, -0.001606045204413012, -0.004173689106455881, -0.0023470846357502495, -0.0034925093769563207, -0.002630488144126854, -0.0032279418645067117 ], [ -0.001020392578120617, -0.0012070522388355604, -4.4906885640714643E-4, -1.9230510242221528E-4, 0.0023585257857560295, 5.548410984810946E-4, 0.004602047733664812, 0.0019780468654825947, 0.008003364691442225, -7.51909830103295E-4, 0.008404064905801019, -0.005038465173771916, 0.009049599663740169, -0.010629165266167086, 0.003648636016940955, -0.0033903435607237596, 2.1517234299955082E-4, -0.0019644313828536125, -0.0018789624036673733, -0.0019797941448399413, -5.365468602014697E-4, -0.002254698926684085, 1.8400192157736053E-4, -0.002980227842410068, 0.0026911582357043904, -0.002917017752827906, 0.002959354481894503, -0.0017455651847776846, 0.0042506891737216805, -7.19534990294853E-4, 0.003271095350626459, 0.002902551029109539, 0.0033895357772909963, 0.007989789606566274, -0.0014477538953887414, 0.010662494742707328, -0.001383903293203963, 0.00731747440153437, 2.5788243531849487E-4, 0.004890253136086934, 6.791757918882778E-4, -7.275563141605826E-4, 2.8453050385206864E-4, -0.0028769291777787187, -0.0014423063011275565, -0.0038831205896781656, -0.00362363582569491, -0.005039905575987043, -0.005697572215110759, -0.003296518795744227, -0.0061354901347321885, 0.0023471149722238374, -0.0073481750675490395, 0.02249285415553465, -0.005542263888315668, 0.014327784180737654, -0.0019382973040823633, 0.009829918805899132, 0.001417436972540652, 0.006898600414824213, 8.388545435509477E-4, 4.099560888125242E-4, 0.002110913700917832, 8.605311274627167E-4, 0.0036437802450322646, 0.003289100762511894, 0.005518124082440911, 0.0033413792724947796, 0.0070197366252159376, 0.003411371039190241, 0.006124734411869074, 0.003393445844391914, 0.002818897153574208, -0.0053177383858979245, -0.002458419544332154, 0.003410253573487767, -0.003794325702972168, 0.0011732333815964264, -0.002746510187519268, -3.851670633713395E-4, -4.988018228093123E-4, -3.589272994368358E-5, 3.5676767029559135E-4, 0.00219894474849483, 0.0032660946512591067, 0.004770265213385509, 0.004633409908343836, 0.0061759343055574475, 0.004661881387411128, 0.004639259514417442, 0.0019467669267574567, 0.0015631155419427167, -0.001972997678071244, -0.0023999883202080246, 0.0030189934184224523, 1.7547265888857768E-4, 0.0016950075387976698, 9.550605607868857E-4, 0.0014225951212298352, 0.0012962343891529137, 5.791179845010096E-4, 1.3012512871369978E-4, 9.96028686010196E-4, 5.182529078503852E-4, 0.001614027325839671, 2.633278713694857E-4, 0.0015133653337755485, 7.775225662826628E-4, 0.0014997293564141976, 3.841875128067244E-4, -5.96513478150454E-5, -2.552789380763097E-4, -0.002189060554675541, 0.0031079510859259763, 0.001997278802712605, 4.425547911650361E-4, 0.001621964523033159, 3.5910431593524016E-4, 8.595201866007504E-4, 8.498060041558009E-4, 9.343898520817662E-5, -2.3823333737850455E-4, 0.0015164446154711105, 0.0017217092159168886, 0.004134131035601852, 0.004147089624295996, 0.006665161533404192, 0.006906784453578113, 0.008755693165009836, 0.00929405550809789, 0.01019429660522918, 0.011782090568412815, 0.009249080591773842, 0.01604007146859567, -0.002870505271522306, 0.007738625038835595, -3.1687468167973585E-4, 0.005091283874406639, 0.001066857380575448, 0.003702196782750822 ], [ 0.0013454776927321042, 0.003767275908332061, 5.871114469917878E-4, 0.002730820077989947, -0.0020385198828669583, 4.455147256672557E-4, -0.0064373586941459445, 1.3720768121786066E-4, -0.009440368724786754, 0.0057743431504058765, -0.005038465173771916, 0.012303788730025834, -0.007385393406608409, 0.017028964817139156, -4.8054199156329156E-4, 0.011802966993839648, 0.002759298484506752, 0.008517207890368647, 0.005622681393039329, 0.007356976414129352, 0.0010459160916617845, 0.004496345157605903, 0.001419878833817925, 0.003084211486533438, -4.5166823219617625E-4, -7.442582533632655E-5, -0.0033191443582319432, -0.006332720281573679, -0.009618006487234886, -0.01753848504740608, -0.014074081901168328, -0.023259610703250735, -0.009964559632435803, -0.01195751042652595, -0.007965663728062004, -0.012365816555602913, -0.010940748296738762, -0.01174462983007869, -0.01119486353688616, -0.0115975177826008, -3.7443135521288904E-4, 3.3976967368766443E-4, 4.000075536313679E-4, 9.824345847348134E-4, 9.251085656673242E-4, 0.001979814510387314, 0.001985404828921372, -4.1143597023864456E-4, -5.142816177863244E-4, -0.00575986295869572, -0.009044626548139803, -0.01697155175815426, -0.0021083210877339484, -0.01901004431929931, -0.0011575502299534122, -0.014623931699882454, -0.002085802126663847, -0.01203646406675069, -0.002527201883070687, -0.009781147010925563, -0.003299192446519012, -0.002097766977878446, -0.003701066574416557, -0.0035559725790102435, -0.005009712376689974, -0.00462099351215243, -0.006063150972835756, -0.00569379771189406, -0.005423867418918165, -0.004872755842116512, -8.033950565594172E-4, -0.009172105559633806, -0.005409057909083902, -0.01607492412832522, -0.012888403327055702, -0.0160642704123804, -0.014747332592779067, -0.014383059292917898, -0.017180935593640104, -0.014589672853733117, 1.8455444865409984E-4, 0.0011257794275552626, -6