{
  "weights" : [ 0.7239996957918478, 0.7188642932289754, 0.7307729782908726, 0.7208465293484172, 0.7313575159034098, 0.7268033658362886, 0.7480407196253132, 0.7382247839266475, 0.7846482285349141, 0.7509816405587842, 0.8045508080105852, 0.755770649425508, 0.8071227040281559, 0.7376369656679709, 0.796636302271136, 0.7333337185204607, 0.756446653205098, 0.7399730637470112, 0.7406927468474025, 0.7414692000626563, -0.17334590875636377, -0.14144991612140967, -0.1726664320867447, -0.1674482108123025, -0.17864781256432194, -0.1950841231301364, -0.21084393043263405, -0.2173995376719472, -0.24313318289420272, -0.2317571109705706, -0.2879315612291087, -0.24780287032233972, -0.28914320877902683, -0.31606492856441604, -0.22790890643553277, -0.3999097153941029, -0.26765213312018266, -0.34052245566416356, -0.3350006291943619, -0.31486060255790316, 0.6065718714905274, 0.6093407588868137, 0.6059256455406251, 0.6005075302660389, 0.6071875446964192, 0.583610980223829, 0.5760687471123771, 0.5562380777837014, 0.5126171302789503, 0.5194774900697736, 0.4293799315474236, 0.49760182481298343, 0.4141994968409106, 0.4757210978698983, 0.45062219060868347, 0.44871319338100196, 0.4254657351630008, 0.47419716780208454, 0.4340729077706025, 0.46859832482521036, -0.04038429730867953, -0.0357732822742998, -0.03643659880056973, -0.01775063547458465, -0.005614055390493718, 0.019248387227830663, 0.038654910780867996, 0.08134391740848593, 0.13775740383459367, 0.14682383311267092, 0.15680226834933797, 0.207712992498542, 0.17275832995024354, 0.15317839411457487, 0.21561008283087352, 0.10372379672655295, 0.2649196707262991, 0.14506684532183917, 0.20383105662266546, 0.20049648659345282, 0.8616954409571336, 0.8455405120380216, 0.8375718817254906, 0.7964472689601856, 0.7819358757553309, 0.7017589166305821, 0.6715689539892566, 0.5742059286997249, 0.4844249443814892, 0.4319907609821035, 0.2860076881317957, 0.26491002749515896, 0.17123485612229727, 0.1378213161023094, 0.13411118219379153, 0.10161166483969813, 0.09979720082472654, 0.10225803845867285, 0.0890299359464504, 0.09919742423577334, -0.2128641925756994, -0.20821615166685048, -0.22010093400144864, -0.23412774047631002, -0.24034903953253148, -0.268466150101941, -0.2712561361732901, -0.2964811117125003, -0.29939590584268955, -0.2948761425821045, -0.27645097646919736, -0.26246863780268165, -0.22595088751812378, -0.17921847221781817, -0.16369189794806902, -0.13374786614695378, -0.12197966500823486, -0.10509753992034547, -0.11759069794200548, -0.10687532058114896, -0.4039464361002019, -0.3964804539085313, -0.3973314451864206, -0.38077101687746673, -0.38365118357071903, -0.3482298043873546, -0.36134768130283235, -0.29760634772240374, -0.30418171389147425, -0.21967765307358766, -0.21992516726398031, -0.09304463663786885, -0.12065801203146759, -0.007873768602952524, -0.0367517272899702, -0.00216398387214966, -0.014357840090118729, -0.010437054609995992, -0.017713478147074514, -0.021164934784948096 ],
  "covariance" : [ [ 0.009135668408709531, 0.008462197573855381, 0.008734708639342604, 0.008056535144954566, 0.007760948292339736, 0.007020889995305403, 0.005973075687774602, 0.005625692553212637, 0.004094978999286363, 0.0037503299241455922, 0.004449000735866169, 0.001893004956788957, 0.0015745611878563554, 2.2190779931623183E-4, 0.0011732987210842625, 3.506295636449947E-4, 0.00292130143876937, 5.748902857458829E-4, 0.0023756562862179077, 0.0015538016566042855, -0.004118650459548011, -0.002104423248695318, -0.004243056502727686, -0.0034692260997334235, -0.005246660705128624, -0.0040225378871728045, -0.009299487350598145, -0.004598501343410618, -0.008048017970015534, -0.0064939403244356686, -0.007878882725320835, -0.005365468768291157, -0.002180021026584323, -0.003682089700236845, 0.0017093153958449615, -0.004958298081797052, 0.0017561835503276289, -0.002268852445824765, -2.756831007348019E-4, -5.521697969361626E-4, -0.009877562183812857, -0.006779234123850664, -0.009716516461092898, -0.006961570085021145, -0.008914037781636212, -0.005822160778639904, -0.008829968852857535, -0.005037435490245738, -0.007750574607758283, -0.0033472132733978863, -0.006975092119513044, 0.00174852816237751, 0.0018985936698520845, 0.006682963392485487, 0.00682315510065621, 0.00419417224568243, 0.008513941357477892, 0.005438232265572914, 0.006981851988828077, 0.0061329815259377335, -9.783400419620535E-4, -2.789618384769275E-4, -0.0017262693997683299, -4.962800962503143E-4, -0.001382887283318001, 0.0012698910738995234, -0.004109349630497383, 0.0042612961679398716, -0.005185822392172625, 0.0012432704993524278, -0.010744880996477028, -0.005781112608936231, -0.011751034975061136, -0.011484477107165762, -0.013194229799285192, -0.016718405874806032, -0.012193917570915327, -0.015445873133672156, -0.012998700458159138, -0.013327190208270306, 0.008066627675249525, 0.007622748041406031, 0.008488704438226052, 0.007932342797630396, 0.007679980157954395, 0.006472007674328303, 0.007136060257604353, 0.0038288999486455464, 0.004808015237524922, 0.004976471389121689, 3.2975714601893194E-4, 0.006893322429920971, 0.0017330991421118688, 0.006030959550774124, 0.0058173575765783, 0.0069124992508680485, 0.0076341098345181855, 0.006522249303088784, 0.007923678562737391, 0.007320618359427407, 0.0052869942746151585, 0.005675566701133819, 0.00591233957749987, 0.005326674311178669, 0.005696474944842331, 0.003877222055498978, 0.004915630955163879, 0.0021473794321352976, 0.006770930725371249, 8.167166382135082E-4, 0.008637875961185183, 9.051939830861445E-5, 0.008908273323480325, 0.0012096088227587815, 0.00597084059751222, 8.958054181786006E-4, 0.0011354816986578638, 7.17273135176788E-4, -0.0010280189419108877, -2.3858145312981562E-4, 0.0017221512871803324, 0.002901863038076935, 0.0013132645143654796, 0.001954267088645537, 7.351119330974128E-4, 0.0011429450135632176, -0.0011879808422232113, 0.0010288991342978114, -0.0013860699438182078, -0.0010168047805922086, -0.0010464165134761276, -0.001485984704963133, 4.577238323988696E-4, -6.656863448409318E-4, -6.360411085387912E-4, -0.0036180561634321855, -0.0015356562599929068, -0.002773913004867768, -0.0013101974197535751, -0.0018318161248298283 ], [ 0.008462197573855381, 0.009018318699718452, 0.0076137315093443, 0.008513862397411294, 0.007140519232772944, 0.007134116020539553, 0.005354442861430992, 0.0061920085735406895, 0.003958088313598144, 0.004332799748623752, 0.004891409923357529, 0.002368803279981809, 0.0028175850043332803, 3.5661717858414654E-4, 0.0023744965554746995, 2.9994450194360887E-4, 0.004647538618175857, 8.262096312937433E-4, 0.003565496408728162, 0.0023485242605316018, -0.006559735981541817, -0.00416618473967478, -0.007001225620444765, -0.004936565029607869, -0.008506464608646394, -0.0052722612916168, -0.011983803032475116, -0.006321114850963411, -0.009999325508211528, -0.008167916877479461, -0.010278199825748627, -0.005321452550946572, -0.00573699606601026, -0.0028617350649707304, -0.00188450788818845, -0.004955314986955121, 3.6943104116740703E-4, -0.0037253734360365907, -6.620289487322048E-4, -0.001885316961513027, -0.010054462488759802, -0.007549873267412374, -0.009637626533133116, -0.0076349212695710975, -0.008901488768918197, -0.006443537181290471, -0.008445116746594433, -0.0062512557844020085, -0.007364108224527658, -0.004859860846843266, -0.007293961728768853, 8.111684730747473E-4, 6.577987514727346E-4, 0.006613226228205024, 0.005205377623441968, 0.0039606550487137045, 0.006798513849548145, 0.005565805771255382, 0.00557072296011609, 0.005841876498647802, -0.0016900373657314717, -0.0012222911881274476, -0.0027182943062260046, -0.001235794228584915, -0.0029517028200773546, -3.4841748273844965E-4, -0.005349591243922242, 0.002115524110477005, -0.0062857674492495155, -3.677649976684019E-4, -0.013170167953371439, -0.006415084030142702, -0.014944710771584465, -0.012747860914828081, -0.017101877630671485, -0.01774012136517418, -0.015654925351719202, -0.017605355438128623, -0.015424106045668101, -0.016022470703365266, 0.006507020936479634, 0.0066018094738215, 0.007372163310934001, 0.006867385485142919, 0.00718916012396577, 0.00626433807243492, 0.00644943554886949, 0.004240498257811648, 0.00417942034150155, 0.004564983924789192, 9.416950967382242E-5, 0.006562880728124866, 8.245013355102289E-4, 0.006040753039526463, 0.0051700732294552056, 0.007289552661408035, 0.007808399821218986, 0.0066175446161310545, 0.008421912766939675, 0.007582707050218875, 0.0055866300664699515, 0.006101362375165534, 0.006375166765277291, 0.005842089921771742, 0.006235136943766818, 0.004797598055245647, 0.005658348262475165, 0.0029899225129704416, 0.007616824425447113, 0.0017291815069300446, 0.009618599811559108, 0.0012979180504730668, 0.009418734327845398, 0.0024840803654861696, 0.0067498526429385615, 0.001486996097546609, 0.0020318831844862166, 5.823965111907601E-4, -2.9100551370227174E-4, -3.2080184145333687E-4, -4.685548792459056E-4, 4.0185512525572767E-4, -7.888572438232528E-4, -6.094259653999772E-4, -0.0017593680672890089, -0.001419376913260602, -0.003709913941752892, -0.0014372729043297533, -0.00399351123197603, -0.002605741921805328, -0.0037878405250415387, -0.001751027127280373, -0.002043948005967374, -6.885613607291157E-5, -0.002853056118769512, -0.0030611236134636182, -0.0034308037841600776, -0.002574940033333693, -0.002581982129760809, -0.0023271382566840693 ], [ 0.008734708639342604, 0.0076137315093443, 0.008706684515893303, 0.007359044006456698, 0.007754471899450753, 0.006751877994685027, 0.0062927756380754644, 0.005380603056680573, 0.004434996205440557, 0.0036872558078149343, 0.00450809408934451, 0.0023855815512738507, 0.0015234973181086032, 8.583751132322465E-4, 0.0012857304948414262, 0.001244522731595613, 0.002506298963605744, 0.0016650831975429186, 0.0022567466659189107, 0.0022610603841624307, -0.004048952321858875, -0.002490240972206092, -0.00404771438024646, -0.0038862822693502535, -0.00483778196900214, -0.004369117287883611, -0.008852173840910636, -0.00472346088128359, -0.0073799137396960614, -0.006770673397910647, -0.007104674397216631, -0.005263140288295823, -0.0017376096315433389, -0.003311393364011507, 0.001488014091706151, -0.004087308366792089, 0.0017939907818343107, -0.0017737481313973773, -4.509467224321948E-4, 7.369710409837266E-5, -0.00934411516019697, -0.006427124407894603, -0.00937975841335284, -0.006729822222143838, -0.00872634786557582, -0.005925237896126742, -0.008977903595996452, -0.005103770925917276, -0.007873067689217457, -0.0037227902047347085, -0.006762787213761855, 7.793256198702645E-4, 0.0014336425058447432, 0.005465926385610887, 0.005805542824382912, 0.0035892699260949615, 0.007834416537077992, 0.004167128069319045, 0.006498005690998726, 0.005061111200203259, -0.0013042433329536894, -0.0010764743899249743, -0.0017551055688587093, -0.001242713826730729, -0.0014685413286640863, 8.753491603343804E-4, -0.004032706822736567, 0.003649138898463784, -0.004743168359174932, 5.071084993910689E-4, -0.00977475173266696, -0.005864292551470533, -0.011042238035227386, -0.010820150097368114, -0.012407798752837599, -0.016051985587742516, -0.011075398420504362, -0.015037744052600322, -0.012438841472992113, -0.012631162449668682, 0.007410411565554355, 0.006908116325380173, 0.007831861224796354, 0.007131172094549955, 0.006981450987000733, 0.005404019851054197, 0.0062833380945712105, 0.00313883678866413, 0.003817569317204439, 0.004545555751118064, -4.354783265489819E-4, 0.006703264231908216, 0.001473171233785282, 0.005737166183741044, 0.0055623914766722345, 0.0065172993709501185, 0.007132361813424723, 0.006332590344889362, 0.007350686951221168, 0.007048329980414054, 0.005359897176180976, 0.005854292267373308, 0.005906010413961959, 0.005490706777733643, 0.005810090554186427, 0.0040132112312869905, 0.005006586809900231, 0.002502342486101056, 0.006723338265366823, 0.0011174317166523394, 0.00836725165172116, 1.922535367395485E-4, 0.008570173859160691, 0.0013675911583335835, 0.00509934055229168, 9.107342641910213E-4, 7.74009682080285E-4, 5.720215311606878E-4, -0.0013133046704387177, -3.8609746981619806E-4, 5.80072978607583E-4, 0.0016789034619521378, 1.0731112022834086E-4, 9.146737764541999E-4, -3.038636268844772E-4, 2.1984434384410018E-4, -0.0018874243103828067, 7.933130900187376E-5, -0.0016901248641684285, -0.0019136341965699123, -8.282569301417153E-4, -0.0025829193028503003, 4.1517278340083693E-4, -0.001614009551732883, -7.937268670630069E-4, -0.004087690656232613, -0.0014148737961513667, -0.003455659988601596, -0.0013341989896730817, -0.0022490720769251407 ], [ 0.008056535144954566, 0.008513862397411294, 0.007359044006456698, 0.00822786443503097, 0.006906379652015762, 0.007328320052171633, 0.0053840517197740415, 0.006603631316323627, 0.004230716937022701, 0.005080062590153257, 0.00527537114640426, 0.0033347188183860572, 0.0034091766523393877, 0.001369465424964337, 0.0031257193652190285, 0.001293180113418442, 0.005879974542448256, 0.001621727759863932, 0.0047466843833500975, 0.003390159882203024, -0.008620897012749571, -0.006934019641290734, -0.00876231310218447, -0.007666008190515989, -0.01009316147403995, -0.00776727724078269, -0.013438434014987009, -0.008622204919968665, -0.011045670124658864, -0.010214009316699042, -0.01104865738188225, -0.0071124066322385, -0.005645599416266562, -0.005097158979051676, -0.0021654522718809774, -0.006220075705763234, -4.09687637904884E-4, -0.004784669022721039, -0.0015865461402034466, -0.002597808768316481, -0.009988577310528086, -0.007825177733519373, -0.009586604612169473, -0.008113207703732223, -0.00895087615600952, -0.007348124894138919, -0.008784203690115544, -0.007370575967462885, -0.007950889257431487, -0.006280463643765404, -0.007988393241511708, -8.289329985022699E-4, -1.1735388278867468E-4, 0.004345601068955809, 0.004461233084031689, 0.0020852956214991152, 0.005729531715206242, 0.003974372999931476, 0.004209952993414116, 0.004438451885640059, -0.002488664919986119, -0.0027603956077531045, -0.0032957261786819253, -0.0026596616416333036, -0.003651560127130171, -0.0018085389937132225, -0.006018672484103202, 7.061679747229627E-4, -0.00705591556721227, -0.0015654051240068462, -0.014125211494766612, -0.00780670628946071, -0.015965459617707945, -0.014575844169403919, -0.01802887933055346, -0.019192008064066075, -0.017487294689124203, -0.019017261240787606, -0.017322079098094842, -0.017404066116568292, 0.004580370289883088, 0.004778096054672477, 0.005607100079898873, 0.005085022332668472, 0.005512528530878798, 0.004550314355962245, 0.004793157332306894, 0.00252962473531481, 0.0031105852589087134, 0.0025995517861420324, -5.58892510980597E-4, 0.005136237359872648, 4.6721473510350127E-4, 0.005415325693759982, 0.005052808254675032, 0.007006412223157196, 0.007777393580434696, 0.006500432582265705, 0.008383004742947885, 0.007522998096517262, 0.006030016896625631, 0.0066428958678940875, 0.006946851877378826, 0.006486389705597761, 0.006972658455443424, 0.005680144714765995, 0.00650780933687988, 0.004012863686297764, 0.008547762680470831, 0.0027541695029373097, 0.010533105691482653, 0.0020224086913117464, 0.010517250141077962, 0.0027170939854577825, 0.007120865249594717, 0.0015242681102267072, 0.0019543981667639694, 5.904903592998551E-4, -3.0962749205924706E-4, -3.8562047461084405E-4, -0.003232436890472849, -0.002470954070124716, -0.003475232052462378, -0.003383152338135033, -0.0042981679550239925, -0.004121836856673717, -0.0059841591665608426, -0.003987330615535835, -0.006169532595807327, -0.004572924143403236, -0.00548172130337163, -0.003477656982848178, -0.0030577077388981517, -0.0018570290423220374, -0.003486524404291707, -0.00437003060109814, -0.0041901723835685014, -0.003600386823783031, -0.003512731173448223, -0.0032358806945561773 ], [ 0.007760948292339736, 0.007140519232772944, 0.007754471899450753, 0.006906379652015762, 0.007363725478135319, 0.006319907166745398, 0.006173955538459676, 0.005351609218541593, 0.0046344484540675555, 0.0037325302753573363, 0.004866394302996436, 0.0028228958290644644, 0.0023286389100232617, 0.001276878549203436, 0.0022528776827085623, 0.0017016676023640998, 0.0029499797446144206, 0.00272150356802813, 0.0025997185952885693, 0.0032422957684596614, -0.004940469606127643, -0.003888795362996764, -0.005062210928542465, -0.004889058781356486, -0.006195962489260823, -0.005123015639269303, -0.009740731633319838, -0.005431535016365445, -0.007979169184241783, -0.007167430634919044, -0.008058693618865822, -0.004310113285106685, -0.004421913661472258, -0.0019356007662062827, -7.590775049357338E-4, -0.003154716377640438, 0.0014277929843891212, -0.0026287102305285813, -3.3409028297063433E-4, -3.25122106656313E-4, -0.008695151419705139, -0.006706659312839312, -0.008591596855290803, -0.007129524544433094, -0.008239760511816456, -0.006481200208235749, -0.008586240993746342, -0.005938490700789282, -0.0075878451633785565, -0.004851869666196385, -0.006692603139116394, -6.026612518762312E-4, 4.94265063444581E-6, 0.004203490979342721, 0.004017086048138801, 0.002981775034300201, 0.006133792103428344, 0.0031144836765346845, 0.005217140575493157, 0.004000105693254574, -0.0017296121266446936, -0.0024768736813439913, -0.0018061417529500945, -0.002633095968290658, -0.001982757793702172, -5.866644819857707E-4, -0.004348712472968939, 0.001612859865725115, -0.004746355990077755, -9.692720056795748E-4, -0.010008492034505233, -0.006044762498412607, -0.01210037839739971, -0.01042365821397969, -0.013306658766650152, -0.01564736737638868, -0.011315408077741828, -0.015686283655161108, -0.012722790470824153, -0.013316667870912274, 0.0058526634347006445, 0.005754570029251491, 0.006457398588696876, 0.005792615158705676, 0.005977246147758898, 0.004244978952651987, 0.004980766123505503, 0.0029202399504890996, 0.0023526875728951176, 0.004091501024196165, -0.0013136852300171175, 0.006346772142324078, 6.084469858292094E-4, 0.005330116964681008, 0.00463073092357794, 0.006172828198219264, 0.006578823264192588, 0.005880978313202616, 0.0069437162887969976, 0.006682853704378757, 0.005434195917343035, 0.006063605723590531, 0.00584989376148351, 0.005852576197353871, 0.005767501770459515, 0.004604869072364737, 0.0051476576836352265, 0.0032522531532301517, 0.006669418822500425, 0.002041188548732844, 0.00805633901236449, 0.001264993768569892, 0.007749311817082752, 0.002497261471259505, 0.004617122695891107, 0.0014308877119230858, 0.0012049472287837082, 2.0424447797568843E-4, -8.690674658988509E-4, -6.53405717662887E-4, -0.0013322277859794903, -7.373556487560388E-4, -0.0017288002627540602, -0.001449445302116706, -0.00226920810607045, -0.0020237246278077036, -0.0033674010674841957, -0.0022209683468105627, -0.0028029520544581793, -0.0034683534177445455, -0.0017440040151252153, -0.003442657805450956, -9.362524729510939E-4, -0.0018194585108009605, -0.0020632799384198573, -0.003944184190119222, -0.002319795904039205, -0.0038794426224842307, -0.0019610062615600817, -0.0028395753766536375 ], [ 0.007020889995305403, 0.007134116020539553, 0.006751877994685027, 0.007328320052171633, 0.006319907166745398, 0.007540724777111107, 0.005468925477587367, 0.007281861459393375, 0.004845523519535225, 0.006551424235724364, 0.006011599415952773, 0.005550439957465389, 0.004463119960624, 0.0038180962253251335, 0.004583470555486561, 0.003750938996613824, 0.008252770777714108, 0.0036564382568954343, 0.007131004962236698, 0.005779801027747762, -0.012867537933469581, -0.012574868693058945, -0.012400518890508246, -0.013258517243086522, -0.013198575878372141, -0.012977642607792744, -0.01609292694224932, -0.013447729949829502, -0.012651111099378875, -0.014764100697603661, -0.01204557047520556, -0.010729341967718489, -0.005539519435060663, -0.008968995553426088, -0.003167928793028252, -0.00807744762309569, -0.0022458125608329, -0.006389149770327306, -0.0036510181864196226, -0.0036701376409952104, -0.009635367366744495, -0.008123105808428234, -0.00937456410821313, -0.008824574897211973, -0.008958113358092885, -0.009076501678335819, -0.009413322601451628, -0.009599555788684048, -0.009009876641386673, -0.009354704781993226, -0.00920821158217712, -0.004549385357535872, -0.0020032233743862453, -5.034476385542878E-4, 0.0023684685240928753, -0.0018695291649949855, 0.003127151189306698, 3.4922926749671136E-4, 0.0011686300744736837, 0.0011695446196855993, -0.004230241241661638, -0.006051007642238242, -0.004545299629665852, -0.005698194314233481, -0.005151084870116075, -0.004908680647238704, -0.007274832335694619, -0.0024607309317107046, -0.008378158969872939, -0.004404136131196505, -0.015554091417928217, -0.010525571429180898, -0.01777592266636487, -0.01784947463298884, -0.019795765440414226, -0.021706405973911276, -0.020851835959044576, -0.021539196361780914, -0.020925673103659444, -0.01982402846171292, 3.711947859168E-4, 7.59181645234736E-4, 0.0017431597652130394, 0.0011594378091101326, 0.0017944307895736934, 7.608120304465555E-4, 0.001112131662384696, -0.001104778896548744, 6.011792375256175E-4, -0.0014145073899548707, -0.002163592898184617, 0.0022689889826994062, -4.4413625832512066E-4, 0.00413120107991959, 0.004652322638529284, 0.006371545518912693, 0.007443142801381881, 0.006264382149032662, 0.008027976762160029, 0.007310445931275523, 0.006874002049219047, 0.007766721019613237, 0.008043737667188425, 0.00779365699446545, 0.008498554371140277, 0.0074556012121046785, 0.008284590727970685, 0.006174349129025566, 0.010495193625671284, 0.00484299707548805, 0.012386247838628317, 0.003494843543948113, 0.012598197206577027, 0.003312470564280355, 0.00751715150092506, 0.0016747088831580235, 0.0016231626135178108, 6.47261943821647E-4, -4.727388940275797E-4, -5.011617157656497E-4, -0.009277647301087221, -0.008708811973702265, -0.009425156537163644, -0.009347869121232956, -0.009892995294238406, -0.009931596249843362, -0.010946672091595867, -0.009507655430421787, -0.01076938659283401, -0.008996573453174547, -0.008888779213738426, -0.007386119207065471, -0.005271970472563954, -0.005663719797151472, -0.004913517046383549, -0.007036794693582654, -0.005777748423650744, -0.005763460126063153, -0.005451605627906598, -0.0051544718197203375 ], [ 0.005973075687774602, 0.005354442861430992, 0.0062927756380754644, 0.0053840517197740415, 0.006173955538459676, 0.005468925477587367, 0.005680351401710021, 0.0049785700267595085, 0.0046586392564109055, 0.004104207485421491, 0.004945168567093342, 0.004120616549334843, 0.0028365738008414416, 0.002982481510489521, 0.003164609550840396, 0.003458122289072064, 0.0038689490807135153, 0.004563459164101513, 0.003600355693568461, 0.004959886697793684, -0.00704244060467434, -0.006814009689250168, -0.006934960681220291, -0.007680053545689181, -0.007550495606343723, -0.007908994254931629, -0.01003852522154558, -0.008150917498117992, -0.0075288334858998746, -0.009665892064195832, -0.007546722627363435, -0.005509792233801361, -0.00527674909398974, -0.0023364089275105518, -0.002595529673594649, -0.002506155388021279, -1.466408969800178E-4, -0.002665669039943708, -0.0016300847453094413, -4.2085332509544287E-4, -0.007342256133950275, -0.00615309037988288, -0.00735785960631808, -0.006809204149353463, -0.007165172433755624, -0.007009647822671852, -0.00769382102515867, -0.0070412423213590605, -0.00680974329284736, -0.006887681874444271, -0.0063054943824504784, -0.0036008337395581555, -0.0017412486446299227, 6.203477994163424E-4, 0.0012070045930065217, 5.650839918994572E-4, 0.0029061626279768176, 4.1084518795449264E-4, 0.0023560087793314715, 0.001224729005770068, -0.00286257384391696, -0.004654485174336202, -0.002553989207745271, -0.004646377070774199, -0.002903950269184533, -0.0029425806422614903, -0.004574303622799971, -0.001484500343379962, -0.004586080476776108, -0.003551230534554336, -0.009369182784296645, -0.006906528948721577, -0.012128978575219296, -0.010495036550052815, -0.013415510607667552, -0.015005038225304017, -0.011905744931790689, -0.015375479645824043, -0.013448843822303286, -0.01333206708584703, 0.0024978687763880193, 0.0026705521865328244, 0.0033423149846747917, 0.0026526536202487196, 0.0031408099385771093, 0.0012991237166826246, 0.002284074385551189, 6.532329061003702E-4, 2.5017927095976423E-4, 0.0016707361740763119, -0.002402838212856887, 0.0043016840349113785, -2.846093712240209E-4, 0.004031867277185518, 0.0035267781052802836, 0.0051732709190028345, 0.005337722559783208, 0.005180874245924549, 0.0057146311267255315, 0.005838742341506076, 0.005412712196955766, 0.006317935900617057, 0.005847692720448942, 0.006204397748858658, 0.006066687397835788, 0.0053301634324370885, 0.005732228689239968, 0.004448466521783273, 0.0070802976466943154, 0.003312492105029324, 0.00811018896451888, 0.0023783436805217203, 0.007458365129957418, 0.0032804005733786668, 0.003790657236397265, 0.0017146855180782909, 0.0010089657606857643, 3.6847446412388705E-5, -7.985067866874266E-4, -7.525019268375184E-4, -0.005476882220319487, -0.005195439842443627, -0.00584443726211494, -0.005596647894195283, -0.006187994581242569, -0.005990498033825991, -0.006621314646158274, -0.006113057779219779, -0.0055541987852790456, -0.006562186831186782, -0.003875191160626464, -0.005906776219702137, -0.002927719932801261, -0.003767393951526088, -0.003501898162328404, -0.00473201096778742, -0.003482629669279864, -0.004764615602141525, -0.0031228558640080052, -0.003864102474813217 ], [ 0.005625692553212637, 0.0061920085735406895, 0.005380603056680573, 0.006603631316323627, 0.005351609218541593, 0.007281861459393375, 0.0049785700267595085, 0.007899171409150165, 0.004964179165502921, 0.00790060160058126, 0.006800035236133916, 0.007208040581845367, 0.005923107198806685, 0.005881342794438472, 0.006530887438883156, 0.0054703155622271024, 0.010802329891410842, 0.005410270055601221, 0.009442437931810802, 0.007979039539669847, -0.01699917586445632, -0.0175718115964966, -0.01636212416986045, -0.017886492676528774, -0.017152673922082973, -0.017274137432769975, -0.01913998736814774, -0.017290523479154135, -0.0154646572407926, -0.01740118403021068, -0.014640772509718906, -0.01258937910891159, -0.008486814229694477, -0.011047055433639805, -0.004591075985547545, -0.009969975626396598, -0.003140367072355046, -0.009128610645556067, -0.004417595370861853, -0.005315110139227728, -0.00923597891642942, -0.008534699691936636, -0.008853285212589133, -0.00946526039966573, -0.00868796773639956, -0.010320751954038433, -0.009228471836231118, -0.011553594184786391, -0.00959203209271251, -0.011808417315519015, -0.010830123815605962, -0.0075296150370689485, -0.004940285531349088, -0.0046100094239795615, 4.157457670302948E-4, -0.005576026632298446, 6.73627098395247E-4, -0.002920557382229843, -0.001598217033024693, -0.0016493806328491025, -0.005846842327576832, -0.008982817906690609, -0.005825744077936185, -0.008440441140513871, -0.006931917573497751, -0.008036963400091843, -0.008823379296401007, -0.005886272043854807, -0.010309416487396462, -0.006802195733690191, -0.01737264402669125, -0.012304247227953782, -0.02022210519478701, -0.02052410231655178, -0.02166702898734413, -0.024410531284230506, -0.02376395287716535, -0.02445574663703424, -0.023916609825145735, -0.022587950574992036, -0.003772698535266274, -0.0028023140558641403, -0.0019724911644761665, -0.0023115273121778086, -0.0013959371454433183, -0.0022549435898004547, -0.0015581566712965255, -0.0036582643356023363, -0.001264744200501209, -0.004157803484738458, -0.0031593914673774667, -1.4943967926707457E-4, -0.001402563364614732, 0.002851389236971648, 0.003858143867986271, 0.005711303175260682, 0.007113922824733893, 0.005666344675913879, 0.007754071518389043, 0.00688525023478637, 0.007496942656691125, 0.008643460927655638, 0.008791154998854491, 0.008993652042965584, 0.009466045673740394, 0.00924953789874705, 0.009695763360686048, 0.008246493821936372, 0.011944400557966733, 0.007112773505714829, 0.013487690178732777, 0.005509342487145744, 0.013354612443078897, 0.0045810540554663635, 0.008178463253112713, 0.0024168892883560337, 0.0020877872723382407, 6.402299030011687E-4, 6.512075876830914E-5, -6.258345053053703E-4, -0.014811147914791958, -0.014576114884761644, -0.014847726132741346, -0.015174782718241187, -0.015297228440804445, -0.01574982679495272, -0.015834346827676586, -0.015209855254065815, -0.015328722692419883, -0.013490555533524923, -0.012868072118884074, -0.010534984156118463, -0.008396405389508633, -0.008114096225493425, -0.006491286485628698, -0.008903131434695444, -0.007537253143754441, -0.007550119541137107, -0.007336348521391553, -0.006835145306203114 ], [ 0.004094978999286363, 0.003958088313598144, 0.004434996205440557, 0.004230716937022701, 0.0046344484540675555, 0.004845523519535225, 0.0046586392564109055, 0.004964179165502921, 0.004481968681409913, 0.004587918390161483, 0.0049081198033807455, 0.005431423492688678, 0.0033971555898810787, 0.00455024362103993, 0.0038886716950763778, 0.004743565860765835, 0.00575150562341167, 0.005192694994797658, 0.005287565281011061, 0.006096590546282399, -0.01006560213241793, -0.01044604928946799, -0.00980216185048871, -0.010818779787355107, -0.010208207937780649, -0.010737417934266238, -0.011545519338365133, -0.011061580833119252, -0.007758832358357967, -0.012983601212879909, -0.007522848928668151, -0.0066555122663399455, -0.007392124333518035, -0.002169914814622109, -0.006141746013376005, -0.0019365211465682077, -0.002842315184461404, -0.0032962321085079566, -0.003159348059856912, -0.0015034143892769557, -0.006105955418969104, -0.005846321731067597, -0.006117869125148003, -0.006607338581751308, -0.006259816928601873, -0.007382841171043876, -0.007024675901462902, -0.008065230656731294, -0.006414123649881325, -0.008911662404376772, -0.006133927749908549, -0.00599896011122961, -0.003816760979453282, -0.0018151595157695193, -0.0016524078282087599, -0.001802849847393705, -3.5700788799459475E-4, -0.0016215048208010276, -8.331391297141861E-4, -0.0011230146854620921, -0.0035237926541399453, -0.006452675541965831, -0.0029023069415615057, -0.0063401462445610915, -0.0037809994814200915, -0.005353977065787115, -0.004823807823085061, -0.00454374878128133, -0.004893037289687683, -0.006023468874394481, -0.009780759591996063, -0.0077167094206562785, -0.013483504993412821, -0.011127772300261034, -0.015218223766197981, -0.014246220126967553, -0.01415315530683882, -0.015624239672067684, -0.014870262263099116, -0.014059431590819939, -0.0015646539391297532, -0.001007281039292476, -4.415815540855845E-4, -9.005067498812146E-4, -4.272736992097369E-4, -0.0013036528647434383, -0.0016476374956985772, -0.0011886423116847828, -0.002412422509458771, -0.001077541112648279, -0.0038734980940389606, 0.0022013888187711055, -0.0019738459910336194, 0.003155318790266704, 0.0020633938676941875, 0.004597781613416206, 0.004211288522200771, 0.004521865238505025, 0.00482088437144992, 0.005044564008529678, 0.0050748467144559346, 0.006174957150023941, 0.005682066344192058, 0.006291594278270881, 0.006297914657809026, 0.0060138929113045005, 0.006375181511931687, 0.005514513121675356, 0.007949672927060177, 0.0043483704653638705, 0.00900687754056987, 0.003580657324963904, 0.008057007388019979, 0.004127539703331359, 0.0038098414930725737, 0.0020938307045428985, 9.381727962683777E-4, 2.6058511005960507E-4, -4.6702807944073337E-4, -6.25980754312732E-4, -0.00938374715207348, -0.009469310923245156, -0.009623259444335392, -0.009713129455503441, -0.009863214235266347, -0.010004755498815517, -0.009689915494387297, -0.009893436732996398, -0.008514378901290472, -0.009262524758119929, -0.006046332554576473, -0.007565030789274735, -0.004943761675423259, -0.004838446708895385, -0.00504397942618455, -0.005079304152245419, -0.005153050526692122, -0.004959738118210289, -0.004622518105875379, -0.004578954979912705 ], [ 0.0037503299241455922, 0.004332799748623752, 0.0036872558078149343, 0.005080062590153257, 0.0037325302753573363, 0.006551424235724364, 0.004104207485421491, 0.00790060160058126, 0.004587918390161483, 0.009472446882059282, 0.007257887843631778, 0.009094395295657108, 0.006999604854635146, 0.008652742841741404, 0.008426560178822413, 0.00784614052843528, 0.013526493082419877, 0.007684133584306752, 0.011915073861837723, 0.010562590470439441, -0.02158983749302144, -0.02350086434146657, -0.02028519436446561, -0.024283349373762253, -0.019863157378121436, -0.024208033492681393, -0.020206009714788857, -0.024051537097046168, -0.016528968162721758, -0.0220341330780745, -0.015482966913870331, -0.017867594977488816, -0.008226259640184334, -0.01717221147217897, -0.0031257097210243756, -0.013488455903310157, -0.004911528770687339, -0.01078576829103645, -0.006900086088290977, -0.00655899829526061, -0.008385774387956292, -0.008361009437641759, -0.007883257112221823, -0.009808004227765451, -0.007358598734864318, -0.012057149571040435, -0.007572683204870451, -0.014372825741805897, -0.008452835811908085, -0.015443854125428669, -0.01165856037871073, -0.012280258135926592, -0.006860596611579836, -0.011640949128942903, -0.0011651552146447696, -0.010698120640518715, -0.0032470212695895834, -0.006836560129803798, -0.0057946815038779345, -0.0054780410214021556, -0.008144529252970814, -0.012368748263829544, -0.007845223363651, -0.011631365236240608, -0.00842454985730431, -0.01209254633521152, -0.009684288767846258, -0.010252663272960288, -0.011550586822434867, -0.009885001032223983, -0.018079996527728903, -0.015247032349365365, -0.02069099359098312, -0.024186200139762686, -0.021399720101638556, -0.027546098419416055, -0.027117892622711644, -0.025540363039357056, -0.0276416444043388, -0.024579346804209624, -0.008624638754681392, -0.007248355067318173, -0.006467718470407292, -0.006645609461410281, -0.005446696911684243, -0.006701571454609554, -0.003855384111146765, -0.00869035187302042, -0.0020452908028635018, -0.00906503438269735, -0.0028255348278459764, -0.004898690888850613, -0.0011124895563959674, 1.4136774075639084E-4, 0.0034202182856717606, 0.004175603055835319, 0.006315090348976546, 0.0048339138133893286, 0.0067275554192546124, 0.006025382888274068, 0.008098240286472068, 0.009600331849228937, 0.009582555520590497, 0.010132613568947457, 0.010476515068598417, 0.010957215488887277, 0.011244788703940016, 0.010426028579505751, 0.013264233406032257, 0.009686121623894007, 0.014292925619047006, 0.0074872453475243305, 0.014094675382159388, 0.005083380374169255, 0.008757450091017638, 0.002628919702789661, 0.00218140074750207, 5.428934881274592E-4, 3.839060792747976E-4, -5.767663780553699E-4, -0.02151390358530719, -0.02141992568626756, -0.021382443428040764, -0.021753801119098005, -0.021479324254698094, -0.022270446676467145, -0.021507138444757705, -0.021590773047164204, -0.02068911792609516, -0.01877433629413952, -0.018309771053336654, -0.014827220408234055, -0.011943034890990958, -0.012481178146413313, -0.007898946762244717, -0.01163272752506761, -0.00939280294883147, -0.009387758927381404, -0.009567732751630809, -0.008711606256266715 ], [ 0.004449000735866169, 0.004891409923357529, 0.00450809408934451, 0.00527537114640426, 0.004866394302996436, 0.006011599415952773, 0.004945168567093342, 0.006800035236133916, 0.0049081198033807455, 0.007257887843631778, 0.006693073728899477, 0.007278083448807766, 0.005724395875520189, 0.006529934717557232, 0.0067932082095899515, 0.006234812173153607, 0.00972497154202438, 0.007037976874802703, 0.008581341047324116, 0.00881918456749663, -0.015967007279310948, -0.017105402929736647, -0.015328574646619873, -0.017745080181584064, -0.015625663528694617, -0.01777949054145741, -0.01661207814733267, -0.017850215554717597, -0.013178057866540416, -0.01728034978771263, -0.012892558026015933, -0.011902607636852604, -0.009427540743386762, -0.009333255286920023, -0.004561580833918918, -0.007952033918824576, -0.0031018789762216285, -0.00774271242872451, -0.004497521813375201, -0.004108970133514849, -0.007934136478678848, -0.007906642131338557, -0.007521813948866694, -0.009092645876495737, -0.007297951373823264, -0.010479006667447527, -0.007617935855567519, -0.01200492808821157, -0.007716828557128623, -0.012696398588505763, -0.009518820529786032, -0.009356046368088063, -0.005681206004220146, -0.006634300369115042, -0.0010775314125615384, -0.0058488247219032185, -0.0014382751223626282, -0.003964714541917388, -0.0028171929290989506, -0.002898100127270511, -0.00606353787255358, -0.009881578744304209, -0.005506945903768169, -0.009534448287623926, -0.00626342972210706, -0.009069695087531282, -0.007664085213010766, -0.007718012758435997, -0.008613026044999333, -0.00812098732335514, -0.014764983966370854, -0.011849339505920816, -0.01823671520877089, -0.0182295353097591, -0.019141392964240406, -0.02242652358204201, -0.02110984745688184, -0.022099153138851517, -0.02211317373866336, -0.020654493623726185, -0.004418336335715739, -0.003268344191012961, -0.0027055068505612624, -0.003034674349458267, -0.0020255749927780985, -0.003572800568100317, -0.0016862418883454315, -0.0044206656663913135, -0.0017771712552150409, -0.0042367616173611235, -0.003198135888841289, -6.637903987762065E-4, -0.0013319352819584267, 0.0019284278357809786, 0.002992880379970993, 0.004771341797046022, 0.005789930926063075, 0.004995765755180915, 0.00632775210350174, 0.006018351251747702, 0.0071298985277814305, 0.008511001338446792, 0.008065210258421059, 0.008867140355927616, 0.008649930107706025, 0.00901967610764056, 0.009081007963547064, 0.00836436226690015, 0.010784766061859666, 0.007512221278538565, 0.011720915679625354, 0.006049048151624704, 0.010821058144629794, 0.0052605101143154386, 0.006523744235032757, 0.0027462818097663856, 0.002070015682065494, 1.445321676975814E-4, 1.9094956415315176E-4, -8.070136120030426E-4, -0.015535241589450362, -0.01567086832182699, -0.015594911937872939, -0.016078000567539826, -0.015938604574708595, -0.016532106098760595, -0.015881039014432306, -0.01629162008848236, -0.014684968384760804, -0.0145515928985872, -0.012535900511879725, -0.011478744416086718, -0.008947785970639444, -0.008588734487795832, -0.006867487881732039, -0.008484682779313754, -0.0075586491490232345, -0.007602903856282131, -0.007236512753451493, -0.006982302524011746 ], [ 0.001893004956788957, 0.002368803279981809, 0.0023855815512738507, 0.0033347188183860572, 0.0028228958290644644, 0.005550439957465389, 0.004120616549334843, 0.007208040581845367, 0.005431423492688678, 0.009094395295657108, 0.007278083448807766, 0.011475206196571892, 0.0062731521136704166, 0.01169214079203439, 0.008035953097728674, 0.010887069659785153, 0.01400607779012106, 0.00997807262649757, 0.012709637160626248, 0.012529193552663246, -0.023669497017734437, -0.02558187581938001, -0.022440264336647184, -0.026220703455198432, -0.021102883800223158, -0.026724304457243674, -0.01953929807055463, -0.02739553686835164, -0.012382458745539383, -0.028701353100909526, -0.011295066158246792, -0.01773145074046248, -0.012735853716263857, -0.00964458158371296, -0.011354277541818692, -0.006225959197543559, -0.009990419713482952, -0.0066436139711953945, -0.00958481773698073, -0.004849338883829794, -0.006846073046459402, -0.0076364602474834065, -0.0067808450174767845, -0.009243596742416614, -0.006705738448530251, -0.012521347983542031, -0.007324996571448532, -0.015659884383362657, -0.00725292465746127, -0.019069247985463948, -0.009642285673920031, -0.016161751842148162, -0.009927943443920412, -0.012213749146472358, -0.0069795871122539065, -0.010888254189348492, -0.008419300886741863, -0.008260694329271748, -0.009483921487102588, -0.008107471987458181, -0.008280625086459888, -0.014245721148195799, -0.007146591037983292, -0.013739470912413192, -0.008228232068726886, -0.014625369065973188, -0.008122276123727838, -0.01444260990708187, -0.00909372753706549, -0.014672218589097744, -0.015640112376838017, -0.015182982261345356, -0.02176664097655969, -0.021337336463760407, -0.024482900427348492, -0.023551512476677222, -0.02787602352971757, -0.023841563461248255, -0.02777651839864523, -0.023440266803663273, -0.01218250802465062, -0.010557741483240533, -0.009820370056098498, -0.009875863774033815, -0.009192824080153423, -0.00908769973173333, -0.00903879000537838, -0.009231764417460014, -0.00656415496592818, -0.00998369208733986, -0.006326397557762418, -0.0044793143651089395