{
  "weights" : [ 0.17007191101069044, 0.16316736659009423, 0.16580293912251565, 0.16611963320462578, 0.1658427520154803, 0.16710982725533247, 0.16849608085215667, 0.16866730372582245, 0.1678583148601241, 0.17030773898226265, 0.17204750012091274, 0.17546126882491103, 0.1795208241037291, 0.17770445318094638, 0.18018515131802476, 0.1822080617971779, 0.17871438450142968, 0.17426900010398522, 0.16817786409253818, 0.16877647525842482, 0.6814044508234716, 0.6760856634469368, 0.6771065665051488, 0.6777118309370546, 0.673376367089693, 0.6764571605250933, 0.6785470285393506, 0.6778799843935369, 0.6821854639684249, 0.6762636484082934, 0.68407856856695, 0.6744094754076096, 0.6858041223828136, 0.6696029954377356, 0.6846177305028608, 0.6680092035943497, 0.6857338856056927, 0.6683017260080811, 0.6849849105966346, 0.6916361755377343, -0.6379384788219759, -0.6425489820684956, -0.6437472870849554, -0.639001016418568, -0.643054130763722, -0.6371764288595797, -0.6342394459692323, -0.6324433802170689, -0.6316336737819349, -0.6317815245168992, -0.6294745957883596, -0.6312327324287317, -0.6258771642010279, -0.6375803928925552, -0.6240654962179162, -0.6382819152223436, -0.6229201657527929, -0.642929442581236, -0.6263760279086236, -0.6167925302820306, 0.27927776156579764, 0.2845760306684001, 0.27920104169933974, 0.28831415053374776, 0.2909628381943048, 0.2943054539701227, 0.298878738932496, 0.30079601573795917, 0.29810789462390525, 0.3055112256189028, 0.2983597614996742, 0.30908524562630973, 0.2967400441904394, 0.30857993895554425, 0.30190308293018975, 0.3076601997618237, 0.3030929592804725, 0.3025274894862623, 0.306128218629666, 0.305959613687016, -0.3957743490633794, -0.39025750020502975, -0.3978572834631677, -0.38671054374344477, -0.3918307743012129, -0.379551566630251, -0.3812557282666532, -0.3716101949991306, -0.3702650814908938, -0.3633969628309081, -0.36048160698784254, -0.3590959309854504, -0.35565975960710605, -0.35106754618279434, -0.3505908926692984, -0.34686603615109485, -0.3471948212449941, -0.3446277193446425, -0.3433845851235313, -0.345017022464926, -0.7008873335931722, -0.7013051095662913, -0.6986756052100785, -0.692491201339217, -0.6908332096888422, -0.682088344654586, -0.6790796824143233, -0.6775328380684752, -0.6694597991534158, -0.6833613028940915, -0.6738894269821673, -0.6816421616866226, -0.6724935410415217, -0.6962514748126541, -0.6798356127723004, -0.6948855558344121, -0.6852317442475938, -0.6926215174366446, -0.6853586829197079, -0.6884148372510985, 0.05769403561675951, 0.05979287254772144, 0.05625371758118416, 0.061157958404945936, 0.060259693309839865, 0.0580294591042967, 0.055721520532381906, 0.05849278816828492, 0.048064334839175535, 0.06142085739868486, 0.05090704039695086, 0.061637298601256926, 0.04744583762444983, 0.07052420104901716, 0.055263154273007264, 0.06876629903777601, 0.060223037706067364, 0.06705852969272255, 0.05947549256876494, 0.06101829774633184 ],
  "covariance" : [ [ 0.011096028038625992, 0.011546152995994527, 0.01079402713148345, 0.011158384445347303, 0.010681276003957903, 0.011806855831869448, 0.01009564359986006, 0.012132119200436437, 0.010735721355196081, 0.012253822517886084, 0.010479565796151119, 0.011913581927159567, 0.010634556786690622, 0.011316428929866519, 0.010773786669045701, 0.011087113710628364, 0.010505090214437457, 0.010947187193132845, 0.00980256411130187, 0.011189987552624455, -0.0023044360211428444, -0.0022875402808266413, -0.0020390505864479927, -0.002395296375420497, -0.001915386842962474, -0.002225972019005101, -0.0017803634606769177, -0.0025989635375113732, -0.0014635046550646267, -0.0023008343510057573, -0.0016613797244323814, -0.0021751399340897634, -0.00223568558839512, -0.0023373513728951697, -0.0024033359582284843, -0.002555387535029628, -0.0021856370539224783, -0.0027301392035836043, -0.0013152749991279858, -0.00245224582221345, -0.0037635650627312503, -0.0034346310931616993, -0.0036005873017118492, -0.00396411831019697, -0.0034302385635848645, -0.0035050066447290403, -0.0036730004581129803, -0.003483244150395587, -0.002851925341099495, -0.0028473584656289064, -0.0026030976279728334, -0.0025342851811564287, -0.002764089127248238, -0.0024626882217706147, -0.002703078464691779, -0.0027869882061542597, -0.002484331348026976, -0.0031339328685789486, -0.001997037457440027, -0.0032480002569527174, -0.008811418334309488, -0.008739610599549676, -0.008742896189384161, -0.0089095161106401, -0.008590481811589612, -0.008299955512542732, -0.00887108080247351, -0.007496833016694797, -0.007818524280896296, -0.00687856801548409, -0.0071326070773196255, -0.0064994433824162355, -0.006452924451788639, -0.00616280184781798, -0.005805035776903828, -0.006254449917908837, -0.005670704126365804, -0.006291455078054554, -0.00601623462836357, -0.0064698668336483104, -0.013037149595954804, -0.01369662506022199, -0.012732815745853013, -0.013672130011889818, -0.012627032313502425, -0.013268162389450347, -0.012365967153018359, -0.013320820625748905, -0.012366731664259037, -0.012653585832965473, -0.012654742939713476, -0.012669725042880997, -0.012897186049255072, -0.012722432709354515, -0.012760818154274321, -0.012878068302695224, -0.012689335758284799, -0.01291409333756755, -0.012881745444662035, -0.012705046886801123, 0.005612898679394281, 0.005476169507066627, 0.005665389922786413, 0.004982527915409704, 0.005379864580234441, 0.00478503811686262, 0.005046337304132485, 0.004887808563766338, 0.004390265100467439, 0.0051617706484846666, 0.004506051711510342, 0.00480769540144397, 0.0037591177934214984, 0.005235879829221187, 0.003368778842874429, 0.004305630167412413, 0.003910313672006521, 0.003590705432068843, 0.004689103936978853, 0.0036030763865449616, 2.990004084237372E-4, 2.3952894635732484E-4, 3.9059243005520026E-4, 1.3621466959556355E-4, 3.9279269783371707E-4, 3.179908129060899E-4, 7.91026721307217E-6, 7.199680067195941E-4, 4.0127546609899705E-4, 9.140191402399395E-4, 6.284601826079563E-4, 0.001285380515549225, 0.0012579271166947882, 0.0013138632780492906, 0.001686811464172466, 0.0014580400527609283, 0.0013774088066652562, 0.0018298069964824933, 7.152826278757449E-4, 0.001211808131485107 ], [ 0.011546152995994527, 0.012323003784798938, 0.011054277101434364, 0.011873410932363111, 0.011055769434067447, 0.012369376365200238, 0.01060307255973221, 0.012668769166129119, 0.011267700511866971, 0.01286619514334312, 0.01100430055752082, 0.012559784833852427, 0.011162181599050853, 0.011947825209861715, 0.01130254125548942, 0.011685059026338696, 0.011025762989384858, 0.011496665132059816, 0.0102246298189605, 0.011814300723898712, -0.0022934061580248953, -0.0023364533235117114, -0.001941685128256585, -0.0024771073670191296, -0.0018483420131271914, -0.0023755498793158435, -0.001758192016355828, -0.002766251149726269, -0.0014925362279793412, -0.002542229248209518, -0.0017247870182898516, -0.0024358811081371147, -0.0024015521098384052, -0.002549776704209023, -0.002620691042684213, -0.0028062341365373902, -0.00242863314847605, -0.0029468634378022017, -0.001504824343351309, -0.0026216343027432353, -0.003693164291719502, -0.003426739623849433, -0.003414997641894672, -0.004025762268541304, -0.003281739371888176, -0.003641298086077976, -0.0035923986658375796, -0.003563973204062914, -0.002782565440348967, -0.0030095070325735127, -0.002556570574460108, -0.002742027393538912, -0.0028036718686928644, -0.0026414008725672753, -0.002785748153288601, -0.0030069906437037693, -0.00259742157653345, -0.0033452900826068505, -0.002096962867226904, -0.003422158067398307, -0.009153614884565911, -0.009322598520723101, -0.008884853867626972, -0.009508182636101087, -0.008816768417347373, -0.0088268075039715, -0.00922009991607387, -0.007843639846489612, -0.00812299897802965, -0.007280206314608009, -0.007401002342505885, -0.006988155498452085, -0.006650835010361656, -0.006696890012841407, -0.005979688095406106, -0.006745075126210324, -0.00585371050689831, -0.006785548169424327, -0.006227454276885033, -0.006996001038136107, -0.013425963630265261, -0.014146659656097568, -0.0130931988798995, -0.014234216061919302, -0.01296912236716652, -0.014035883511567943, -0.012885044104375914, -0.01402405468994791, -0.012958568051020351, -0.013449505728018183, -0.013224922429102396, -0.013494600372127553, -0.013539643210715718, -0.013479533052022508, -0.01342666482663042, -0.013619118683613351, -0.013345576563070435, -0.01362976586743745, -0.01356634837056426, -0.01338745006155391, 0.007392334492138843, 0.006969811922874052, 0.007604634370475975, 0.006329625118578011, 0.007450043734859808, 0.005855349771475524, 0.007008663141238869, 0.0060287540598463535, 0.005902129230763023, 0.006550086553032242, 0.00584171301577007, 0.006054100740791376, 0.0049853480095864156, 0.006446841640403299, 0.004648744425980633, 0.00544471356036469, 0.005119169535246729, 0.0047710671971600395, 0.005913974803043057, 0.004749830081160824, 2.798522957551858E-4, 3.413443396892033E-4, 3.3744067428044696E-4, 2.463934893878789E-4, 2.566646430515243E-4, 6.283527106891749E-4, -9.025042378994564E-5, 9.359858048459586E-4, 5.923532471884692E-4, 0.0010414136706832298, 8.321102260977233E-4, 0.0014578584581617592, 0.001609663348864356, 0.001463487568179625, 0.0019938739401993196, 0.0016898693375767253, 0.0017095811923729055, 0.002047908095207277, 9.92935584180144E-4, 0.001438310373419889 ], [ 0.01079402713148345, 0.011054277101434364, 0.010669850335102326, 0.010722892440093145, 0.010471856658241605, 0.011445992025521302, 0.009805000359116826, 0.011794697726899336, 0.010386621893647774, 0.011862479600930717, 0.010120505396092366, 0.011552944466668224, 0.010265179706726742, 0.010953648592148355, 0.010436909661460731, 0.010750419539085409, 0.010169975971855363, 0.010647982691763336, 0.009538298054822161, 0.01081510054902983, -0.0022933373280050206, -0.002233212999951052, -0.0021016640982888415, -0.002325332842762103, -0.0019639766936933147, -0.002123104952457684, -0.001809527110057884, -0.0024741681234175775, -0.001462277824973847, -0.002145555849200284, -0.0016287046239415177, -0.0020280991630095132, -0.0021350596788819324, -0.0021735109566117694, -0.002292491090782279, -0.0023562182817257176, -0.002051740069954297, -0.0025347067270023774, -0.0012198649275193883, -0.0022968598449799684, -0.003756954394449373, -0.003377055970635154, -0.003687190275565513, -0.0038650295725787265, -0.003513015593835363, -0.0033827632438338156, -0.003706665620722461, -0.003384718296252842, -0.0028917425681450437, -0.0027189253264970907, -0.002630629542366044, -0.0023870604493942205, -0.002728452701461052, -0.0022940593500453306, -0.0026724133292225574, -0.0025515846224983094, -0.002446191870172785, -0.0028611156355646413, -0.0019887246599883937, -0.0030164582334494734, -0.008561996173077574, -0.008331819754480298, -0.008638040533940029, -0.008494664354525751, -0.00845218078566258, -0.00795898867225591, -0.008617639992166989, -0.0072690184631176175, -0.007621262825099009, -0.006619411549378755, -0.006974483294362716, -0.0062010313011300775, -0.006332088100376172, -0.005841694886362784, -0.0057297726115301964, -0.005899493394636945, -0.005627128289678824, -0.005881929594633669, -0.0059837855203032034, -0.006064591210676695, -0.012890436098973236, -0.013506320139059608, -0.012621911213107835, -0.013407134392652198, -0.012540797473018358, -0.012881552354739503, -0.01218168870600852, -0.012945488135145249, -0.0121632046965187, -0.012231704247476986, -0.01247405950818568, -0.01229064965284901, -0.012656527084246708, -0.012373581354055401, -0.012484929014563028, -0.012532537852253793, -0.012403428924364539, -0.012593721566946096, -0.012566001353312596, -0.012410910969487507, 0.004444900526008355, 0.0044847500399763235, 0.004404103688481521, 0.004044287739952896, 0.004047248805881765, 0.00401986961104004, 0.003784287571492491, 0.004083404637737256, 0.003400524410832669, 0.0042377166482938195, 0.003605320665079196, 0.003936378067271922, 0.0029574143108307242, 0.0044321760516782115, 0.0024991616765704457, 0.003589710468841384, 0.00309272143581962, 0.0028664059197950655, 0.003850710865845488, 0.0028907748875087584, 3.372154245008369E-4, 1.7328741279755284E-4, 4.528799054477832E-4, 1.0230580612078165E-4, 4.971303992141459E-4, 1.4787675377672072E-4, 9.765855814190913E-5, 6.052048392875635E-4, 3.078791057929767E-4, 8.450411761972487E-4, 5.188867296489167E-4, 0.0011840389498033912, 0.0010785720929714449, 0.001180287329886468, 0.0015428544365165748, 0.0013013024791782481, 0.0011805482239479468, 0.001686233477126631, 5.598065574267913E-4, 0.0010601120746545484 ], [ 0.011158384445347303, 0.011873410932363111, 0.010722892440093145, 0.011484606339519485, 0.010712702538340186, 0.01193756007626692, 0.010251729412207056, 0.012232341372378667, 0.010891892629975126, 0.01239089894953499, 0.010624671472077019, 0.012096150244233684, 0.010755707078784607, 0.011528050236694452, 0.010902096436915396, 0.011279533785037302, 0.010625949645303672, 0.011096783115085935, 0.009855697797147399, 0.0114038689195598, -0.0021744026481216186, -0.002218025959941628, -0.0018386244037890047, -0.0023580531736122176, -0.0017629442418799933, -0.002260033667349419, -0.0016670340070077804, -0.0026188644882513767, -0.0014203572427541826, -0.0023978874900244737, -0.00163566089552914, -0.0023052449255586073, -0.002282835381676702, -0.002418689848794335, -0.0024914044868210306, -0.0026575195642293188, -0.002307212083679939, -0.002772762367884468, -0.001428871600040249, -0.0024641362950291253, -0.0035298032517202898, -0.003266932696064316, -0.003256966686679161, -0.0038696456348010105, -0.003133419642666223, -0.0034925674983461836, -0.003430143197182248, -0.00339851905143514, -0.002650851504462057, -0.0028374243638356667, -0.002424943994153996, -0.0025907263087994693, -0.0026588427495383457, -0.0024762188425705924, -0.002652226423945197, -0.0028076192789996484, -0.0024793642141751142, -0.003088051692961869, -0.0020270816582244207, -0.0031645651973087104, -0.00874545934353983, -0.008866527845395015, -0.008481689646494386, -0.00911390736218656, -0.00839273568327601, -0.008434723487700807, -0.008794538646655775, -0.007494134900025145, -0.007731168266865801, -0.006907642822743709, -0.0070376098156318696, -0.006613951758917008, -0.006303135876254948, -0.00632118907473378, -0.005675834412862831, -0.0063552528164244615, -0.005558765771950226, -0.006355183357373795, -0.00594906399813909, -0.0065556234110758435, -0.012991007278740162, -0.0136797319482128, -0.012688541394689466, -0.013742961580743503, -0.012579601404849422, -0.013527589529676387, -0.012491481679138628, -0.013521990936499455, -0.012574432352420518, -0.012940318548686583, -0.012830056868957477, -0.012990442724071271, -0.013093168307201442, -0.012990573935976305, -0.012951846943970087, -0.013142303633506526, -0.012858606741755716, -0.01314901940100583, -0.013070353114539031, -0.012921233915093174, 0.0067575010174901265, 0.006375080678009072, 0.006950166284427483, 0.005740459003275769, 0.00678806512397146, 0.005348899641940685, 0.006352612982455328, 0.005526634682043917, 0.005337552187081394, 0.006054226637390202, 0.0053451761347442575, 0.005544963805036424, 0.0045497218617079225, 0.005922452455992422, 0.004211192229426489, 0.00499932146004192, 0.004649717551941729, 0.004383203882807925, 0.005419690617333749, 0.0043468791924620555, 2.995703206328437E-4, 3.343180450038364E-4, 3.706701418491798E-4, 2.5414536979099546E-4, 3.083178499584999E-4, 5.872705340932604E-4, -4.111277575479365E-5, 8.948017244576606E-4, 5.590478397579174E-4, 0.001010730398197384, 7.751849671627785E-4, 0.0014277713650013586, 0.0015535231304091815, 0.0014262768558513583, 0.0019305771000354367, 0.0016264048591118146, 0.0016561124320227873, 0.0019757210593976753, 9.565081319698313E-4, 0.001397975315203978 ], [ 0.010681276003957903, 0.011055769434067447, 0.010471856658241605, 0.010712702538340186, 0.010433939670871162, 0.011318994960837568, 0.00981489503147764, 0.011676008389737882, 0.010388088629240523, 0.0117578941481353, 0.01013000226208561, 0.011464622813383252, 0.010324223907528705, 0.010847727818870806, 0.010492826228583376, 0.010652107953769118, 0.010243997893906126, 0.0105037874405673, 0.009559808143441165, 0.010764373644572434, -0.0022868810629560698, -0.0022587341757672064, -0.0020536775751511522, -0.0023597749925195768, -0.001958018691686323, -0.0021895520028455875, -0.001777141978323958, -0.0025478010171904445, -0.001543495457512695, -0.002232681564380332, -0.0017034216283102076, -0.0021114989668223763, -0.0022486893397313155, -0.002229946240327488, -0.002414401677322271, -0.002442880581212674, -0.002208439528190793, -0.0025760105636063015, -0.0013769869185860338, -0.002364741986149072, -0.0036426541700965306, -0.003319133203833252, -0.003515554611258959, -0.0038401722361032092, -0.0033398423318159068, -0.003388934027550234, -0.003540869222360837, -0.003404817707960677, -0.0027721736653421973, -0.002741592962645535, -0.002548602375756014, -0.002444267958274796, -0.002711763778881013, -0.00231248087972241, -0.002682870390693906, -0.002585295465199229, -0.0024998554396448865, -0.0028545096525202556, -0.0020667816445946443, -0.0030270594189541157, -0.00837466126099727, -0.008240368091672627, -0.00838795565704448, -0.008420176965925697, -0.008194748825595932, -0.007870472359123196, -0.008447690243302528, -0.0071955812993196935, -0.00731267312623448, -0.00656853310602357, -0.0067339986210915624, -0.006212300456726662, -0.006123098060795004, -0.005849308013189638, -0.005543650366964177, -0.0058886608461216315, -0.005448284185574116, -0.0058939443032173, -0.005816668678629333, -0.006045886674103557, -0.012745918187163712, -0.01332111244088978, -0.012513133043210724, -0.013246086413478856, -0.012438976564750348, -0.012827128184291261, -0.012128396427054867, -0.01289516422437798, -0.012167771353335768, -0.012253323558169826, -0.012429551959451888, -0.012277167070399282, -0.012666272627001054, -0.012298037853133364, -0.012468153668345701, -0.012512247141136159, -0.012343369327764349, -0.012593857427275605, -0.012502451896666272, -0.012385556153376108, 0.0047513496601712946, 0.004663568732929599, 0.004756613957160107, 0.004208003405475037, 0.004454576880995226, 0.004031389471258034, 0.004198271536069849, 0.004014267555498872, 0.0037059814116676693, 0.004261733252493249, 0.003860217092383412, 0.003959990412738971, 0.00314696515039725, 0.004438122799558648, 0.0027586635149519567, 0.003641379194058923, 0.0031773073542758533, 0.0030823581206581474, 0.0038662809102165143, 0.0030437324797917605, 3.8075430687603746E-4, 2.764962793152231E-4, 4.657045621269086E-4, 2.0838031593280797E-4, 5.319315400002493E-4, 3.157816338496152E-4, 1.0352031861323833E-4, 7.202227208744711E-4, 4.386773331156019E-4, 9.096372446642178E-4, 6.096647305116311E-4, 0.0012106637237693026, 0.001219571829446862, 0.0012201787644942781, 0.0016304567952544692, 0.0013632117580387152, 0.0013377710220362693, 0.001678043814436709, 7.027747836874987E-4, 0.0011066268759991513 ], [ 0.011806855831869448, 0.012369376365200238, 0.011445992025521302, 0.01193756007626692, 0.011318994960837568, 0.012674522323712903, 0.010736298868444382, 0.012998283719668395, 0.011494583022973135, 0.013154296373021204, 0.011214301644481275, 0.01281441309248168, 0.0113631870160991, 0.012162300491409626, 0.011504274563938263, 0.011908402535278174, 0.011218204071487377, 0.011732236942219657, 0.01044784475388147, 0.0120135155903517, -0.0023258556213139082, -0.0023320158078559586, -0.002025549250042516, -0.0024665585353817873, -0.0018876052011864639, -0.002284147806264411, -0.0017964853690839583, -0.0027069755015093834, -0.0014798085711021538, -0.002418514389258553, -0.00172727372258179, -0.0023115826458556614, -0.0023748993707205443, -0.002446070957987129, -0.002591558850971313, -0.002663367986424034, -0.002392251648369347, -0.0028183756152379566, -0.001469478909513144, -0.002575377169156066, -0.003927938550474776, -0.003588513827080559, -0.003729994003540858, -0.004190409062130962, -0.003552605473718664, -0.003689142549400177, -0.0038879549499365993, -0.0036783713384372554, -0.003022061559803991, -0.0030647230917416417, -0.0027816721569510062, -0.002767463810067008, -0.0029995915202908206, -0.0026751725557976618, -0.0029936552490463127, -0.003023370710781863, -0.002797524626398052, -0.0033653850021608638, -0.002301462110619108, -0.0035332064903235406, -0.009349751439497263, -0.009302388965452848, -0.009243723946561894, -0.009521144211787402, -0.009097569255881385, -0.008867240204064647, -0.009481509335469256, -0.007979952356125811, -0.008400376022973548, -0.0074024419673504056, -0.007639458153869963, -0.007082089767554512, -0.006931498760496446, -0.006759652943366349, -0.006300364331374459, -0.00687159070535116, -0.006192021926818546, -0.00688666569039553, -0.006613814200713598, -0.007064552591770916, -0.013780440222336423, -0.014525146565342886, -0.013411711515890967, -0.014533230678090614, -0.013294391905401859, -0.014129530051712092, -0.013079571050579743, -0.014198966123086269, -0.01312215308610433, -0.013559557240281605, -0.013511431732305072, -0.013657861706376067, -0.01379425924232157, -0.013734594658294486, -0.013723421267364755, -0.013871125456716303, -0.013696735086082209, -0.01390605896775859, -0.013906535327029693, -0.013689540162277197, 0.00707908264487366, 0.006870737734820344, 0.007198173952403944, 0.006316765957622232, 0.0068678104249415865, 0.006113050622259525, 0.006386892723983552, 0.006246022507516988, 0.005564892106838787, 0.00646800270557576, 0.005708320159875116, 0.005886854792873131, 0.004707521444929441, 0.006437265880427147, 0.004261641244960705, 0.005325912154590026, 0.004879536518257836, 0.00449560258252705, 0.005753080406031663, 0.004499940370284136, 2.888828350163235E-4, 2.7262373722171634E-4, 3.776655467352094E-4, 1.32503629536589E-4, 3.9537104555350747E-4, 3.5064199626750866E-4, 5.7645554084975995E-5, 7.641503465721433E-4, 5.433545227198925E-4, 0.001027196102944916, 7.378045416141872E-4, 0.0014848565290895366, 0.001523230487644277, 0.0014033400646038408, 0.001953373990122255, 0.0015918922371317196, 0.0015948561966626195, 0.0020135488567308026, 8.501900552205172E-4, 0.0013945134930353157 ], [ 0.01009564359986006, 0.01060307255973221, 0.009805000359116826, 0.010251729412207056, 0.00981489503147764, 0.010736298868444382, 0.00943521032895918, 0.011033588288177937, 0.00990181234755439, 0.01119439236268374, 0.009624491411918868, 0.010957496979741457, 0.009811913497792656, 0.010321021374592756, 0.00997734318389886, 0.010137533362644455, 0.009715347596232361, 0.010006320233767024, 0.00902515800015199, 0.010266469261134628, -0.0021101209630919405, -0.0021297776901977824, -0.001866067350677833, -0.0022352614419143837, -0.0017922257754443532, -0.0021104026682753456, -0.001705461402205713, -0.0024429342589499577, -0.0014784252710272805, -0.002276037697092331, -0.0016423347602195788, -0.0021753604253152876, -0.00220042720944534, -0.002244166524042424, -0.002418681996433195, -0.002466351493205606, -0.002254769643028928, -0.0026002879801803936, -0.0013965962606438552, -0.002369047032009466, -0.0033972992495094837, -0.0031474663981506485, -0.003243096177595315, -0.003641614885420367, -0.0031181950300533065, -0.003291971174459189, -0.0033383964093800203, -0.003270894464809541, -0.0026353332198590777, -0.0027820099093585626, -0.00244441067301044, -0.0025423968660144083, -0.0026224819390827715, -0.002429554877809261, -0.002660666650485515, -0.0027090974300056124, -0.00253054859960706, -0.0029742150284296507, -0.002055787750240999, -0.0030785088336061895, -0.008069219061577912, -0.008081697858896245, -0.00798078412218236, -0.008210374447782531, -0.007889605728188583, -0.007712278304136214, -0.008150284772622673, -0.006978774999992934, -0.007086161566114731, -0.006452603494490384, -0.00653502176910867, -0.006163493635617549, -0.005926255994235476, -0.0059016991356136425, -0.005369834851435471, -0.005947741765078184, -0.005292664124727774, -0.005943934941800457, -0.005635219695715016, -0.006050550926672633, -0.011776347251093887, -0.012326401809448556, -0.011554367194103703, -0.01236461106630261, -0.01145844629110603, -0.012126528539186318, -0.01133772367750196, -0.012127268386091428, -0.011369585029901071, -0.011622996561105667, -0.011605875996384655, -0.011684904401761927, -0.011921688760746233, -0.011624467551276935, -0.011813385833920725, -0.011873234729120278, -0.011701266105353159, -0.011976249537631722, -0.011846673613977761, -0.011771623963772676, 0.005745535331440076, 0.005528456210061652, 0.0058304930704162735, 0.004981283176597395, 0.005667282911441588, 0.00455362233050294, 0.005377013381812363, 0.004541607430031025, 0.0047219771307484785, 0.004876197831210775, 0.004588018639601883, 0.004638598512616274, 0.0039402038992376615, 0.004998106042816746, 0.003504298656137379, 0.004224086418527519, 0.0038359023601454594, 0.0037078633554624182, 0.004500998806620869, 0.0036830638510729034, 3.4054149393867027E-4, 2.8753274014207383E-4, 3.865356214754505E-4, 2.7174753443194024E-4, 3.478960138254803E-4, 5.15879184215861E-4, 1.881193735735726E-5, 8.564854044262567E-4, 4.661378181802202E-4, 0.0010154572003375027, 7.247930030504554E-4, 0.001249657584898569, 0.0012997015245243884, 0.0012808660758826865, 0.0017017918930238686, 0.0014136347057823477, 0.0014609380958788114, 0.0017181590406259552, 8.24889369478027E-4, 0.001202582395898488 ], [ 0.012132119200436437, 0.012668769166129119, 0.011794697726899336, 0.012232341372378667, 0.011676008389737882, 0.012998283719668395, 0.011033588288177937, 0.013421918857986454, 0.011774644408638691, 0.013569119009120617, 0.011537216478376305, 0.013221018132263495, 0.011690401598271916, 0.012554459894477893, 0.011843320256149774, 0.01231639796305899, 0.011546542018931684, 0.01212128000322732, 0.010779028493091746, 0.012394459911584988, -0.002433553889448203, -0.0024449407329150447, -0.00215759648782131, -0.002590095111184231, -0.0019985873901772087, -0.0023935048027432866, -0.0018623107834204247, -0.002862999629459207, -0.0015492301723992418, -0.0025362982530670827, -0.0017862297451329541, -0.002444442013672056, -0.0024369016465598746, -0.0025603478916910688, -0.0026780387462462425, -0.0027625052698639994, -0.0024596096788709982, -0.002913958167519252, -0.0014964747794113523, -0.002680675849388199, -0.004013749969908714, -0.0036797118220521325, -0.00384386140611696, -0.004282866721098641, -0.003655026573379178, -0.003758481362792172, -0.003972178762256395, -0.0037827500344873714, -0.003097212597775561, -0.003140384304816954, -0.002837883771715219, -0.0028375785459340843, -0.003049452796495619, -0.00273484583947688, -0.003049823955508619, -0.00306472131900211, -0.0028443403782243575, -0.0033959633283148164, -0.002336605533860564, -0.003597177607406469, -0.009448813624950219, -0.009397189448128817, -0.009348039355468202, -0.009581570880082685, -0.009239245823169503, -0.00891434099634987, -0.009643492284193148, -0.008053586721622864, -0.008499231466090572, -0.007481668224257195, -0.0077575895556179645, -0.007119399591339147, -0.007035286496112207, -0.006822578243346597, -0.00635474781484592, -0.006949544657278675, -0.006248651656591482, -0.006927592703664998, -0.006730309241594335, -0.007118846565523332, -0.014230376486537539, -0.015005617270997643, -0.013838044641825259, -0.014995671826340257, -0.013760206443683561, -0.014540173709077371, -0.01352106684146816, -0.014636185760981019, -0.01356454707477043, -0.01399635440423396, -0.013975701598739005, -0.014104207405681335, -0.014251986014987398, -0.014209344184665518, -0.014161387763107047, -0.014355549241963285, -0.014127321657310446, -0.01437001375062863, -0.014363675369987944, -0.014152033324947666, 0.007198984686147882, 0.006979833465052946, 0.0072624456969481695, 0.006498964547950532, 0.006842700040049753, 0.006299454590960495, 0.006393153037125399, 0.00636949959071119, 0.00555438108670332, 0.006574202305591398, 0.005701474940058699, 0.005955871168766039, 0.004707408819816073, 0.0064620663599553405, 0.004282174943042198, 0.00533202541637226, 0.004899574006450923, 0.004538251079553054, 0.0057509965896250115, 0.004535819586700636, 3.3768207584584047E-4, 3.073337980721908E-4, 4.7346504156756776E-4, 1.4319320427611025E-4, 4.939386822921703E-4, 3.411464322929122E-4, 7.46736366925326E-5, 8.038717996026315E-4, 6.046750737089198E-4, 0.0010490896354082033, 7.75200224491684E-4, 0.0015446933121983585, 0.001557278894625897, 0.0014409085825791985, 0.0020058888858908185, 0.0016353294942427017, 0.0016114415950233634, 0.0020578066035278186, 8.527539170022246E-4, 0.0014045693875670703 ], [ 0.010735721355196081, 0.011267700511866971, 0.010386621893647774, 0.010891892629975126, 0.010388088629240523, 0.011494583022973135, 0.00990181234755439, 0.011774644408638691, 0.010633250012947048, 0.01192670605382796, 0.010335452270888905, 0.011627367556590553, 0.010509738476739337, 0.010980331256410066, 0.010660720614072073, 0.010740464319530078, 0.010422859277599585, 0.010552784226974048, 0.009646985077966493, 0.010900675618258181, -0.0021072777196028693, -0.002122167630258858, -0.0018171895570365136, -0.002255643827942137, -0.0017246404250411663, -0.0020988912537042875, -0.0016141688286011463, -0.0024761208426831564, -0.0014093211002629104, -0.0022380320466163697, -0.0016293230807711337, -0.002122808936113616, -0.0022711149561802342, -0.0022282534468974474, -0.0024970556631410084, -0.00245549289107759, -0.002354174345743254, -0.0025775296374339063, -0.0015019961915226094, -0.002376039726774143, -0.0035663266372635283, -0.0032835189677378205, -0.0033530804717014553, -0.0038767766865587237, -0.003176801574168228, -0.0034319996885110076, -0.003484190955001991, -0.0034281023258859755, -0.002694891356097736, -0.0028574116459495736, -0.0025164697067053456, -0.002598194027868014, -0.0027671892076132493, -0.0024796109188988873, -0.002817779098598167, -0.0028163613284796613, -0.0026862793204014447, -0.003111031913381014, -0.0022291897683233645, -0.003277026992578535, -0.008418692146480156, -0.00835425945247577, -0.008317177372200358, -0.008612301268611794, -0.008137008496311967, -0.00803755336584877, -0.00855023877591546, -0.007242142641695326, -0.007418353853883617, -0.006689794975666988, -0.006780642991139323, -0.006450367235364229, -0.006120515005130234, -0.006146713581074018, -0.005591958739197113, -0.006248692720467142, -0.005507575052181274, -0.006294312668522348, -0.005859641782734691, -0.006418756934118816, -0.012326287458010688, -0.012945513510439058, -0.012040723461430652, -0.012960698414775776, -0.011958838395044339, -0.012654082604284259, -0.011808490892054586, -0.012759403751250465, -0.011882083436244008, -0.012218309004331442, -0.012185267883786554, -0.012298371036506866, -0.012498413268494117, -0.012306296001559705, -0.012462986950627393, -0.012526410694121873, -0.012412399476212905, -0.012624018903086839, -0.012565100402829252, -0.012420971871282889, 0.006673170260000762, 0.006471207119682821, 0.006793030601296597, 0.005927212232723761, 0.006503535655586514, 0.005592805350870239, 0.006074643992832554, 0.005577086458855934, 0.005351845892194663, 0.0058205918905043985, 0.005377778736702191, 0.005398808241051825, 0.004464794195113964, 0.005847910383566144, 0.004009962228765348, 0.004888269883272751, 0.004408508127209627, 0.004271085900793429, 0.005179066157464563, 0.004191505551878641, 3.2444535177468845E-4, 3.0100850199909086E-4, 3.8449981212421527E-4, 1.880510588910973E-4, 4.515465450322532E-4, 4.040137149456917E-4, 1.1240861335000197E-4, 7.676014864888339E-4, 5.741332644806843E-4, 0.0010363386908212732, 7.606946618521317E-4, 0.0013672330922000484, 0.0015089510471963403, 0.0013498814639331053, 0.0019010125275827948, 0.0015020637748122743, 0.0016463486873685978, 0.001814871413034917, 9.60191891811767E-4, 0.001321921841348896 ], [ 0.012253822517886084, 0.01286619514334312, 0.011862479600930717, 0.01239089894953499, 0.0117578941481353, 0.013154296373021204, 0.01119439236268374, 0.013569119009120617, 0.01192670605382796, 0.013812811534655581, 0.011691272078804963, 0.013421328848177363, 0.011833130010930165, 0.012745544573406254, 0.011997512699458745, 0.012500598865002745, 0.011717051878089699, 0.012321297156585392, 0.010909877226740123, 0.01260704190721254, -0.0025271089960356894, -0.002559302630600769, -0.002259665398241111, -0.0026986339748395045, -0.0020788479187784474, -0.0025182248054882524, -0.0019743998023129842, -0.0029921128231948898, -0.0016206948210690548, -0.002689787858256599, -0.0018817898513748233, -0.002617323295038718, -0.0025682861819651625, -0.0027025663296459984, -0.002842008341218965, -0.002909339533207526, -0.002634362577053906, -0.0030634472921236065, -0.0016833193138524845, -0.002778088199783078, -0.004026897585941468, -0.003759032112853974, -0.003858323697237837, -0.004336537637850751, -0.0036817999148539217, -0.0038435896703204442, -0.0040181529684895885, -0.0038359297917224073, -0.0031240272910526947, -0.0032401969304945094, -0.0028772523180536206, -0.002945048240803319, -0.0031107531413808597, -0.002844457446060846, -0.003121472791456603, -0.0031886490957420254, -0.0029264825023441734, -0.00354372100249086, -0.0024293895305975864, -0.0036999717784352514, -0.009458316544786082, -0.009537851805402979, -0.009313498622702882, -0.009659752188273012, -0.009280616404757787, -0.009004321495612413, -0.009700676945913492, -0.008062924004037842, -0.00856220245568888, -0.007566896306314536, -0.007790619140499297, -0.0071674941461474986, -0.007049135942839586, -0.006924496569627215, -0.006324747228375202, -0.007075279193876529, -0.006225930780765665, -0.007082174111935767, -0.0066896933417589215, -0.007277763058628725, -0.014202512334825288, -0.014995984860934739, -0.013788255060034565, -0.015057552373201478, -0.013675379375463682, -0.014677000125804132, -0.013525918554451878, -0.014715522590533218, -0.013545481600078542, -0.01412790568802711, -0.013961893108009292, -0.014206716148083087, -0.014285985305953021, -0.014320160174413033, -0.01421182877508271, -0.014453465725063973, -0.014215674481622783, -0.014454906005649044, -0.01444399184639194, -0.01423055424595721, 0.008029859509066747, 0.0077241363053247025, 0.008109868292984154, 0.007196679633367897, 0.00773655339349649, 0.006836001097082598, 0.007243803905128356, 0.006959812926246128, 0.0061772033246305525, 0.0072661794501272465, 0.006225584685308973, 0.006613197770490462, 0.005151771078264794, 0.007149188322404185, 0.0047509217651595355, 0.005913965972688077, 0.005426114304604837, 0.00503166018889687, 0.00631739680914465, 0.005034773917555632, 3.4005394744792284E-4, 3.328832759055747E-4, 4.6859549722824727E-4, 1.7996831099601835E-4, 4.151118078474472E-4, 4.753648062885065E-4, 3.68001799978979E-5, 8.734662853512607E-4, 7.152262572500872E-4, 0.0010616664668517302, 9.02674202480444E-4, 0.0016177880778440643, 0.0017563679111745436, 0.0014716563652699512, 0.002176133808524485, 0.001721715740845903, 0.0017498888116700257, 0.0021947095888476833, 9.729344006755417E-4, 0.0015215429541385254 ], [ 0.010479565796151119, 0.01100430055752082, 0.010120505396092366, 0.010624671472077019, 0.01013000226208561, 0.011214301644481275, 0.009624491411918868, 0.011537216478376305, 0.010335452270888905, 0.011691272078804963, 0.010133751773582455, 0.011342211445081058, 0.010275194115387668, 0.010773632810039629, 0.01039363621037391, 0.010538846963464691, 0.010157748619241666, 0.010331313765115922, 0.009419591126367147, 0.010663530894721392, -0.00209782852028579, -0.0020865612729174866, -0.0018014612671337356, -0.0022246508932740367, -0.0016877303446403483, -0.0020761276815167095, -0.0015535738169292549, -0.002469257532309191, -0.0013525270279557407, -0.0021960067175362057, -0.0015909568420881123, -0.0021048396670736926, -0.0022335884393094294, -0.0022101756991378813, -0.0024769731200560722, -0.002409886527500456, -0.002334248179693342, -0.0024927813795552157, -0.001558913884320004, -0.0023237033375224174, -0.0034744885724476045, -0.0031752524446406424, -0.003264749855979091, -0.003737619701407037, -0.003086264879924732, -0.0033148078215220456, -0.0033649460520768343, -0.0033252952784972463, -0.002596773128403727, -0.002757627467371636, -0.00241577913810277, -0.002530432924035574, -0.002692343119445924, -0.0024182616092235693, -0.0027505709011003136, -0.002727262039342746, -0.002631821231183149, -0.0029780650906405734, -0.002254254404676858, -0.0031718803423886597, -0.008148694683929474, -0.008097579879766661, -0.008072664980425326, -0.008292372517476094, -0.007936487169331144, -0.007737306980752389, -0.008332440530514221, -0.006968791653829444, -0.00720962213431478, -0.0064836779941756595, -0.006565624189087206, -0.006227618497127281, -0.005921640835734051, -0.005963367726464453, -0.0053579613689166165, -0.006064262900518068, -0.005284280448456264, -0.00610504861020138, -0.005657738972107316, -0.006204369564827056, -0.012111105541793675, -0.012728007267187409, -0.01180670703333997, -0.012743659206634785, -0.011741567777044803, -0.012450934155125009, -0.011584873911739927, -0.012573237244724858, -0.011628357581960454, -0.012092739426585673, -0.011947292569310982, -0.012112077494048221, -0.012242225693132068, -0.01213934264004761, -0.01218797507953064, -0.012301126945603374, -0.012148148799695078, -0.01234686127620357, -0.012320030510708563, -0.01214298888507984, 0.006811555629651442, 0.006594110498201417, 0.006904860398364884, 0.006141862721391934, 0.006577712453963111, 0.005776241547317505, 0.006169849456835709, 0.005776500107194851, 0.005302924414716512, 0.006070948827125636, 0.005363582746046201, 0.005524757013400253, 0.0043876506777630565, 0.005953179009014921, 0.004026159262650342, 0.004954837705005469, 0.004447687999742843, 0.004350058277583746, 0.005172910304129622, 0.0042794337318357465, 2.8803690742009195E-4, 3.1039656983143746E-4, 3.6545304974500045E-4, 1.6436474881438185E-4, 4.253568996603426E-4, 3.8674443338683196E-4, 6.0449694202141094E-5, 7.151986390093979E-4, 6.182818958509838E-4, 8.978558628363457E-4, 7.648126017081137E-4, 0.001330973276612109, 0.0015477269970176496, 0.001275445848371254, 0.00190815648157024, 0.0014677963665484096, 0.0016206515648678674, 0.0017825023632062572, 9.492238878919225E-4, 0.001285587944559503 ], [ 0.011913581927159567, 0.012559784833852427, 0.011552944466668224, 0.012096150244233684, 0.011464622813383252, 0.01281441309248168, 0.010957496979741457, 0.013221018132263495, 0.011627367556590553, 0.013421328848177363, 0.011342211445081058, 0.013203159582295617, 0.01151725045541247, 0.012442518747021344, 0.011704424585137978, 0.012213241814270956, 0.01139975617161728, 0.01202008302079221, 0.010614877994649267, 0.012288040902806927, -0.002329225681499152, -0.002370471967895396, -0.002079240299460489, -0.0025311467689230842, -0.001921215673058566, -0.002365173925481573, -0.0018440541105824106, -0.002832485699155134, -0.0015450620078375221, -0.002587469765650017, -0.001761914747797724, -0.0024940159584498937, -0.0023988832009288323, -0.002537177616262032, -0.0026790325807096497, -0.0027645249059296507, -0.0024578034201159222, -0.0029596281258655517, -0.0013760256757491358, -0.00270705817194255, -0.003870834663098951, -0.00358807193741279, -0.003700265481963976, -0.004183841187707197, -0.0035463502376098135, -0.003720213952493643, -0.003888982559191456, -0.0037387548688013555, -0.0030567530949560727, -0.00322291981606276, -0.0028200049124610235, -0.002908282906865917, -0.003010386502942345, -0.00280190949112462, -0.003057113792289802, -0.003145687183007401, -0.0028548867185942198, -0.0035365004378807917, -0.0022145587088632387, -0.003707056348873949, -0.009359881018625886, -0.009418204929033471, -0.00916620297736997, -0.009550041308842551, -0.009157372462541292, -0.008924272433535132, -0.0095670572207979, -0.008038062331769184, -0.008456600529863778, -0.007572505773818476, -0.007766174608499737, -0.007286670604380867, -0.007070353687879188, -0.007054404360622445, -0.006431879757227244, -0.007163031130922268, -0.006350624471546543, -0.007134265025545261, -0.006812390283984039, -0.00734912425084351, -0.01381694006871555, -0.014610517405484422, -0.013418085661113924, -0.014669875022666243, -0.013356080498995782, -0.014322405266400004, -0.013237990281834814, -0.014385618708507929, -0.01332