{
  "weights" : [ 0.42254438193700616, 0.42131498038809717, 0.4404133699552794, 0.475522792415828, 0.48804708222260856, 0.5277326952057922, 0.5402447882864791, 0.5635262453239561, 0.5690983777713162, 0.5924894654038559, 0.5948403805990587, 0.6141465895413144, 0.6138494973296114, 0.6177059566833814, 0.6151132535451381, 0.6123351343051061, 0.6098797059943055, 0.6106084074042147, 0.6076162012549892, 0.608240721499329, 0.28599075601922697, 0.2874623632583182, 0.29115700567644137, 0.2754154872741435, 0.2923131688778802, 0.2690186851221752, 0.28704453840183725, 0.2788332478704413, 0.2823646294580762, 0.2789975153344445, 0.2782337882144144, 0.2673395776128749, 0.27632180628258046, 0.26621602232610003, 0.27415620747008573, 0.266366972826336, 0.27168120626626513, 0.26695520118633614, 0.27095957787456687, 0.26743474181674515, 0.8426188870954996, 0.8432176802897025, 0.8335378174949966, 0.8212601890706037, 0.8062213221305714, 0.7922949329272339, 0.7735109784433096, 0.7623193471562888, 0.7537223158811615, 0.7349643057367147, 0.7309089976908522, 0.7168324705545045, 0.710456672809684, 0.7067954599077839, 0.708377136999302, 0.7082623478131277, 0.7122760708329376, 0.71076254924935, 0.715457363224591, 0.7135277369470531, 0.1267355847550085, 0.1267308609822684, 0.12346883120181472, 0.1229315078650438, 0.13001013679266463, 0.12410995162943057, 0.13842270428945117, 0.12816078032082417, 0.1424526860406327, 0.14811154409638283, 0.1650767505340342, 0.16814811080953465, 0.1881242248819304, 0.1976500718290065, 0.19382323600340154, 0.20968438460317376, 0.200002373093127, 0.2049851500374589, 0.19591348592542535, 0.2019954105152891, 0.6725627548870889, 0.6770235692193111, 0.6609453478375292, 0.6563046700828798, 0.6258995083671999, 0.6030332227501932, 0.5695936279668069, 0.5302009125616284, 0.49986516817885446, 0.46275350431125356, 0.4354272685830901, 0.40675565147503506, 0.3903536218697922, 0.3695096216763629, 0.36223720873147797, 0.3512653187708874, 0.3479642043722544, 0.34825038523775986, 0.3429833013648013, 0.3503262718137639, 0.06271226779763844, 0.06236164164158547, 0.05532479556326796, 0.037489648639381805, 0.041406105331417316, 0.020010753964253808, 0.02529709902027374, 0.017403268639026036, 0.018592331758214595, 0.008615518538524153, 0.006269527763590344, -0.006587136961864281, -0.008720649255516239, -0.024236843638440312, -0.018999731478584282, -0.03012308405698388, -0.026086078578662728, -0.03222448572824687, -0.025934898660036287, -0.030971848916769892, 0.19971595575301615, 0.2046569158934739, 0.2116116029205228, 0.2086787594841195, 0.20924221515140723, 0.19952602391986948, 0.19257834760247353, 0.18167258843174208, 0.17215823427536128, 0.1577674182312034, 0.14282117185888352, 0.12353288733225765, 0.11042501626209583, 0.09467560431402026, 0.08764560661785986, 0.07974621594175725, 0.07618090523518663, 0.07817947378585868, 0.07496725991418106, 0.07954621239318131 ],
  "covariance" : [ [ 0.0015138923648320922, 0.0013409024306113668, 0.0012902956606564045, 0.0010342397033102039, 0.0010037086246184124, 8.955305266130399E-4, 6.98993237006639E-4, 8.650512940084202E-4, 6.985930708513792E-4, 8.885782961952624E-4, 4.979413153688148E-4, 9.609839922284833E-4, 4.103387432170717E-4, 9.168036271274381E-4, 3.143449879978818E-4, 8.313433627718169E-4, 3.34472735262376E-4, 7.435622566937339E-4, 3.701642569488085E-4, 6.42680901085896E-4, -0.0015175211790686123, -0.0012461720448766148, -0.001776003735701554, -0.0010961321962490978, -0.0013246977885138286, -0.0010158003512433643, -0.0011099243950397724, -7.425151072245282E-4, -8.677676849187893E-4, -7.222124953243954E-4, -5.520080314898755E-4, -7.909964957190252E-4, -2.4718675874442204E-4, -8.514437182826006E-4, -9.207550560484883E-5, -4.78535628912364E-4, -2.622503534757608E-4, -2.3312300958578167E-4, -3.441765579254292E-4, -2.575790806993741E-4, -3.8219372486794124E-4, -4.0656667248144577E-4, -2.110831397387642E-4, -3.674906514790557E-4, -1.9929577831330017E-4, -4.073166369109112E-4, -1.4492078484027062E-4, -5.75133273304282E-4, -2.512371379461572E-4, -6.699363107593433E-4, -3.1716307679209246E-4, -7.622964212490762E-4, -4.954205158077793E-4, -6.981617918865801E-4, -5.128677047695627E-4, -7.950592323106393E-4, -4.6789802512852286E-4, -8.215035791087706E-4, -4.296692760344921E-4, -7.123761768149594E-4, 0.003012217603156211, 0.003213864065338032, 0.0026700615181620988, 0.0025673549185978627, 0.002112151905653906, 0.0019276938806566755, 0.0016030177364095143, 0.0017221243020564953, 0.001126346514375629, 0.0017907796070806153, 0.0010015702441062767, 0.0016222822533642665, 0.0012038790651040508, 0.0012642650261236563, 0.0012114055025080747, 0.0011730132225747545, 0.001264876304696819, 0.0012572090191756023, 0.0010958658952855578, 0.0012487561777717129, 0.0010580950720196717, 0.0011397126554544205, 7.689414231784779E-4, 8.041442541811382E-4, 7.085009610870909E-4, 5.190450113251615E-4, 7.974653524458343E-4, 4.1865618803376667E-4, 7.286046776414602E-4, 4.209487031355101E-4, 6.368785625817692E-4, 3.35586093500478E-4, 4.929054894255486E-4, 3.604907149651425E-4, 4.6413763741080127E-4, 4.163401141672057E-4, 3.8262248097269754E-4, 4.909421089124187E-4, 3.183817804247336E-4, 4.811090466085372E-4, -0.0013986745023505196, -0.001100487034627073, -0.0014631787981343998, -0.0010156606632810365, -0.0011140977173161855, -9.866123407221048E-4, -8.286136654796913E-4, -8.861584406373236E-4, -6.217650131107365E-4, -9.280007373961011E-4, -5.091802086358314E-4, -8.8618368741598E-4, -5.262042790705655E-4, -9.540742437449899E-4, -6.2665650050277E-4, -9.454497186603359E-4, -8.204628521813804E-4, -9.807872863822407E-4, -7.983240733551558E-4, -9.601619239535739E-4, -9.467503374486146E-5, -2.9209869418267165E-4, -1.7088229376935495E-6, -2.0086869153393422E-4, 6.854313071073044E-5, -1.2505757061808022E-4, 3.1395245526561063E-4, 2.5998209113245888E-6, 3.277415952119635E-4, -3.6127158058866866E-5, 2.407708247952833E-4, -9.796462602382154E-5, 7.026285667041855E-5, -4.633754757122625E-5, -3.829552980585684E-5, -1.5166102102296672E-4, -1.0676301542249216E-4, -1.6683084118946232E-4, -1.3207323759837868E-4, -9.46846325746664E-5 ], [ 0.0013409024306113668, 0.0015792902371176048, 0.0011071153050355685, 0.0010648387087101284, 9.893911307729498E-4, 9.974187731507124E-4, 6.642289870340426E-4, 9.140130157915925E-4, 7.053406250092678E-4, 9.668507986189066E-4, 5.083638719102111E-4, 0.0010090466577137088, 3.8587828053098265E-4, 8.189757356658728E-4, 3.2358586736099394E-4, 7.122266657587568E-4, 3.0810979898670827E-4, 6.630928812059908E-4, 3.1013470564252704E-4, 5.613153575564415E-4, -0.001566013728210117, -0.0012687315553384351, -0.0018152045886452141, -0.0010758606211631531, -0.0015249818999145477, -0.0011940191593193383, -0.0011913972679643875, -0.0010441447725180089, -9.197541326458201E-4, -0.0010264126504901795, -6.7759881609034E-4, -9.898224608176195E-4, -3.1588814253695095E-4, -8.983540910419042E-4, -2.6158134035820537E-4, -5.618522709987144E-4, -3.629039362974697E-4, -3.950442459939178E-4, -4.443608041545793E-4, -4.2802088568768426E-4, -3.085055466578552E-4, -5.88850050683506E-4, -1.0439515531359484E-4, -5.034797846130579E-4, -1.8722337590132407E-4, -4.950432543861132E-4, -1.6612116407260753E-4, -5.723096889177981E-4, -3.0798390654293E-4, -6.897929183105741E-4, -3.1505991508416493E-4, -7.680125311134967E-4, -4.3019611619146626E-4, -6.267098697187047E-4, -3.9491296199313834E-4, -6.560915129938493E-4, -3.380260989255311E-4, -6.584058066250613E-4, -2.923675698393121E-4, -5.382107600072634E-4, 0.002989666829681418, 0.0034714569996972637, 0.0024713618117500197, 0.0027245282707068713, 0.0020783827452262997, 0.0020130359481320744, 0.0015853277995223096, 0.0017482964573251967, 0.0011471377917771017, 0.0017853401244211117, 9.572935928816634E-4, 0.0015092619272708678, 0.0010481534876764416, 0.0012072613353096384, 8.956583948540325E-4, 0.001062173106388322, 9.334922783623642E-4, 9.84777105242002E-4, 8.664876635217758E-4, 9.579254545605788E-4, 0.0018285804121403913, 0.00201011788789932, 0.0015341597884307005, 0.0014847735649006603, 0.001461303878794144, 0.0011611530461758787, 0.0013187177207335955, 7.747760854540316E-4, 0.001128703820940468, 5.984355416385355E-4, 7.935203378107483E-4, 3.936182141935323E-4, 4.7314635391696504E-4, 2.814740294825945E-4, 3.767557588885779E-4, 2.3912382036288005E-4, 2.954609899290873E-4, 3.003453922030781E-4, 1.9661013382177612E-4, 3.6794515060781816E-4, -0.0018443909891429477, -0.0016381068968430647, -0.0019631965051423845, -0.0015086389411398994, -0.0017149004607949683, -0.0015426936720693688, -0.0013056105846364378, -0.0013691887984749707, -0.0010235652188295401, -0.0013519928810747446, -8.025096811477732E-4, -0.0011765568291696798, -6.686854287870454E-4, -0.0010591032207692428, -6.697747256820079E-4, -9.215625025767057E-4, -8.137454486441836E-4, -9.101334090584542E-4, -7.530429929054322E-4, -9.273284522259679E-4, -3.67646487200505E-5, -3.2117835131996073E-4, 1.590614734871966E-4, -1.5546610758908387E-4, 1.7669150849291166E-4, -6.286944632114788E-5, 3.663651724844599E-4, 4.7929892254831016E-5, 3.4704804131325384E-4, -5.447594217223372E-5, 2.2349706550289016E-4, -1.3140364487196005E-4, 6.436882721207727E-5, -6.925566681578504E-5, -3.20228876672871E-5, -1.7207446080290807E-4, -9.068742469947742E-5, -1.522438824147514E-4, -1.0432275184705794E-4, -8.035291360716753E-5 ], [ 0.0012902956606564045, 0.0011071153050355685, 0.0014607805444243416, 8.201192841094075E-4, 0.0010290584086628343, 6.264793029358584E-4, 8.264286392212273E-4, 5.837719147790511E-4, 8.531134281950706E-4, 6.083037259943656E-4, 6.904675804145875E-4, 7.890334087252748E-4, 4.354714805948043E-4, 7.70944066257233E-4, 3.040182590872015E-4, 7.82430858725837E-4, 2.4388569057112405E-4, 7.118506694592929E-4, 2.8504567167405946E-4, 6.356770674557886E-4, -0.0013194461659396645, -0.0012144545460756866, -0.0015722186006020095, -9.089181451585736E-4, -0.0011421406794705018, -8.89545004722597E-4, -8.646195774939166E-4, -6.722547305557181E-4, -7.491827678509735E-4, -6.422840165488966E-4, -6.015491212055172E-4, -7.633981425210057E-4, -2.5488982916811227E-4, -8.816610140834133E-4, -3.876854438465219E-5, -5.142644659186321E-4, -2.283075270006939E-4, -2.1200131252474905E-4, -3.31472029771519E-4, -2.277227210193766E-4, -4.3496312222479204E-4, -3.642535361489464E-4, -4.638102664066825E-4, -3.1630759949443147E-4, -3.4953705572344216E-4, -2.2909906997708692E-4, -3.69857925064775E-4, -3.353632915864481E-4, -3.907310526093717E-4, -4.377157472524022E-4, -3.9474049333782825E-4, -5.442771188574986E-4, -4.494311962877162E-4, -4.419765879174526E-4, -4.5904169496959596E-4, -6.278304552946951E-4, -3.521792131716095E-4, -7.00412639688156E-4, -2.8900383795903747E-4, -6.437335960537383E-4, 0.0026359490947198924, 0.002775856074191061, 0.002366964096171047, 0.0021177641635836512, 0.0018365431692857854, 0.0014049978973848323, 0.0015360433752564348, 0.0012156271186134716, 9.542834385321382E-4, 0.0014651010481355746, 7.796784141657848E-4, 0.0012351073888831395, 9.73768681212032E-4, 7.370356096053901E-4, 0.001018723861425461, 7.16320409621596E-4, 0.001084747688749322, 8.33926158691335E-4, 8.246305884129899E-4, 9.39292630753809E-4, 7.6195730247726E-4, 8.654765980459774E-4, 4.045635292206278E-4, 4.4526343296531166E-4, 3.052206300142202E-4, 1.2021379846436563E-4, 5.275136671335632E-4, 1.218245688963712E-4, 5.231772229502396E-4, 3.1213819354362275E-4, 4.637180482644614E-4, 2.91175844192308E-4, 3.921775253472932E-4, 2.8053982211766464E-4, 3.945878349116155E-4, 3.590310837069723E-4, 3.3550853715964303E-4, 4.6530746896916464E-4, 2.3420679361412303E-4, 4.6207541958363216E-4, -0.0011175747759976297, -9.395780088381712E-4, -0.001241493630857516, -6.23434821478126E-4, -9.011486046098404E-4, -5.828229368149504E-4, -6.813351347533482E-4, -5.612019920144777E-4, -5.428906374181887E-4, -7.071034247401161E-4, -4.268497668546738E-4, -7.484412823126468E-4, -4.168684430574597E-4, -8.130983079085967E-4, -4.696640649534284E-4, -7.838744868198849E-4, -6.827728532421964E-4, -8.437583522909641E-4, -6.297102331007813E-4, -8.19544576233289E-4, -1.5957340575334624E-4, -1.868564905071615E-4, -7.539833654282258E-5, -2.6399960290331435E-4, -1.0455241709526177E-4, -1.6003403423938848E-4, 7.543951868615348E-5, -1.445776142582502E-5, 9.248399339727929E-5, -3.837706717413598E-6, 3.644913069617857E-5, -5.4271477638053786E-5, -1.3270230781354188E-5, 2.9416722383629846E-6, -2.295187572414825E-5, -1.4361226349247398E-4, -2.0889044525505258E-5, -1.5402758871702296E-4, -3.216353728892129E-5, -8.345849337809586E-5 ], [ 0.0010342397033102039, 0.0010648387087101284, 8.201192841094075E-4, 0.0014521446379648674, 5.908938866039914E-4, 0.0012512221542788405, 5.28800386972374E-4, 0.0010459933091626883, 5.938952281758719E-4, 9.497484571816787E-4, 5.667356484872382E-4, 8.799617423143193E-4, 4.373654787664182E-4, 8.786048180912813E-4, 2.984253688012654E-4, 7.93008707693966E-4, 3.377792336449723E-4, 7.053452048559345E-4, 3.5210460127626755E-4, 6.10829198394608E-4, -0.0012000302959697976, -9.259126333499082E-4, -0.0013924382005096037, -0.0011546725892729373, -0.0010501219368452264, -0.0011477290241899544, -0.0011031026197625203, -8.178578714839678E-4, -9.148271475773522E-4, -6.852819632284014E-4, -7.891521945637239E-4, -7.599102388021554E-4, -4.942602684759247E-4, -7.60053507094963E-4, -3.855848275624755E-4, -5.12010233114022E-4, -4.242493043065007E-4, -3.951875357822211E-4, -4.2459209475909576E-4, -4.1153812409435104E-4, -2.034189816748907E-4, -3.955747731107987E-4, 1.6758451045471695E-5, -5.886848592867309E-4, -3.870865677190471E-5, -5.526354606557928E-4, -1.9301775365005752E-5, -6.153435916924676E-4, -1.1497317177922282E-4, -6.513972691531116E-4, -2.71525991153004E-4, -6.092477851462151E-4, -2.952221231331134E-4, -6.416558182779641E-4, -2.4277343446369248E-4, -6.51142716930033E-4, -2.404147932494317E-4, -6.056110117281786E-4, -2.435651579900472E-4, -5.023916023998321E-4, 0.002021357599606521, 0.002145306204151018, 0.0015800973603905834, 0.0020145798100055356, 0.0015340029516883135, 0.0013759876511316058, 0.0011427169488606235, 0.0012687044051889387, 7.171258798198907E-4, 0.001506772769684739, 8.410638299730612E-4, 0.0012496621229839365, 7.49853970613453E-4, 0.0011702710107474288, 7.344580407965965E-4, 9.976299794155364E-4, 7.707369169265547E-4, 9.358983653316446E-4, 7.303132566919641E-4, 9.21962459886397E-4, 0.0013924690279690274, 0.0013346002136615527, 0.001199769060836733, 0.0012390488569601914, 0.0010471106928679375, 8.047584947560116E-4, 7.937039938528676E-4, 3.6389623079959845E-4, 5.944083737237579E-4, 2.54492009417765E-4, 4.5918281104186093E-4, 1.6625146646801712E-4, 3.6415266862854047E-4, 2.7878011275368953E-4, 3.4572016350135253E-4, 2.6893352465106956E-4, 3.3289801529129675E-4, 3.428325172918578E-4, 2.3049200424524164E-4, 4.3556049620329724E-4, -3.057303676624713E-4, -5.90769655085268E-5, -4.0095705877015987E-4, -4.4291856982279213E-4, -3.81280724547585E-4, -6.851728706709817E-4, -3.9299323239051537E-4, -6.461162748655986E-4, -4.5186217288551025E-4, -6.909946280247476E-4, -6.726381522358584E-4, -7.112103164327152E-4, -5.780145243790185E-4, -7.814166105008084E-4, -5.663051290694136E-4, -7.511819240029742E-4, -5.943348753098826E-4, -7.218057042363999E-4, -5.473269027705018E-4, -7.192049703292366E-4, -1.0381328965603115E-4, -3.407531797226529E-4, 1.4292915611325966E-4, -3.124220367905882E-4, 5.353899536092503E-5, -2.891654205703383E-4, 1.782698126316828E-4, -1.4833750551348623E-4, 1.4473815752902197E-4, -2.277063304829232E-4, -3.771914738409937E-5, -2.3053510934058953E-4, -1.0472274391944908E-4, -1.797172351910342E-4, -7.488545373903242E-5, -2.31027538964671E-4, -6.796265860553198E-5, -2.1178004871247018E-4, -1.414780060732439E-4, -1.4375040783572838E-4 ], [ 0.0010037086246184124, 9.893911307729498E-4, 0.0010290584086628343, 5.908938866039914E-4, 0.001269908713347286, 4.1868038806796404E-4, 9.277336606154367E-4, 3.806970202581373E-4, 7.918707939592681E-4, 3.683655365357529E-4, 5.634453868134414E-4, 4.931066754648786E-4, 2.647192392083028E-4, 4.2069345063484675E-4, 7.975005452245906E-5, 3.5508541836607805E-4, -3.7547945518027317E-6, 2.8997141496801544E-4, -1.3585428193289246E-5, 2.555341007161894E-4, -0.0011807227725126792, -0.0012616227820080744, -0.0012428610896063662, -0.0010435348656639668, -0.0012746112968185456, -0.0011696472749052448, -0.0011756753888051232, -0.0011017326780014384, -0.0011321979205655616, -0.0010902437892704691, -0.0010703300669676274, -0.0010832022654698051, -5.811682292803299E-4, -0.0010705617678937744, -3.2709887842210194E-4, -6.854235020829475E-4, -5.227908775865123E-4, -5.139487719375439E-4, -6.252548604183094E-4, -5.677016224031308E-4, -2.5609109130226844E-4, -2.472757917793016E-4, -2.887120463303318E-4, -1.1038342814009314E-4, -5.020762244776231E-4, -3.534638039610093E-5, -3.268012736119551E-4, -9.723278641408525E-5, -2.0313713780359337E-4, -1.3994930862251705E-4, -1.0231690117710947E-4, -1.7370252494555916E-4, -1.193203861620958E-4, 2.1715894541712698E-5, -8.659976752331857E-5, -1.1498759114000072E-4, 6.356320202514415E-5, -1.725201692527558E-4, 1.5407295499783127E-4, -1.0831407864106295E-4, 0.0024590664280180995, 0.0027660821072631138, 0.0022759878517360564, 0.0022632357796386, 0.0021673583418011354, 0.0017185654254423225, 0.0016673168008860962, 0.0016058645979865212, 0.001065353197354979, 0.0016701077415274288, 7.598442094757538E-4, 0.001219088570669544, 7.937621057322124E-4, 4.79742360973565E-4, 7.976199581903804E-4, 5.085621819730016E-4, 7.500311815438159E-4, 6.923645759011983E-4, 5.439795911254282E-4, 6.613357826477969E-4, 0.0014211564653602606, 0.0015022990958312142, 0.0011258879825809742, 0.0011433032471232316, 0.0011670269567266539, 8.857876812549848E-4, 0.0012967236450514984, 9.070213863546925E-4, 0.0011562821882969345, 8.745186363954676E-4, 8.39087289863368E-4, 6.282428606031718E-4, 6.003907793800751E-4, 3.526587001183094E-4, 3.283257615467431E-4, 1.6133685201941386E-4, 1.704825358406562E-4, 1.43585298026138E-4, 5.82365303189892E-5, 2.029452322146752E-4, -0.003494508072347084, -0.003490295423850872, -0.003412625935700614, -0.0030045155617873733, -0.003152175276066543, -0.002604685736232062, -0.0023816517161062605, -0.002041868492049028, -0.0016244769953425563, -0.0015900495692610795, -0.001007845770238661, -0.0010860537785073417, -6.38431262957963E-4, -8.225563642437208E-4, -5.359736673281594E-4, -7.269462895282737E-4, -7.100515923757047E-4, -7.641966318052073E-4, -7.051586144877905E-4, -8.216873494933943E-4, -4.888528196646296E-5, -9.884195667899034E-5, -2.8755589105647976E-5, -4.451983355392972E-6, -2.6721619537098866E-5, 1.4722987141235958E-4, 2.6294452310377794E-4, 3.1442568244389795E-4, 3.238081330516002E-4, 3.104600766392769E-4, 2.302450800910794E-4, 2.4388331471261154E-4, 2.3401010497681749E-4, 2.7876502788927416E-4, 1.9731557126458966E-4, 1.3743166907921375E-4, 1.7286332680379284E-4, 1.2411223843097012E-4, 2.2687474726771495E-4, 1.9746327183397264E-4 ], [ 8.955305266130399E-4, 9.974187731507124E-4, 6.264793029358584E-4, 0.0012512221542788405, 4.1868038806796404E-4, 0.001522884014594107, 3.818596723300815E-4, 0.0012871050011313285, 5.429949023987907E-4, 0.0011892244982421754, 5.668138060137123E-4, 0.001049802328294137, 5.734607458520591E-4, 9.528123648705296E-4, 4.8361602344129087E-4, 8.335221661225115E-4, 5.375195638915002E-4, 7.859258671812849E-4, 5.296596830632348E-4, 7.015874912181775E-4, -0.0010025461178032435, -6.746426699416524E-4, -0.0012388703888806005, -9.130698002264851E-4, -9.766119836916803E-4, -0.0010196735946504877, -0.001246325890609029, -6.392558795957354E-4, -0.001152868949616942, -6.762349555402732E-4, -9.145759168937164E-4, -7.236349338039196E-4, -6.708893905657939E-4, -7.720639620997764E-4, -5.72991662700152E-4, -5.577627101730113E-4, -6.08556416138299E-4, -4.943871615717594E-4, -6.016222531471392E-4, -5.409739867041066E-4, -1.663085532537201E-4, -4.133508771155759E-4, 8.563613158393139E-5, -5.321554389706292E-4, 9.178769924174871E-5, -7.851698290812586E-4, 1.6068590280569778E-4, -8.846033960571446E-4, -1.7967190413340503E-5, -9.041134609936444E-4, -2.66734233050562E-4, -8.28692162148317E-4, -3.734341221139141E-4, -7.779582567448886E-4, -3.1002048029145644E-4, -7.215957851632474E-4, -3.215270867325345E-4, -6.757835640623535E-4, -3.622392378008202E-4, -5.455984941448588E-4, 0.0017338857215382396, 0.001941253835567482, 0.0014111813795443175, 0.0016870928607931653, 0.0011937569930620332, 0.0013839178692834594, 8.899961459179891E-4, 0.0014441580194176286, 7.180263396007408E-4, 0.0016853984066236686, 9.000918505767E-4, 0.0013939850949395865, 7.443071470322976E-4, 0.0014356655401501662, 6.026012560279626E-4, 0.001163334110381264, 6.517440910621628E-4, 0.0010121111047661808, 8.260197193129288E-4, 9.200855783697769E-4, 0.0013083250614054776, 0.0012654000600368167, 0.0012383219310868265, 0.0011017683563135892, 0.0010619191315461402, 8.462814117625901E-4, 7.034120068179559E-4, 3.7652779729286474E-4, 5.326455854893485E-4, 2.1699542533310662E-4, 4.328433356382752E-4, 8.474163062965452E-5, 2.5673775734029935E-4, 1.8501548345677056E-4, 2.919959376761935E-4, 2.3298964927276315E-4, 3.5652124714789834E-4, 2.8949793945222727E-4, 2.614687202849756E-4, 4.02534854235856E-4, -7.382135317161956E-4, -5.734652670944988E-4, -7.877984554583089E-4, -9.310285324596384E-4, -7.246227244581405E-4, -0.0011318409284007088, -7.294796813925508E-4, -9.862670741828427E-4, -7.388179800841121E-4, -9.871241884106378E-4, -8.397727189422637E-4, -9.132158429519904E-4, -7.159657774336029E-4, -9.101615996845012E-4, -6.069110366689784E-4, -7.993613692239554E-4, -6.375152879975534E-4, -7.041155709013819E-4, -6.074200935824262E-4, -6.995283456127461E-4, -7.099152689013104E-5, -3.128175651728803E-4, 8.40814244701095E-5, -1.7160756627468066E-4, 8.319419106673075E-5, -2.9937338827313144E-4, 1.7964227679869265E-4, -2.4391416601129845E-4, 1.2913687403640797E-4, -3.253067204204293E-4, -4.50680063033451E-5, -3.707927251463671E-4, -2.0696506194973536E-4, -2.6340820862301244E-4, -2.1082840894849305E-4, -2.574226312876911E-4, -1.8380901211220339E-4, -2.6214624904693617E-4, -2.4184650246541895E-4, -1.8598064871708366E-4 ], [ 6.98993237006639E-4, 6.642289870340426E-4, 8.264286392212273E-4, 5.28800386972374E-4, 9.277336606154367E-4, 3.818596723300815E-4, 0.0010683427899061003, 2.1954049716169116E-4, 0.0010353920491971617, 3.546539139146688E-4, 7.643734660078321E-4, 5.125825835667315E-4, 4.273737946792919E-4, 5.528832846755905E-4, 2.8623557737334637E-4, 5.932472770874749E-4, 1.4476217871001092E-4, 6.028602019453371E-4, 1.9038789023008727E-4, 5.29215698974519E-4, -6.453532044849818E-4, -5.975737467701891E-4, -7.012485955530913E-4, -5.790914544113049E-4, -6.939797178329536E-4, -8.173272363923052E-4, -8.531472650423517E-4, -7.947696135513197E-4, -0.0010110831622094755, -9.383842129327908E-4, -0.0011110472454791502, -0.0010920864888587635, -7.411108111703376E-4, -0.0011021834353872665, -6.674215832837228E-4, -8.50746557051212E-4, -7.717878207381615E-4, -7.157289979910117E-4, -8.209054652010261E-4, -7.616338788009262E-4, -1.968372407359108E-4, -2.082869454437074E-4, -2.8695562772723324E-4, -1.1726456356009618E-4, -4.2267050381715894E-4, 1.7029926221587992E-5, -5.268294538137194E-4, 1.4382564444606803E-5, -3.9431607796392007E-4, -1.5295863445124474E-4, -1.9582884400013456E-4, -1.547362616579677E-4, -1.7688060993442152E-4, -7.528844417496539E-5, -1.4321859423913814E-4, -2.6788677858600286E-4, -1.1798834250392715E-5, -3.3852144686094147E-4, 2.0544287017947974E-5, -2.713161270745667E-4, 0.0013767224717437232, 0.0014222311727548377, 0.001429264642749234, 0.001195144534628653, 0.0014070212285749884, 7.130419821853574E-4, 0.001362288668833594, 9.118032115867571E-4, 8.256244285727631E-4, 0.0013857435986917846, 5.545081892136006E-4, 0.0010114990634856001, 6.779738809781431E-4, 4.197509721175823E-4, 7.742856431212324E-4, 4.965007947111911E-4, 8.949409240612972E-4, 5.409138908295867E-4, 6.653153693222399E-4, 6.35874728330261E-4, -2.5159252737582572E-5, -5.610149071509165E-6, -1.121203141299446E-4, -1.327327538211224E-4, -5.366578597982836E-5, -1.454057694107357E-4, 2.3584949847222422E-4, 7.043235451378884E-5, 3.5028822914398827E-4, 4.066993354932417E-4, 2.9231555560825745E-4, 3.6492043745062333E-4, 2.0537117953990848E-4, 2.4824665613583824E-4, 1.5979687081666788E-4, 1.9353142113176673E-4, 1.4554357050687586E-4, 2.50207142354373E-4, 9.381442562677404E-5, 2.666152259023355E-4, -0.002556651894591399, -0.0024764860148610095, -0.002481324470874053, -0.002148992941369015, -0.002282205245652523, -0.0019460167674763664, -0.0019268411061563458, -0.0015758040873991405, -0.0015148837920193337, -0.0013834468140719852, -0.001055214026322536, -9.800001588740846E-4, -7.473437306740804E-4, -7.97903093670537E-4, -6.297950334875404E-4, -7.086742385097554E-4, -7.750274697162244E-4, -7.845194018307288E-4, -7.302824116581372E-4, -8.195880585204535E-4, -1.0648512838824309E-4, -1.5001788491009055E-4, -1.5352881924209351E-4, -1.9018717464201656E-4, -2.2400948992359592E-4, 2.3655011382904E-5, -9.724669391335908E-5, 1.9947863036135334E-4, -7.21287866860229E-5, 1.8364078634737916E-4, -8.188674323682489E-5, 1.547015393567067E-4, -1.5940833701439648E-6, 1.573007621543001E-4, 5.7186006038993013E-5, -2.2129863004062443E-5, 1.0224122487644819E-4, -6.458219418264428E-6, 1.363851350425255E-4, 7.214123645308236E-5 ], [ 8.650512940084202E-4, 9.140130157915925E-4, 5.837719147790511E-4, 0.0010459933091626883, 3.806970202581373E-4, 0.0012871050011313285, 2.1954049716169116E-4, 0.001328019820113646, 3.699675923968723E-4, 0.0012011908888548434, 3.7350762392760546E-4, 0.0010591653548856492, 4.840438619435392E-4, 8.833997879204514E-4, 4.090273844266486E-4, 7.474029600094428E-4, 4.8691314906685695E-4, 6.829512238862473E-4, 4.717713762508669E-4, 6.17902381757989E-4, -9.834242957515906E-4, -7.947257473211906E-4, -0.001168312530690455, -8.346159781220161E-4, -8.894620671930575E-4, -8.727932778100782E-4, -9.86211593152275E-4, -6.757547607574857E-4, -8.348881483113026E-4, -6.573162422143265E-4, -5.776950624661567E-4, -6.656630995508148E-4, -3.754286168225671E-4, -6.536566665651237E-4, -2.8023922908676643E-4, -4.091166175110477E-4, -3.649916409548713E-4, -3.074072779276008E-4, -4.048099578841984E-4, -3.1853379576728927E-4, -1.8842156461265305E-4, -3.597961631083043E-4, 5.1611868304852266E-5, -4.6605449731788575E-4, 8.573848940316395E-5, -7.051812912590884E-4, 1.931339850680049E-4, -9.156547482981097E-4, -3.661465353219607E-5, -8.783090157306861E-4, -2.271136942943305E-4, -8.578506401874516E-4, -4.212207444856422E-4, -7.337671876970816E-4, -3.94733501656355E-4, -6.709544943856156E-4, -3.829814274895159E-4, -6.623569972747811E-4, -3.781739345992242E-4, -5.571487151916166E-4, 0.0016458541380519557, 0.0018309397308578464, 0.0013578115800920092, 0.0016358913916027697, 0.0010369930933755375, 0.0013968520823320093, 7.527054242657172E-4, 0.0014025867514479752, 7.553392304837413E-4, 0.0013620907621833356, 7.951356828930679E-4, 0.0013223807590954618, 7.402955493480557E-4, 0.0012842344143483414, 7.195569533830328E-4, 0.0010167415553027526, 6.607746961689928E-4, 0.001040276673701779, 7.529311096898544E-4, 9.165400220149838E-4, 9.685034943201419E-4, 8.997539138072565E-4, 9.219878798154397E-4, 8.323650796426325E-4, 8.294402304229485E-4, 6.598833147386536E-4, 6.416532076487102E-4, 3.5778945086591645E-4, 5.43999537806418E-4, 1.4437063182014598E-4, 4.943924311466145E-4, 6.669591253872366E-5, 3.32200763913672E-4, 1.9440276965553298E-4, 3.1948708237248695E-4, 2.8237656290113947E-4, 3.3507303900703086E-4, 3.217023389960758E-4, 2.8568380724927075E-4, 3.8232895587069903E-4, -0.0010473557115873707, -9.311131702078435E-4, -0.0010567515267074184, -0.0010977213856581578, -8.466148589444206E-4, -0.001077034525679251, -6.815089635216423E-4, -0.0010150918430384185, -6.29883246640828E-4, -9.799592644321939E-4, -6.457911708263769E-4, -9.461263316196555E-4, -5.792662327061727E-4, -8.867420416569768E-4, -5.410684271820652E-4, -8.092152562473537E-4, -5.750929258237463E-4, -7.297303463411281E-4, -5.743783709634587E-4, -6.970516376801062E-4, -3.69460687136369E-5, -2.192047083645623E-4, 5.127280779166026E-5, -1.3128679428795379E-4, 1.4025902809199192E-4, -2.856712797350909E-4, 3.217526953928861E-4, -2.5649096625977717E-4, 2.8828224360696793E-4, -3.414423958618633E-4, 1.8023913655547825E-4, -3.61875271990481E-4, -8.671665842997821E-5, -2.521321485915486E-4, -1.7580304622686883E-4, -2.4447855621813645E-4, -2.364258913061011E-4, -2.732801228918243E-4, -2.747479346608038E-4, -2.0487718305134034E-4 ], [ 6.985930708513792E-4, 7.053406250092678E-4, 8.531134281950706E-4, 5.938952281758719E-4, 7.918707939592681E-4, 5.429949023987907E-4, 0.0010353920491971617, 3.699675923968723E-4, 0.0012303785466574683, 5.690430274011998E-4, 9.464790255814458E-4, 8.257894284437491E-4, 6.743153906657717E-4, 8.32964174086642E-4, 5.179147433827755E-4, 8.87571405478959E-4, 3.5754413429011023E-4, 9.182996621203796E-4, 4.386016524626809E-4, 8.113648666802328E-4, -6.920403538493092E-4, -4.8327238511177367E-4, -8.067959058859505E-4, -4.5042813467518773E-4, -7.588599537250093E-4, -8.97322334045104E-4, -0.0010219016553502439, -9.530979472479041E-4, -0.0013324536692595566, -0.001171357468734149, -0.0014278638473831915, -0.001479117821553332, -0.0011201797214145828, -0.0014922516578870916, -0.0011292484073400382, -0.0012618239568270822, -0.0011700008983654244, -0.001109443600754537, -0.0012286377356343335, -0.0011607060063024241, -1.9822868206485026E-4, -2.9418713689111076E-4, -2.686264975879922E-4, -2.130063447673154E-4, -2.972305589722378E-4, -5.412822535496415E-5, -4.433955352677682E-4, -1.604009513281622E-5, -4.44186563987307E-4, -2.318650546046823E-4, -2.2893111496088346E-4, -2.916805032083509E-4, -2.699863211192176E-4, -1.9957378932664155E-4, -1.664314579076983E-4, -3.797006892063363E-4, -5.0426789776606155E-5, -4.6526689018598475E-4, -4.336261671232722E-5, -3.763486145213483E-4, 0.00145119067768527, 0.001533582152390607, 0.001422701525007635, 0.0013146619582119375, 0.0013382581133988762, 7.918215623545742E-4, 0.0013746705910584259, 9.62822762602111E-4, 9.374626687755946E-4, 0.0015199472272975293, 6.29433806592926E-4, 0.001190412922547708, 8.100697796745752E-4, 6.66280116587544E-4, 8.127741794100201E-4, 6.45015707046784E-4, 0.0010221060661280566, 6.288072381639275E-4, 7.974446545867418E-4, 7.815570969216534E-4, 2.633334887916116E-4, 3.054449783072397E-4, 1.935506533915441E-4, 1.3113451418267656E-4, 1.9464576101191314E-4, 9.81180123687539E-5, 4.331274512184767E-4, 2.0507429421810333E-4, 5.076691490665212E-4, 4.848314319691806E-4, 3.470625076255854E-4, 4.027241990165224E-4, 1.5762558840698543E-4, 2.646665280494954E-4, 1.6184049610670464E-4, 2.4017725831895916E-4, 1.798533684250055E-4, 3.118435916296987E-4, 1.3005136123933993E-4, 3.351401479941383E-4, -0.003024101621883984, -0.002897457488743659, -0.0030124751239043244, -0.0025135033243798913, -0.002635747832576646, -0.002325579335362877, -0.0022538249619371616, -0.0019167848209237352, -0.001906876726748354, -0.0017238630522594218, -0.0014039581344763579, -0.0013747009194356526, -0.0011170838996920865, -0.0011777100703894297, -9.162737681313616E-4, -0.0010016685863938474, -0.0010274883139076503, -0.0010578334665219114, -9.44747221548754E-4, -0.0010559090634551678, -8.299361907590572E-5, -1.3947563153059276E-4, -8.897993716833049E-5, -1.9852595066547713E-4, -1.5863441482831943E-4, 2.079986635293894E-5, -7.209035392787946E-5, 2.004381185647832E-4, -6.299460555466873E-5, 1.6435713126549482E-4, -5.3208777589940255E-5, 8.819285120058754E-5, -6.357280494492433E-5, 1.1067039459463932E-4, 8.042028015859023E-5, -8.014001956665243E-5, 1.303099490568603E-4, -6.058646136915743E-5, 1.541156686752722E-4, 4.724886659578114E-5 ], [ 8.885782961952624E-4, 9.668507986189066E-4, 6.083037259943656E-4, 9.497484571816787E-4, 3.683655365357529E-4, 0.0011892244982421754, 3.546539139146688E-4, 0.0012011908888548434, 5.690430274011998E-4, 0.0014641707894510181, 4.541658637667049E-4, 0.0013584671763615063, 6.711280879907634E-4, 0.0011881604672557935, 7.540567438875504E-4, 0.0011364201732722528, 8.290264320107259E-4, 0.0010786948860635915, 8.601042217481905E-4, 9.920752146695387E-4, -9.244275189762308E-4, -6.963210732958844E-4, -0.0011445144346152749, -7.983760280964273E-4, -7.979038866161795E-4, -9.107806057349331E-4, -0.0010360937405249164, -7.021496985637381E-4, -0.0010178249186031903, -9.095368865669562E-4, -7.353122804765487E-4, -0.0010032289422807743, -5.803212982554459E-4, -0.0010037835473190582, -6.828196617085474E-4, -8.381717860412045E-4, -7.123139286446001E-4, -7.67358655919349E-4, -7.458853070886794E-4, -7.56030062031473E-4, -1.3626405944194115E-4, -3.25568803446032E-4, 9.337548454564018E-5, -3.329288954907828E-4, 1.2619909060628716E-4, -5.235829171579333E-4, 1.5706833059900424E-4, -7.319900893627488E-4, -7.962719166873416E-5, -9.862290240785518E-4, -2.0539781462605388E-4, -0.001006995025701097, -5.590103063967104E-4, -9.232344904475898E-4, -6.267302466387963E-4, -9.431532726655308E-4, -6.549855913743977E-4, -8.978606118293978E-4, -6.841605163487427E-4, -7.964634745445745E-4, 0.0015981254103154643, 0.0017013482374848353, 0.0013694808265448462, 0.00148546186622048, 0.0010636431893076078, 0.0011325653320427725, 8.201609725433584E-4, 0.00118062317195527, 8.165329708237887E-4, 0.001479984653959018, 8.215037990923017E-4, 0.0015322447620667206, 0.0010424965442210696, 0.0015923934563613182, 0.0010299914844787812, 0.0014123826654870847, 0.001086726741074635, 0.0013121818261037277, 0.0011829837609042462, 0.0012544216738003737, 1.1412832536879917E-4, 4.0713121041279106E-5, 2.070563879416211E-4, 5.7997771502232455E-5, 2.5063869620022916E-4, 8.999468826670997E-5, 2.585370848088356E-4, -9.790053208471782E-5, 3.596507179266748E-4, -1.1875867437473146E-4, 3.6095708510887656E-4, -3.882441556912283E-5, 1.9994689227841142E-4, 1.788423974506949E-4, 2.946897469671721E-4, 4.3713885498384956E-4, 3.9369380687226835E-4, 4.579320306915931E-4, 4.351299896540409E-4, 4.941445074359196E-4, -7.280183810590685E-4, -5.477635718889736E-4, -7.703568141678308E-4, -7.2814056103515E-4, -4.860444675448252E-4, -8.305130805508285E-4, -4.6596487508680063E-4, -8.372427435291026E-4, -5.803146682751094E-4, -0.0011204796287432157, -6.533959631301658E-4, -0.0012239206426347272, -7.234235002729234E-4, -0.0012069056621536306, -7.851077752915258E-4, -0.0011298426667262268, -8.380551444915863E-4, -0.0010359882129515683, -8.636008672204422E-4, -9.785318841280465E-4, -4.761531320206392E-6, -1.6817384742884393E-4, 1.2365286717959563E-6, -7.805020164622606E-5, 1.484840341841824E-4, -1.4868990898057175E-4, 3.755247293439292E-4, -1.2294687385144785E-4, 3.3713736540214983E-4, -3.834491173295651E-4, 2.759360592878682E-4, -4.360248732847645E-4, -8.426125487668968E-5, -3.4969512436056017E-4, -2.6552828558838493E-4, -3.430422045711958E-4, -3.656299154210086E-4, -3.3295923258080853E-4, -3.659330307984441E-4, -2.8578885546414373E-4 ], [ 4.979413153688148E-4, 5.083638719102111E-4, 6.904675804145875E-4, 5.667356484872382E-4, 5.634453868134414E-4, 5.668138060137123E-4, 7.643734660078321E-4, 3.7350762392760546E-4, 9.464790255814458E-4, 4.541658637667049E-4, 9.833196956317606E-4, 6.979755463951599E-4, 7.103268182141875E-4, 7.678010831584376E-4, 5.725767908306222E-4, 7.906320340611278E-4, 4.182010567548964E-4, 8.183551410222247E-4, 4.582352433879362E-4, 7.440577216131243E-4, -3.1393434795833574E-4, -2.4507884183055007E-4, -3.33929882158483E-4, -2.495460700659921E-4, -3.750554402073509E-4, -5.734443075340353E-4, -6.674432007816045E-4, -6.240093198456193E-4, -9.69312575073558E-4, -7.906184210344962E-4, -0.001209477655230296, -0.0011283232923142345, -0.0010010863728454529, -0.0012501713804228484, -9.911492986605008E-4, -0.001011640807197909, -0.0010245887793465236, -8.865584250409246E-4, -0.001036085389323507, -9.309564408731336E-4, -1.894874683063851E-4, -2.7359611958440165E-4, -2.667283515648403E-4, -2.710399028795239E-4, -2.4062061295581594E-4, -1.7779664010737257E-4, -3.3282941940547783E-4, -1.146644829484221E-4, -3.4868938955405124E-4, -2.1673486791400588E-4, -3.8703171141758514E-4, -3.012118649006506E-4, -3.6437013019657426E-4, -3.0429084489480015E-4, -2.752181454625192E-4, -4.2494318585830986E-4, -1.5862515822987632E-4, -4.91297016223961E-4, -1.610254876156412E-4, -4.3196476694183704E-4, 7.74835036549192E-4, 0.0010489918410913467, 5.615152392488387E-4, 9.5233843471059E-4, 6.56978376337021E-4, 5.400803527655738E-4, 8.338230860638567E-4, 7.959068019512881E-4, 6.801672127462821E-4, 0.0012976025145264986, 7.319345013770416E-4, 0.0011046714662957767, 7.900552882759763E-4, 8.085115450954019E-4, 7.919766761958853E-4, 7.028913876454801E-4, 9.398787769732894E-4, 6.553978252028025E-4, 8.349042968118602E-4, 7.914227302730472E-4, -3.547240477104487E-4, -3.2368565900484537E-4, -4.2929149535065106E-4, -4.4051022623514446E-4, -4.1980667548578314E-4, -4.339056352222005E-4, -1.8033250373107043E-4, -2.4781362206457655E-4, -1.531070435586292E-7, 1.493094357177614E-4, 7.031718443778771E-5, 1.8353845286981507E-4, 2.048790851888768E-5, 2.0106504790514667E-4, 1.3970603778030313E-4, 2.084053801194258E-4, 2.4292860132197702E-4, 2.84897149367922E-4, 1.7884014570322885E-4, 3.2321435849406934E-4, -0.0018531093260899377, -0.0018250124872689437, -0.0018776150455612024, -0.001601949169242528, -0.0016840260127068526, -0.001587866567952677, -0.001571691530087481, -0.001376972942457477, -0.001507807834220893, -0.0012785988954069304, -0.0013495404471861943, -0.001115499839055126, -0.0010903315859425, -0.0010506702074754783, -8.937116054269889E-4, -8.827628232257173E-4, -9.555984875181726E-4, -8.978693922191338E-4, -8.798161475167875E-4, -9.252531664873448E-4, -1.3112493113080973E-4, -2.0433138076430093E-4, -7.218617066449172E-5, -2.732335496823801E-4, -1.6401241539913767E-4, -9.781057591975253E-5, -1.4796372386671029E-4, 5.045266181865055E-5, -1.5727833962579044E-4, 7.622920688366725E-5, -2.9028566046503606E-4, 1.9329121325466845E-5, -3.050444076184025E-4, 2.358085566066493E-5, -8.113670280606435E-5, -1.089752507639133E-4, 4.1111612388950036E-5, -1.1306125728771217E-4, 5.69899871726456E-5, -3.102745770073009E-5 ], [ 9.609839922284833E-4, 0.0010090466577137088, 7.890334087252748E-4, 8.799617423143193E-4, 4.931066754648786E-4, 0.001049802328294137, 5.125825835667315E-4, 0.0010591653548856492, 8.257894284437491E-4, 0.0013584671763615063, 6.979755463951599E-4, 0.0014906835143296189, 8.178589790562082E-4, 0.0013333269912101972, 8.657362857854273E-4, 0.001288592037146646, 8.7685090725986E-4, 0.00125295882111129, 9.390439699844585E-4, 0.0011334182976024771, -9.123744245680422E-4, -5.794884490396584E-4, -0.0011240072573242845, -5.109397232701109E-4, -8.056203296156693E-4, -7.486104840309397E-4, -0.0010036313704775307, -7.364313110947834E-4, -0.0011278046409002838, -9.946844878633762E-4, -9.908289857312655E-4, -0.0013294988716796138, -7.900500254781693E-4, -0.0013901649423820814, -9.21870306944268E-4, -0.0011654696415277165, -9.676341528938702E-4, -9.930367195473454E-4, -0.001035238726156901, -9.933414714832203E-4, -2.0042847659311737E-4, -4.0802982340389045E-4, -2.89765145023867E-5, -3.923898312341075E-4, 5.6401052899125934E-5, -4.7653589187688543E-4, 4.0862885255941254E-5, -6.04100313327953E-4, -2.2701229523062742E-4, -8.732426408148814E-4, -2.923978470340657E-4, -0.001009936400635706, -6.510786204990958E-4, -8.868283229391882E-4, -6.772032879366624E-4, -9.43195031937029E-4, -6.481691439641305E-4, -9.791461918909278E-4, -6.617905009169429E-4, -8.61953971303529E-4, 0.0016219204015691015, 0.0018774144804393337, 0.0012981890868022747, 0.0015842240525077325, 9.660909050868829E-4, 0.001174201276524901, 8.371474792543817E-4, 0.0012268909170471732, 8.729418374673834E-4, 0.0015680597959026234, 8.74152729530582E-4, 0.001670462464548186, 0.0012312605193844858, 0.0015445271596988882, 0.0012137464545295376, 0.0013750108361720646, 0.0012913177743084426, 0.0013521803116361792, 0.0012768302984920747, 0.001375400218477817, -1.542766057119015E-4, -1.449627397613705E-4, -1.394