{
  "weights" : [ -0.6798583418206537, -0.687021500262834, -0.6760049052738067, -0.6984367402137914, -0.6958439548029598, -0.7112882986689207, -0.7089091809360372, -0.7088013752222699, -0.7111122972412115, -0.6946264146433725, -0.7037468931336666, -0.6832423619994187, -0.7007334423163771, -0.6817941037372857, -0.691413485216027, -0.6811815557242223, -0.6893275902568331, -0.6828507974225079, -0.6877805190704869, -0.6846088611513037, -0.19833849085452998, -0.1923943009823361, -0.19744037086153213, -0.1772751111382702, -0.15689296933374508, -0.1343463682597998, -0.11535018377959172, -0.0788537418260272, -0.07967406674733962, -0.05979761078333814, -0.051021433711337646, -0.03251761771630429, -0.035842466160299166, -0.03135985546947912, -0.03126994081817122, -0.03280168839643228, -0.02938696072379595, -0.03501882769123515, -0.030245468059884106, -0.03605227429581094, -0.25985057414447454, -0.24406306331958053, -0.2651339321996536, -0.21970340342697464, -0.21228532261328925, -0.1630470094964974, -0.13345761414775253, -0.08794722645275779, -0.09105251286029205, -0.029302703777601424, -0.05959817843500091, -0.015293702257682576, -0.025715868085507153, -0.018538745175096443, -0.014551699788726372, -0.029678811646159105, -0.026265542032244925, -0.03168722269190395, -0.02808022900952638, -0.031152479893990698, 0.6394495244210373, 0.6395694596184953, 0.6406302501668258, 0.6400988835995653, 0.6533262767992887, 0.655946152308094, 0.6755225051275323, 0.6852682411881482, 0.6876326724243469, 0.7140655154544737, 0.7019042787416366, 0.7289097145898605, 0.7096749475685923, 0.7301714697311644, 0.7198226750599884, 0.7303556997827328, 0.722064582805011, 0.7283530505807747, 0.7236488649024637, 0.7264941485026191, -0.4126439067872483, -0.410741659158553, -0.41176198326350616, -0.3986679260461385, -0.3890088242880178, -0.36109919933319284, -0.3484361748193722, -0.3009974152642152, -0.30467731337729775, -0.24622487923016473, -0.25082103778375975, -0.1995357276632544, -0.20352545809663752, -0.16939477812159792, -0.16648991537347813, -0.14562287158516155, -0.14812876658885127, -0.13981429329208192, -0.14065537441107245, -0.13787949112087616, 0.0630849659619012, 0.06106286307677851, 0.06037470143226644, 0.05774062031085825, 0.041493888578578664, 0.04177832436546508, 0.029675173387027333, 0.004557259246024941, 0.016968498217126187, -0.02701560132716347, -0.00750491540022733, -0.056741000784357454, -0.04271700378861079, -0.076630023401924, -0.06999392655452932, -0.08850442642822749, -0.08218415465193633, -0.0892574521289136, -0.08487685397305028, -0.08871186745345686, 0.06645919732743713, 0.06264602262374751, 0.0667273411312048, 0.05805104983323295, 0.03602090692067819, 0.03062227931001567, 0.004272004084434558, 0.004420569642352381, -0.011650239087048531, 0.00796394411425059, -0.006830584309868782, 0.01557819078442492, 0.0042610815071913765, 0.028999404597177876, 0.021740528683862625, 0.04696863679072338, 0.04226707480200363, 0.05083857936992738, 0.04521572105515699, 0.05060100366509705 ],
  "covariance" : [ [ 0.001232553953247716, 0.0012203263207739366, 0.001398258694508164, 8.37374864050821E-4, 0.0010856787772384508, 6.098829203381407E-4, 8.174984301112291E-4, 3.2010354203081554E-4, 5.5501120592581E-4, 4.948304692980899E-5, 3.5381415274417645E-4, -2.5882348764092177E-4, 1.7266591590640716E-4, -1.9138269981758073E-4, 1.3821508731962065E-4, 4.7766394189489206E-5, 7.557709133549372E-5, 1.274316791195396E-4, 7.940586794945596E-5, 4.2328575672095136E-5, -0.0031625992744095375, -0.0029647863810184608, -0.003621548318771163, -0.0025541222881652853, -0.0035442086829827277, -0.0021939489494364967, -0.0028524724898858628, -0.002329871881244499, -0.0018256836809527994, -0.0020045398402350604, -0.0010001252400327104, -0.0015217527721050638, -5.969058910470543E-4, -8.458659548481062E-4, -3.9624542215430737E-4, -4.0853925596964297E-4, -2.971486544674145E-4, -3.8484318725084737E-4, -1.8593046327336127E-4, -2.8659134542921414E-4, 0.0022501712192992706, 0.002433512977258681, 0.0017110399089756028, 0.0029631104472509183, 0.0011453979618081418, 0.0024239163367522705, 7.348072832659394E-4, 0.0012061285115026316, 4.45582329133314E-4, -2.1043666125057786E-4, 3.293289694772567E-4, -5.523252768039458E-4, -5.468745272688321E-4, -7.482923747900918E-4, -6.603897370866746E-4, -6.679173931228479E-4, -7.071121652764486E-4, -6.38633629291923E-4, -7.390511107693734E-4, -6.670782488274905E-4, 0.001262621735828181, 0.0012904790314036494, 0.0011976672537934428, 0.0012662815168707098, 8.007095830786877E-4, 0.0010304214412121468, 5.206707513367924E-4, 4.942182313940639E-4, 4.7012110258219105E-4, -9.116956807011485E-5, 4.4434480969502105E-4, -3.8168476104978187E-4, 1.5472842641905417E-4, -2.6620588998678613E-4, 1.02606449494938E-4, -9.383447699446517E-6, 2.2138388371928046E-5, 7.108025212650352E-5, 2.7851469482838017E-5, -9.946135760996284E-6, -0.0031150801632914226, -0.0028714831031832785, -0.00350328681577146, -0.002757392408643649, -0.0032964787666736224, -0.0027568397261632433, -0.00257667720370519, -0.0025777280037308226, -0.0016119653700149706, -0.002485060012123745, -4.7921766326203345E-4, -0.0017092038651106635, -1.9088609717267716E-4, -7.592364645625495E-4, -2.560265154906734E-4, -2.0038187049270306E-4, -1.8378746213454402E-4, 9.997032416166589E-5, 1.0094804946098771E-5, 1.0401085223031777E-4, -0.0021866851678185254, -0.002245104992795917, -0.001959467826426768, -0.002122073358697431, -0.0015165541568707781, -0.0016031720295418435, -0.0011484555894742253, -7.323947815036422E-4, -9.334736999819432E-4, -5.70107897060232E-5, -6.426412265826088E-4, 1.3370589379729965E-4, -8.097580761425055E-7, 3.599602956486705E-4, 3.6896418223215704E-4, 3.115435221282523E-4, 4.6587846237604097E-4, 4.1166239765806964E-4, 3.504194478242998E-4, 4.168445436364327E-4, 3.477894470470267E-4, 1.449000314718995E-4, 7.242054823529167E-4, -2.1460469299398362E-4, 8.775204850316956E-4, -2.6034694824498715E-4, 5.164336842066524E-4, 7.805153797090643E-5, 2.9115436938956826E-4, 1.6561462196324972E-4, 3.485191685435624E-4, 3.8953721805351015E-5, 1.838042097589644E-4, 4.551972436742995E-5, -1.703617844571413E-4, -7.538772844300875E-5, -1.8438282061437414E-4, 4.6646179327606265E-5, -1.6588115943884862E-4, -7.762028602826053E-5 ], [ 0.0012203263207739366, 0.0014013408252315728, 0.0012880788327121872, 0.0011180960114895416, 9.856676980574649E-4, 8.779114115259508E-4, 8.201751314156659E-4, 4.8738557900987077E-4, 5.361240323114747E-4, 2.1199693307473588E-4, 2.6857254196442583E-4, -1.453625276786466E-4, 7.186985547973932E-5, -1.535413516989985E-4, 9.054860007208148E-5, 4.1148758787279794E-5, 5.946972430515808E-5, 1.4075630055895036E-4, 4.705987031483148E-5, 4.2575701250023834E-5, -0.0031292323269106782, -0.003052090756315543, -0.0035988741839138136, -0.0027441150859953485, -0.0034240557744201665, -0.0023799303927692886, -0.002862916366709368, -0.002390853759720277, -0.0017830443070017256, -0.0021763376052348553, -8.705195485399448E-4, -0.001566082968914729, -5.137759201150183E-4, -8.615706655450671E-4, -4.1212836739180903E-4, -3.891586738800081E-4, -4.221711284463292E-4, -3.259261214824144E-4, -2.635795231534028E-4, -2.6526346129578923E-4, 0.0022003911766858343, 0.0020936478917785574, 0.0017558427889949864, 0.0024417467961358984, 0.001035953704149763, 0.001936523486149337, 4.266394168405765E-4, 8.843788704540721E-4, 1.1928526351787264E-4, -3.1935622783575766E-4, -4.5992628596878714E-5, -6.608873024752628E-4, -6.603105867558519E-4, -7.63343698435332E-4, -7.620492529581903E-4, -5.853483764725644E-4, -7.133735294129062E-4, -5.419226830848839E-4, -7.13425867446563E-4, -5.910506942611166E-4, 0.0010888493163718129, 0.0012033769135554452, 9.589971409991623E-4, 0.0012164689392245205, 5.894183009463491E-4, 0.0010256065220760134, 4.3240675548935817E-4, 5.014234767927062E-4, 3.861325219167374E-4, 5.471522262968318E-6, 2.963250288713333E-4, -2.871308284819853E-4, 4.392876030403199E-5, -2.3674126560201906E-4, 4.8717474319328234E-5, -1.6153548454243253E-5, -4.81297505483547E-6, 8.49895229278128E-5, -1.0277768431449482E-5, -1.182996327109094E-5, -0.0032733150025662343, -0.003065498319437022, -0.0037085726348931483, -0.0029990242069721056, -0.0035943430969156177, -0.0029837545003684957, -0.0029703688206284425, -0.0028406814797634046, -0.001896838383250369, -0.002692369214687341, -7.290999590143819E-4, -0.0018259666914001503, -2.7433403170395635E-4, -7.697378116232496E-4, -2.605101286649449E-4, -2.1160107739450664E-4, -1.3705087365889455E-4, 9.164492176918029E-5, 6.691740886704303E-5, 1.2792405323498377E-4, -0.0033270778166641433, -0.003352488869561192, -0.003065723462028019, -0.0031401444354949154, -0.0026348344134833127, -0.0024714957671438014, -0.0020582023618477344, -0.0013781207959690683, -0.0016323582159378713, -4.643756909439267E-4, -0.0011786986435834675, 2.8080393988484045E-5, -3.228844438868027E-4, 3.4161233867812237E-4, 2.6716692651306055E-4, 3.92077894471265E-4, 4.950412096753858E-4, 5.074622354898563E-4, 4.090764771156401E-4, 4.946119056644863E-4, 4.0845109228393255E-4, 2.690577796934629E-4, 7.791703190385796E-4, -4.232692545293734E-5, 9.011585340104607E-4, -8.875776192109431E-5, 6.09982360646608E-4, 1.349828342913604E-4, 3.8731847018818184E-4, 2.7605534307599837E-4, 4.3979592641640104E-4, 1.2561333783059572E-4, 2.558732864327839E-4, 1.0817197107231989E-4, -3.3259717828033845E-5, -1.0863259294093931E-4, -9.284198218902208E-5, -5.693416284021326E-5, -1.399460983844697E-4, -1.4426821852836754E-4 ], [ 0.001398258694508164, 0.0012880788327121872, 0.0016696724544520611, 8.199992168062309E-4, 0.0012612284087240018, 5.88023240532131E-4, 8.675991204875525E-4, 3.178206728738934E-4, 6.092780458406405E-4, 4.158741145620386E-5, 3.9565744192350544E-4, -2.467503713671583E-4, 1.8104324055809442E-4, -1.6290980506774764E-4, 1.9710891891386125E-4, 1.3057521521658288E-4, 1.0124312508867075E-4, 1.7318092414229575E-4, 1.2929148662400717E-4, 7.505641504269816E-5, -0.003457411440316795, -0.0031537359371465747, -0.004054462821671988, -0.0026980753269565116, -0.004015338878154169, -0.0023173047211270583, -0.003091370536815901, -0.002528166903017711, -0.0019930208553389133, -0.002076946498713089, -0.0011796849323328705, -0.001610514408341219, -6.357260234906255E-4, -9.289603623061403E-4, -4.0192412135704855E-4, -4.4033611587445174E-4, -2.3713539244457488E-4, -4.553801176207875E-4, -1.481516454242454E-4, -3.1495436440583943E-4, 0.002274444763771838, 0.0026493149204531775, 0.0014995202069946754, 0.0032544290974543875, 9.276328169121692E-4, 0.002578553862408427, 6.860499304279816E-4, 0.0012639224355243228, 4.0618761179764956E-4, -1.7971461786248034E-4, 4.086917342478608E-4, -5.295562329298493E-4, -6.199958504860724E-4, -8.304514571618949E-4, -6.552155278549817E-4, -7.829546131034294E-4, -7.612878079924734E-4, -7.646695274173263E-4, -8.223993219714544E-4, -7.741939752936048E-4, 0.00142605012295547, 0.0014263164883367, 0.0013709385156119248, 0.0013662920006391637, 8.862891372660329E-4, 0.0011171219625509827, 5.629961206101481E-4, 5.59623951240039E-4, 5.488114532823232E-4, -7.328777813983739E-5, 5.242240188022845E-4, -3.708787927786607E-4, 1.693787070667169E-4, -2.4354506443151735E-4, 1.5987912138211677E-4, 6.644343517792495E-5, 4.7777867479072855E-5, 1.0878230813885539E-4, 7.471809534076927E-5, 1.748168046041461E-5, -0.003191268296448138, -0.0028893592614557787, -0.003660668002188925, -0.0028228106915483835, -0.0034208967510419705, -0.0029232197870260393, -0.002575205374538113, -0.0027453047944847064, -0.0015857914219759854, -0.002615984049392383, -3.6639900416467837E-4, -0.001825248723227663, -1.3170071664449465E-4, -8.674016775692358E-4, -2.4497906794724916E-4, -2.185052086648845E-4, -2.0685837222993866E-4, 1.327098017326583E-4, 5.368121273216967E-6, 1.297829560651985E-4, -0.0018870035628948854, -0.001967373937511136, -0.00161788771022692, -0.0018062389792323204, -0.0011157530852186856, -0.001309195602437522, -7.51396135359831E-4, -4.8081753770924554E-4, -5.790645466954424E-4, 9.989652290270953E-5, -3.1560470737708793E-4, 1.640694432271355E-4, 1.746148796595263E-4, 4.5812937219210964E-4, 4.5661852820698493E-4, 3.3006783389481986E-4, 4.896419898297576E-4, 4.1739599601093176E-4, 3.4822059649169176E-4, 4.2286491394722954E-4, 3.97676107312664E-4, 1.2755154298590778E-4, 8.793646700980096E-4, -2.7054557169823906E-4, 0.0010373996172568262, -3.349999847635397E-4, 5.061162404668485E-4, 7.378408738722331E-5, 2.6660838851984763E-4, 1.0927350975405924E-4, 3.645638115177848E-4, -1.8283945897143148E-5, 1.7592875433938536E-4, 1.0894634439551799E-5, -2.625630669863028E-4, -7.497334903327833E-5, -2.5278143399737264E-4, 1.2931475980632566E-4, -1.9902253898422913E-4, -3.4120233211915706E-5 ], [ 8.37374864050821E-4, 0.0011180960114895416, 8.199992168062309E-4, 0.0012298831454056647, 5.620539655928021E-4, 0.001017798158052012, 5.397747033122875E-4, 6.331984779754847E-4, 2.968065829550908E-4, 4.905324168479979E-4, 2.6957494151269955E-5, 1.942258242372043E-4, -1.2541120875640907E-4, 1.0358372549417727E-5, 4.2544574017380243E-5, 9.977332270399071E-5, 4.988968845377777E-5, 1.3009407448907344E-4, 4.7031406100572296E-5, 6.794065386224942E-5, -0.0021297224070829413, -0.0021969099231396914, -0.0025164496732552103, -0.0023261226932236733, -0.002314087846952553, -0.001992704104407774, -0.002216215572264805, -0.0016190203110551884, -0.0015343995998541137, -0.0015490978821502638, -8.075546243469369E-4, -0.001054992241275982, -4.669310205222272E-4, -6.236202542013288E-4, -4.277294275526189E-4, -3.296050909640805E-4, -4.895448678908541E-4, -3.0676458019433437E-4, -3.6938296679725116E-4, -2.8648751553371097E-4, 0.0012162486770664611, 0.001015076607207757, 7.92875177771832E-4, 8.584264102759328E-4, 2.1103409659018507E-4, 5.65654910638433E-4, -2.054358721032065E-4, 1.3871202221708333E-4, -4.993363823658811E-4, -4.4193717591408033E-4, -5.953082574535442E-4, -6.267833860107036E-4, -6.118139228874958E-4, -5.21789872366646E-4, -6.311778360502743E-4, -2.446139816078552E-4, -4.674927656205424E-4, -2.321177743592014E-4, -4.388659680479094E-4, -2.9464666554171736E-4, 5.575430068990236E-4, 7.34228033080708E-4, 3.6168119562052855E-4, 8.55425812554463E-4, 1.2944866538737343E-4, 7.745812991055084E-4, 1.4990129546112817E-4, 4.8560747326348053E-4, 7.846061300789216E-5, 2.94248290287413E-4, -4.5386337724916184E-5, 8.654381526899953E-5, -1.7475316515524534E-4, -4.673650954565396E-5, -1.3149266013427224E-5, 6.293373577024363E-5, -1.3484376613253875E-5, 9.124791678859895E-5, -7.1678313845487305E-6, 2.430730287325216E-5, -0.0021035580199100395, -0.0020014572623002955, -0.0024237628436381766, -0.002244828387075519, -0.002483032057606129, -0.0021853980090314217, -0.002453648234770175, -0.0017976315476080735, -0.0020020713524340375, -0.0016008618479638544, -0.0011857610825717073, -9.9486253753647E-4, -6.260322481627461E-4, -4.720843144202272E-4, -3.1901347532971357E-4, -3.1528624790203236E-4, -1.2826959775311673E-4, -8.562666301433368E-5, -2.9828116751035095E-5, -2.2548314335853887E-5, -0.00396893474230894, -0.0038791298654492017, -0.00377880994975789, -0.00355472397230131, -0.0034556842644093942, -0.002902158295929571, -0.0027081120859458892, -0.0020196228151521277, -0.0019801759061819422, -0.0011657432850434065, -0.0012958947446182624, -4.2557318233724545E-4, -5.111049850555553E-4, 9.602487847533132E-5, -4.423175697800317E-6, 3.514510944455387E-4, 3.194034181401022E-4, 4.540025568547366E-4, 3.0877048674255586E-4, 4.1527271472066395E-4, 3.964900451501155E-4, 3.743910254418156E-4, 6.376699346188751E-4, 4.7134831977588103E-4, 6.389918046162268E-4, 3.31809939615245E-4, 4.553701377849365E-4, 2.6850330503878786E-4, 2.889666438035747E-4, 4.5530579363045755E-4, 2.8061606716405315E-4, 3.3089210650488564E-4, 1.117223052716764E-4, 1.7077617711975124E-4, 7.299142425164863E-5, -1.1755532074558279E-4, 2.7380501783858922E-5, -9.385051402444518E-5, -5.6015208720338123E-5, -1.1835673849022403E-4 ], [ 0.0010856787772384508, 9.856676980574649E-4, 0.0012612284087240018, 5.620539655928021E-4, 0.0013693697029537155, 3.315661615592177E-4, 0.0010449911502435967, 1.5073704959120384E-5, 7.215035024042314E-4, -3.022057458590556E-4, 5.769572247816199E-4, -4.0825131894525117E-4, 2.838738726874128E-4, -1.923310918756048E-4, 1.2424019852059703E-4, 3.7833967860155616E-5, 2.8899266810145692E-5, 1.42687673674868E-4, 4.2668911126624017E-5, 5.591769967022832E-5, -0.002493340034992402, -0.0023378610436468367, -0.0027652205030040556, -0.001913266753661308, -0.003067034586963689, -0.0018082075064378854, -0.002412606403125484, -0.002156743682240132, -0.001435928834754945, -0.0019250292851751703, -8.502368942168172E-4, -0.0013675027636668989, -5.068089375046166E-4, -8.045991666784464E-4, -2.4749425959778284E-4, -3.900385712123046E-4, -1.1154112655900639E-4, -3.846275226915565E-4, -7.611719228850611E-5, -2.8101223288870943E-4, 0.0019095312498571004, 0.0021587401654896447, 0.0014800686578265753, 0.002802118753254795, 4.600147024007633E-4, 0.0023603736834439254, 2.8752103373423134E-4, 0.0011187421774185862, 3.269856022345923E-4, -1.629279775729225E-4, 4.551644276275868E-4, -2.973753506531806E-4, -4.620670614542992E-4, -6.473832006800629E-4, -5.478708610665227E-4, -6.332638027242065E-4, -6.098276151942331E-4, -5.873625132094747E-4, -6.718179436865724E-4, -6.004353220634358E-4, 0.001309269464061382, 0.0012526694264615868, 0.0013249119677385065, 0.0011837236283724938, 0.0010611383357680415, 9.026205210872468E-4, 7.126623976125987E-4, 3.649924797874176E-4, 6.646536476350942E-4, -3.3908143361449514E-4, 7.250714750864501E-4, -4.77353364937118E-4, 2.7289860850882047E-4, -2.4459952776391674E-4, 1.0176239277734344E-4, -7.852577998637696E-6, -3.287966344096275E-6, 9.51760275192267E-5, 9.304890473847013E-6, 1.4593826185944493E-5, -0.00255491996029554, -0.0023406622023183325, -0.002790955918974052, -0.0021350491813610863, -0.0027176975774554305, -0.0021820067332442546, -0.0020867525340410543, -0.0020791543654553077, -0.0012534086017122715, -0.002116882053814824, -1.9009987945583568E-4, -0.001467867072124978, -9.577777534982356E-5, -7.776741510053504E-4, -3.4065781356251327E-4, -3.744548622014114E-4, -4.317626515140346E-4, -1.450694610501556E-4, -2.9480254589058495E-4, -2.027216015535822E-4, -0.0012527218411056969, -0.0013136271262819334, -0.0010995597226517953, -0.0013133103050505205, -6.822607660478492E-4, -8.437604838848595E-4, -4.6249261191162776E-4, -8.328859528781945E-5, -4.833122032709187E-4, 5.573267443858065E-4, -4.0211636854420784E-4, 3.329696469728601E-4, 1.1587354037573445E-4, 2.835624947481674E-4, 2.729812960981839E-4, 1.7103335460796556E-4, 3.3550201260036324E-4, 2.872167895212822E-4, 2.476583163588123E-4, 3.138536133736062E-4, 2.0351796963303254E-4, -1.312539266082706E-5, 5.008421576707693E-4, -4.4282782044756516E-4, 8.954576229320779E-4, -2.735436418412671E-4, 2.90474798605026E-4, 6.94451610542818E-5, -2.165731968979338E-5, 8.280803432645175E-5, 1.2711292328580133E-4, 1.1813483160697827E-5, 5.2773154755371764E-5, 1.3209261150403428E-4, -2.4214372997377362E-4, 3.523393403558597E-5, -2.718451043165382E-4, 1.1440554945958443E-4, -1.741124782165181E-4, -1.533240748490184E-5 ], [ 6.098829203381407E-4, 8.779114115259508E-4, 5.88023240532131E-4, 0.001017798158052012, 3.315661615592177E-4, 0.0010157925006452069, 2.988879312919918E-4, 8.304562687574617E-4, 8.783656619594071E-5, 7.288185377912566E-4, -1.9449108231270567E-4, 4.907562614318802E-4, -1.9086847673835866E-4, 1.936449464936871E-4, 4.387935868231061E-5, 1.897047581483033E-4, 1.184764098346063E-4, 1.6089003635687057E-4, 1.2386197898687094E-4, 1.1769067410773728E-4, -0.0012453221524086101, -0.001332136329003037, -0.0016113769611094486, -0.0014722437975926595, -0.0014834528830029868, -0.0013593791600298132, -0.0013677042288393968, -0.0012416217571419898, -9.445646514139287E-4, -0.0012295967851116648, -4.614639676190015E-4, -7.469450664559875E-4, -2.1166474330600664E-4, -4.5079409137944364E-4, -2.4509235068746174E-4, -2.2138165202169866E-4, -3.701440153908868E-4, -1.6490801848243015E-4, -2.978707361312847E-4, -1.6455695499086094E-4, 3.4070653216532057E-4, 1.7279925916017553E-4, -6.43594221557612E-5, -6.978827176240023E-5, -2.905737415425441E-4, -3.545919244467185E-4, -5.33965114860373E-4, -4.435870295337914E-4, -8.090827522211023E-4, -5.068075773125404E-4, -9.91259406704794E-4, -6.769366283776796E-4, -7.400794139531032E-4, -5.186566317245496E-4, -6.739223746012324E-4, -1.8471183940968472E-4, -4.241354219223401E-4, -1.5321659671750217E-4, -3.9299853790585536E-4, -2.0904353709078936E-4, 1.376472978294967E-4, 3.121897513591743E-4, -4.6431727948023884E-5, 4.1838804348049785E-4, -1.43278932870624E-4, 5.423016962588631E-4, -3.784813914115148E-5, 5.386297327337009E-4, -1.193887912187174E-4, 5.301874309325217E-4, -3.031851530029262E-4, 3.8868951689235385E-4, -2.3586361990207949E-4, 1.3696450502986008E-4, -3.824317128876516E-6, 1.541677957490304E-4, 6.131891883587124E-5, 1.291597330156559E-4, 7.336469368890398E-5, 8.159972895125694E-5, -0.0012190457184896237, -0.0011948436081560638, -0.0015145270735902744, -0.0014739448583859394, -0.00161492099877878, -0.0015757659714394395, -0.001668759935099517, -0.0014065004918966289, -0.0015422577702536627, -0.001196878832841635, -9.894803252298806E-4, -7.241167547803869E-4, -4.7825153598034123E-4, -3.7425980405277265E-4, -1.2637986597632776E-4, -2.4191546469604506E-4, 6.793476991868193E-5, -4.024330938682903E-5, 9.562175038284325E-5, 6.130141520116468E-5, -0.004072370429055172, -0.003955328775187918, -0.003917185096053455, -0.0036345508485764906, -0.0036464553897387355, -0.0030397192148574146, -0.002962330769741379, -0.002068926215299215, -0.0022683866822800244, -0.0012787912867514028, -0.0015918221875357544, -4.276720954317905E-4, -8.628866701937015E-4, 1.42129491542293E-4, -2.2294497450483665E-4, 4.2887911363268823E-4, 2.1345764704942515E-4, 4.4383198414411413E-4, 2.4529362868972235E-4, 3.890871042935929E-4, 3.9074992930037387E-4, 3.834002861605262E-4, 6.16330738857706E-4, 5.005853179450017E-4, 5.854458376274065E-4, 4.1225700670795593E-4, 4.56347315112768E-4, 3.3802719673837865E-4, 3.8346458575365215E-4, 4.6810107733730633E-4, 4.011690385538285E-4, 3.025479208867518E-4, 1.8647616130502924E-4, 1.2280524708330008E-4, 1.971122553760429E-4, -1.7323725505960616E-4, 1.0956756238958217E-4, -1.679072627901327E-4, -3.709641214160034E-6, -1.4073708648631078E-4 ], [ 8.174984301112291E-4, 8.201751314156659E-4, 8.675991204875525E-4, 5.397747033122875E-4, 0.0010449911502435967, 2.988879312919918E-4, 9.805200110641337E-4, -2.5951308500895127E-5, 6.324062496044589E-4, -2.9166760060450646E-4, 5.766062133591123E-4, -4.494780273710225E-4, 2.6904179810501196E-4, -2.328377203298179E-4, 6.567480335694996E-5, -6.129747995683532E-5, -7.027777881878653E-6, 9.556375272614494E-5, -3.5411408276675905E-5, 3.9590976264736436E-5, -0.0020663664831573935, -0.001969079066598109, -0.0021993523849947057, -0.001584227291614574, -0.0024155359708882785, -0.001467003555883011, -0.002081689864725971, -0.001619717837400637, -0.0012320823460888813, -0.0015549917918330086, -6.021564692856284E-4, -0.0010429418029814495, -4.518203759234581E-4, -5.57827702451635E-4, -2.5365580102240486E-4, -2.5802048944520244E-4, -1.691291479003796E-4, -2.3459404404312716E-4, -8.487146151807722E-5, -2.0773722591720144E-4, 0.0017002972748219527, 0.0017887070852942641, 0.001538585529269283, 0.0023134216777862503, 7.068105523542045E-4, 0.0019536527931819426, 2.5730795588733995E-4, 0.001016359774028019, 2.456567245098236E-4, -1.5967178312877145E-4, 2.0852140646118725E-4, -2.527561961633457E-4, -3.445356336082476E-4, -4.223795486231889E-4, -4.642078949424976E-4, -4.4892522551412287E-4, -4.4885194568930557E-4, -3.958477735104426E-4, -4.8450452232385395E-4, -4.5043952474360915E-4, 9.848201249956316E-4, 9.986154499782897E-4, 9.660003277144245E-4, 0.0010115316772160154, 8.24175279656437E-4, 6.801159046998287E-4, 6.568578593202758E-4, 2.119758491308322E-4, 5.28258711926491E-4, -3.536473330644304E-4, 6.551688505347944E-4, -5.049745358877265E-4, 2.4970922491449185E-4, -2.6641455345052236E-4, 4.316118678567677E-5, -8.947684407176796E-5, -3.66828083182173E-5, 6.381534628791306E-5, -6.040380940753217E-5, 7.748717187750095E-6, -0.002217686416713591, -0.002022570562612374, -0.002370501124888172, -0.0017505473613402063, -0.0023373708533664097, -0.0016233868591197882, -0.001966145496714942, -0.0014564019989114292, -0.0012622953644805125, -0.0015731305473288186, -3.293760474718828E-4, -0.0010402088772368345, -1.913075284531084E-4, -4.656485673653884E-4, -3.284646572996582E-4, -2.6765098807974945E-4, -3.7380776869713636E-4, -1.3069893660199458E-4, -2.603954830864217E-4, -1.937060899318283E-4, -0.0014000711267566927, -0.0014656807561302257, -0.0012805350280290578, -0.0015735139540433392, -9.020067837778675E-4, -0.0011945794576521177, -7.472515287447654E-4, -4.1386972077164834E-4, -7.146846059459584E-4, 2.19229121609779E-4, -5.107749441849698E-4, 1.826816748274793E-4, 7.635431080503405E-5, 9.446103989962605E-5, 2.82084108417042E-4, 7.386452936453575E-5, 3.3232886227125343E-4, 2.2872712048660596E-4, 2.412487725126587E-4, 2.528423995116463E-4, 1.4000015365537644E-4, -3.2362988184997575E-5, 3.1519567760229724E-4, -4.0136296113260574E-4, 6.389190226218523E-4, -2.593988278833313E-4, 2.626778844102698E-4, -4.138513170792613E-5, -6.400795770555395E-5, 5.5202954830499156E-5, 2.41214787586688E-5, 2.805782387281268E-5, -1.0219446151494768E-5, 1.3368839572485517E-4, -1.5532178654394823E-4, 3.2641107553076743E-5, -2.2583167644290228E-4, 1.057062813975598E-6, -1.5617458871083036E-4, -6.491181581051024E-5 ], [ 3.2010354203081554E-4, 4.8738557900987077E-4, 3.178206728738934E-4, 6.331984779754847E-4, 1.5073704959120384E-5, 8.304562687574617E-4, -2.5951308500895127E-5, 0.0012194543594642613, -3.0250776637329976E-4, 0.0010931833151003733, -4.299993525127613E-4, 8.800103516196705E-4, -1.691955608285735E-4, 4.377668482761576E-4, 1.397820466085478E-4, 3.554189004113136E-4, 3.112489231082142E-4, 2.3930981821503636E-4, 3.344685958328205E-4, 2.6249396978809996E-4, 1.8850844716147532E-5, -2.1527515268473433E-5, -2.9867996298805046E-4, -1.3812409047234432E-4, -1.1587878772725856E-4, -2.460195686398799E-4, -8.764978257054641E-6, -3.383657468415008E-4, 1.8382822832396125E-4, -5.330136941699357E-4, 3.2661941559155905E-4, -2.455992398369816E-4, 2.9571420048170896E-4, -1.0064364432675974E-4, 2.170650253933762E-4, 3.670825167614085E-5, 4.249125329183772E-5, 1.906190431068313E-4, 1.3881343265687606E-5, 1.8776354237253664E-4, -5.911231389825706E-4, -6.153364283258393E-4, -9.464938117292012E-4, -9.651046433325222E-4, -5.690539756636172E-4, -0.0015174098315583813, -5.617628593609994E-4, -0.0015081685061205522, -0.0010411459725396942, -0.001123627780433102, -0.001310292898675106, -0.0010647202185216271, -6.229922521804322E-4, -7.654576113505601E-4, -5.298145168488687E-4, -2.4190626222412456E-4, -3.676715035163601E-4, -1.8196683636798476E-4, -3.5264312831100546E-4, -2.2608339872018246E-4, -3.297473877847647E-4, -1.7820435412694378E-4, -4.87679536144925E-4, -1.252515367540122E-4, -4.120045254729276E-4, 5.742122692862839E-5, -1.9304284974849362E-4, 6.394527451569051E-4, -4.797458614101234E-4, 8.478518740028673E-4, -5.970218320345564E-4, 7.577208045275012E-4, -1.8850094138264046E-4, 3.6218842117680057E-4, 1.221291689495025E-4, 3.0626031850540877E-4, 2.753529578610218E-4, 2.1305960885136443E-4, 2.9460354606316604E-4, 2.3625348024692953E-4, 1.311619526722401E-4, 9.503626831418011E-5, -5.235103093201267E-5, -2.3514625647911685E-4, -1.0070810860877194E-4, -5.348823456802188E-4, -2.446289475119186E-4, -6.955912033348875E-4, -6.630055766143747E-4, -4.889592385697795E-4, -4.670231033934621E-4, -2.797820245798754E-4, -2.082384049410528E-4, -2.3276341342634118E-4, 4.142971953354669E-5, -5.836611214119682E-5, 2.4519817828536403E-4, 1.0949043543334498E-4, 2.5620898560608043E-4, 2.397698013258378E-4, -0.0029718915129208585, -0.0028593299876920213, -0.0028832609139736003, -0.002542954460873674, -0.0028616329852282347, -0.002181589727357823, -0.002459570822479687, -0.0015463895152186746, -0.001866992373009204, -0.001180569358859419, -0.001242388356240222, -4.796039774542352E-4, -7.800584183923426E-4, 1.7844828890968624E-4, -2.607961425626207E-4, 5.883862606424942E-4, 7.997078267850272E-5, 4.015342501027396E-4, 1.4609531233957272E-4, 3.0535559103211197E-4, 2.489036855726015E-4, 2.7079346850253E-4, 3.9764423887340554E-4, 4.664318426042147E-4, 3.3692327057419596E-4, 5.08436367417663E-4, 3.7431708670318927E-4, 4.865637354367044E-4, 4.674763042036925E-4, 5.390691524886234E-4, 4.8304642243826844E-4, 2.815273505485455E-4, 1.6778159807014835E-4, 5.960028343012527E-5, 1.2615562777679518E-4, -2.107098805465774E-4, 1.101290485399721E-4, -1.8308922499580104E-4, 2.3552717598133263E-5, -1.042315466885136E-4 ], [ 5.5501120592581E-4, 5.361240323114747E-4, 6.092780458406405E-4, 2.968065829550908E-4, 7.215035024042314E-4, 8.783656619594071E-5, 6.324062496044589E-4, -3.0250776637329976E-4, 6.001539420193011E-4, -5.070503961297665E-4, 5.377435336759031E-4, -5.485575834140111E-4, 2.6845718769005566E-4, -2.521995271362913E-4, 2.3828679068796057E-5, -1.3225449347689487E-4, -7.479057562743396E-5, 3.2455124761579687E-6, -9.884452333744172E-5, -5.872117394838997E-5, -0.0016391556596697305, -0.0015947795133204087, -0.0017016738388823283, -0.0013495137991682204, -0.0018560135665513905, -0.0012160280355956634, -0.0015373375059123714, -0.0013214694744486356, -9.64460444161392E-4, -0.0011570604924819722, -6.113843620425695E-4, -8.280128057305675E-4, -3.621467197398718E-4, -4.381529797952973E-4, -2.3955049278412137E-4, -2.2489544268752213E-4, -1.4556445316981625E-4, -2.7707387916537366E-4, -6.16496375985E-5, -2.2441586747469055E-4, 0.0014653887643992546, 0.0014502067007812678, 0.0014396789273184987, 0.001795104495425894, 8.523391418793286E-4, 0.001770043262741738, 3.748565671505947E-4, 0.0013189847729218333, 5.206982132194424E-4, 4.126013044281819E-4, 5.4709729410865E-4, 8.671587383976984E-5, -1.4325483019199E-4, -1.645132962607832E-4, -3.1037139794547625E-4, -3.204168540031955E-4, -2.7126134269446885E-4, -3.0533104997989825E-4, -3.1211583902638143E-4, -3.12639177932269E-4, 8.180733886959902E-4, 7.631814489772867E-4, 8.707624420296753E-4, 7.037767018758921E-4, 7.514339042125889E-4, 4.997797801170366E-4, 4.6756299967937073E-4, 3.200648496699237E-5, 6.003402338520722E-4, -4.898029559079062E-4, 6.525340187527583E-4, -5.663053578190825E-4, 2.592067735108377E-4, -2.6666043903544775E-4, 7.354755181472478E-6, -1.459851723953367E-4, -9.266552234345867E-5, -1.9281010690085512E-5, -1.1192962948087196E-4, -7.971889850256299E-5, -0.0016887365670048672, -0.001574102457715499, -0.0017870132271545934, -0.0013642591617067156, -0.0017070883133605398, -0.001249668408060677, -0.0013283064094072067, -0.0011388989074422836, -6.0063533680721E-4, -0.001267393187183907, -5.924981875949026E-5, -8.663566069721648E-4, 1.4325491873033637E-5, -3.662381130921011E-4, -1.1785011976961724E-4, -1.8869153052457148E-4, -1.9700830980542874E-4, -7.244170444000568E-5, -1.379858176438748E-4, -1.1324620893627965E-4, -5.516846532016194E-4, -5.961567047256818E-4, -4.828955272598637E-4, -6.605701056653203E-4, -2.310897394535479E-4, -4.5582254540650185E-4, -1.3251910514284001E-4, -2.7237135668206023E-5, -2.12111550936174E-4, 4.235177899349082E-4, -2.0400400302474664E-4, 2.8703981701480575E-4, 9.691705767719137E-5, 7.759532846036811E-5, 1.8152100254237118E-4, -3.510026494639983E-5, 2.2927365849418276E-4, 1.1354655852394557E-4, 1.5611938148217866E-4, 1.5002303309991343E-4, 5.1019135295528294E-5, -4.217156426916885E-5, 1.4739958041168436E-4, -3.0875551175874944E-4, 3.654297857953005E-4, -2.900191224830694E-4, 1.3935642206686633E-4, -1.8150930927783986E-4, -1.1125385292497002E-4, -1.2394623137442358E-4, -6.537948696164778E-5, -4.7855539377171895E-5, -2.2084542700999707E-5, 5.1618535781897946E-5, -7.51300284045975E-5, 5.7284790434310143E-5, -1.7398568083509667E-4, 6.194707915357932E-5, -1.407099689542115E-4, -2.992586698600001E-5 ], [ 4.948304692980899E-5, 2.1199693307473588E-4, 4.158741145620386E-5, 4.905324168479979E-4, -3.022057458590556E-4, 7.288185377912566E-4, -2.9166760060450646E-4, 0.0010931833151003733, -5.070503961297665E-4, 0.0013113403517466939, -6.686088548456013E-4, 0.0011064833640242872, -3.9468072521933175E-4, 6.031094554647546E-4, -2.9708555280951612E-5, 4.400451494431902E-4, 1.8041583991162125E-4, 2.2188676109536373E-4, 2.3198861008296755E-4, 2.4422369560740274E-4, 5.994452510209445E-4, 5.386276358537491E-4, 3.333339298897163E-4, 2.1719374104781674E-4, 5.940311525731821E-4, 1.3651275351019988E-4, 4.936920326548911E-4, 1.577774472758162E-4, 3.024684318496955E-4, -6.453910628794643E-5, 3.015756074002494E-4, 9.575106771753945E-5, 2.0412407224331615E-4, 8.342364148711631E-6, 8.349876117033944E-5, 2.577551795478809E-6, -6.296310534098368E-5, 1.2934789041007212E-4, -9.930068232926285E-5, 9.000703175271006E-5, -0.0010953208719822344, -0.0010192925680732566, -0.0015241366258258423, -0.0014751758848767361, -0.0010591840497390468, -0.0019674942975377928, -6.994155691010667E-4, -0.0017795203022533273, -0.001245834549163822, -8.694580404126855E-4, -0.001571542485281029, -6.684087352984958E-4, -6.316738931214791E-4, -3.9079887944428425E-4, -4.198392315732558E-4, 3.612075326967855E-5, -2.755350729803756E-4, 3.7431114384609106E-5, -2.0676941809437852E-4, -5.4024029322293945E-5, -6.654801042921557E-4, -4.761789237175683E-4, -8.548049255963241E-4, -3.6760894687429377E-4, -8.173997645743933E-4, -1.0511000773873527E-4, -4.341641062668415E-4, 4.376489959931392E-4, -6.852120288287982E-4, 0.0010737774009183714, -8.565899447281419E-4, 9.999427479072541E-4, -4.195862603698158E-4, 5.399496986072175E-4, -5.4052077346135664E-5, 4.01464799687304E-4, 1.480369338714072E-4, 2.0157141940828447E-4, 1.9722839597378526E-4, 2.2097375150652358E-4, 8.028214738276616E-4, 7.17008707935819E-4, 6.675824991414925E-4, 2.6059797206329964E-4, 5.859120979151875E-4, 2.0838436290886573E-5, 1.5490247501465486E-4, -9.943092118123748E-5, -5.030145055588868E-4, 7.723335765961392E-5, -4.594787706387192E-4, 8.626081362037432E-5, -1.8703465200177984E-4, -8.766030741977419E-5, 8.274677505815855E-5, -6.292234503423044E-5, 2.6678111057871855E-4, 4.234939875783282E-5, 2.2797948230191806E-4, 1.9246562066948234E-4, -0.0024927153697788715, -0.0023539059157896645, -0.002446043402903701, -0.0020583860061091836, -0.002467820408126062, -0.0019086666666995279, -0.0021456135618887514, -0.001585661784871793, -0.0014814454160125433, -0.0015410854466214007, -7.644345473080552E-4, -7.348236822468218E-4, -5.892630291520084E-4, 4.6836230524138613E-5, -2.727341111611246E-4, 4.462607112760403E-4, -6.652227785185372E-5, 2.798064470217296E-4, -1.022549533332204E-5, 1.650674198582172E-4, 2.649674050641629E-4, 2.7231473493961487E-4, 4.030307403932029E-4, 6.268872325804434E-4, 1.9248663288005748E-4, 6.30122603328243E-4, 2.847976927128071E-4, 5.123320497696003E-4, 5.073195100420086E-4, 5.442547907124921E-4, 5.156747332794575E-4, 2.0911445025169982E-4, 2.942659018095397E-4, 1.8936026191891154E-5, 2.303967835381875E-4, -2.1599499673635725E-4, 2.179048493605104E-4, -1.927507159377075E-4, 7.797167215410657E-5, -5.078070884417285E-5 ], [ 3.5381415274417645E-4, 2.6857254196442583E-4, 3.9565744192350544E-4, 2.6957494151269955E-5, 5.769572247816199E-4, -1.9449108231270567E-4, 5.766062133591123E-4, -4.299993525127613E-4, 5.377435336759031E-4, -6.686088548456013E-4, 7.016485975872369E-4, -7.058470018959173E-4, 4.366143926288122E-4, -3.383753911685061E-4, 1.1823835936936124E-4, -1.876576770048294E-4, -2.7657414159200143E-5, -1.647118201232279E-5, -8.055216467252556E-5, -4.3364654332203675E-5, -0.0011901829571700035, -0.0011168258729179195, -0.0011478280499297754, -7.54603713964364E-4, -0.0013254864628859336, -6.412022915313515E-4, -0.0010233455285063489, -7.729318730969239E-4, -5.412558820733611E-4, -6.691578748214607E-4, -3.260638492526909E-4, -5.137581691904783E-4, -2.0014572850230507E-4, -2.2503919496003454E-4, -1.3388026623918016E-4, -9.705447420982646E-5, -3.273038264159367E-5, -1.7193636356092434E-4, 5.108899514362881E-5, -1.3369427970896363E-4, 0.001249882220127885, 0.0012696324295822696, 0.001395518766037043, 0.0016916219806084741, 8.786724157344754E-4, 0.001709885215807039, 3.640195670418802E-4, 0.0011911567635454125, 4.951056882331647E-4, 2.4697494584646084E-4, 6.343652557052404E-4, -4.79681135231987E-6, 1.674231905205225E-4, -1.0221077732103127E-4, 9.312984633539968E-6, -3.203279775135801E-4, -9.362633417032542E-5, -2.9133884524817373E-4, -1.6107254842471594E-4, -2.8095159044252727E-4, 6.813468235881766E-4, 5.997381825987154E-4, 7.741005475137485E-4, 5.655223102030511E-4, 6.963716154545083E-4, 2.734144569342517E-4, 4.722899011960141E-4, -1.1324249699742966E-4, 5.266848229180316E-4, -6.130964453481187E-4, 7.709740829109638E-4, -6.906216664296756E-4, 4.3060945951287825E-4, -3.354692511695448E-4, 1.1049985768778665E-4, -1.9061852496867E-4, -3.476945970675651E-5, -2.958929158600315E-5, -8.170321897094663E-5, -5.601587153330882E-5, -0.0012298519636813152, -0.001069857237761653, -0.0012591444908497708, -6.96894885025168E-4, -0.0011712096248028094, -5.050867195976775E-4, -7.678226917239856E-4, -3.590655351945411E-4, -1.9458425458092278E-4, -5.054766378529606E-4, 1.3982072070359535E-4, -3.1475515507921494E-4, 8.300917091950769E-5, -8.67355777870252E-5, -1.3291254145550947E-4, 9.031715115909069E-6, -2.1825932493246066E-4, 2.1708680437411934E-5, -1.3472637184369404E-4, -7.391065322800047E-5, 9.477859944099085E-4, 8.512057040330387E-4, 9.73348500754804E-4, 6.723228451932169E-4, 0.0010812546489365384, 6.87919272951169E-4, 8.984865765202663E-4, 7.682178466553961E-4, 6.457307817037219E-4, 8.394639733740897E-4, 5.011951486427024E-4, 3.968466617514983E-4, 4.805719766729534E-4, 5.376776075725944E-5, 3.2516524299622664E-4, -1.1567139424131699E-4, 1.9265047336294592E-4, 6.687578215213369E-7, 1.102691733208936E-4, 4.04305551524496E-5, -9.399010131831138E-5, -1.7258753438806926E-4, -9.01248596584764E-5, -5.07489431948393E-4, 1.804041515856621E-4, -4.506593478592273E-4, 2.6234949907518824E-5, -2.675591661476529E-4, -2.6284243958607495E-4, -1.5223515536685872E-4, -2.7320251340649717E-4, -4.61589831234236E-5, -2.3196953781352215E-4, -4.285548673269065E-6, -2.3307006425211702E-4, 1.0327887107251826E-4, -2.3857275425148898E-4, 1.1606415094335369E-4, -1.7061896884456058E-4, 1.5027067535915606E-5 ], [ -2.5882348764092177E-4, -1.453625276786466E-4, -2.467503713671583E-4, 1.942258242372043E-4, -4.0825131894525117E-4, 4.907562614318802E-4, -4.494780273710225E-4, 8.800103516196705E-4, -5.485575834140111E-4, 0.0011064833640242872, -7.058470018959173E-4, 0.0012330861750899497, -4.4255518993929283E-4, 7.44540133606833E-4, -1.3221413983391776E-5, 4.808778039073799E-4, 1.728777060340912E-4, 2.4171685432795338E-4, 2.6602600684451534E-4, 2.6680257059126506E-4, 0.0016963112046841453, 0.001630788579561226, 0.0015026636942854982, 0.0011937881688050002, 0.0016937193948235133, 7.976186766235367E-4, 0.0015813521904715852, 6.671769034976369E-4, 0.0010593693052033826, 4.287874199057487E-4, 5.695299052023642E-4, 5.613240792286876E-4, 4.761549733809793E-4, 1.993152424280884E-4, 3.3538360199979444E-4, 1.296803982871943E-4, 2.2234098109039658E-4, 2.0884397190623646E-4, 7.150522045676988E-5, 2.0975902461930254E-4, -0.002013351634005351, -0.0019485815042708959, -0.0023659819930698044, -0.0025723587334014124, -0.001940171952411554, -0.002890669181351653, -0.0011925257682079409, -0.002154840497453816, -0.0013773456193589316, -7.043543435037602E-4, -0.001403550888820828, -4.037474132694378E-4, -5.28574574924507E-4, -2.865406007205192E-4, -2.3050450095945824E-4, 9.394455784586505E-5, -6.969451675822554E-5, 9.926810778753469E-5, -5.0006198691497224E-5, 7.224774589398335E-5, -9.869180689824023E-4, -8.413209817481906E-4, -0.0011289567380248443, -7.754030269192376E-4, -9.274671525264162E-4, -4.45373443549587E-4, -4.8344800397492026E-4, 2.5820560188861714E-4, -6.102211626560023E-4, 9.480968991827668E-4, -8.27838088165