{
  "weights" : [ 0.7427379044648453, 0.7431823186305668, 0.7403650141006239, 0.7422089954943893, 0.7375609162400157, 0.7398963926996355, 0.7243619472166534, 0.7338892058779163, 0.7087091007991737, 0.7460445612519724, 0.699214674528802, 0.7479801689936285, 0.684946113793376, 0.759294477707258, 0.6700276609651209, 0.728666833349876, 0.668758925423004, 0.7312306754079333, 0.6651829137923675, 0.6975412175441079, -0.22551031430738927, -0.23247556858911678, -0.24274679840156066, -0.23407401879388187, -0.2595492216937743, -0.2854139177142374, -0.300072775867273, -0.34204820989495244, -0.3437508482682511, -0.37770368886926964, -0.4169811465859827, -0.3551793565979675, -0.5050036363764323, -0.3484387957942703, -0.5252029190019691, -0.3510444201993578, -0.5371890494655087, -0.38579633370974986, -0.5120096574162998, -0.4317749389136796, 0.5503925749065955, 0.5493522367466207, 0.5467779665066944, 0.5463051685045891, 0.5445791178412664, 0.5247745981639584, 0.5274541074619545, 0.4877657502235791, 0.4889972929133564, 0.42755738880532806, 0.4184798457399786, 0.40420406652588414, 0.36659848236495535, 0.38746762554912867, 0.397051317910708, 0.40992350411340894, 0.38407207219319567, 0.39686805687103455, 0.4231300273286374, 0.40104558681313107, 0.04120495545640065, 0.0664775763002322, 0.04084173670967259, 0.0972218759015379, 0.06334531762993739, 0.13244229377246372, 0.11650516638691638, 0.1911440418300958, 0.17298457688343064, 0.26384581427613807, 0.21681637571517015, 0.3130754167059723, 0.1988199378822115, 0.31290995505792096, 0.19166254967985127, 0.3123195514017226, 0.19841467623919132, 0.2992968205475594, 0.21143910307845867, 0.27488036150247797, 0.8554536136956171, 0.8251694431389278, 0.8270218738615456, 0.7739124562782819, 0.7651003321551639, 0.6873929577110013, 0.643882342438804, 0.5502888289082067, 0.495346093462475, 0.38624765859533156, 0.3110239643852158, 0.2349770211802089, 0.16706274578366048, 0.12538095753006773, 0.09572420542933607, 0.09021576547095872, 0.08230330339051176, 0.08847395389799935, 0.07749931312045032, 0.09132031043576225, -0.40518615404341896, -0.4180408158432515, -0.41337354584745334, -0.4222675764798706, -0.42551348648616966, -0.44037749015167843, -0.43439605561097605, -0.43801656701226105, -0.41368717872475286, -0.4002961422145535, -0.3518877074624976, -0.30969380116140627, -0.2674540038882949, -0.20401305032463066, -0.18237374440368492, -0.1352457600142562, -0.1353356290717961, -0.09914038747622854, -0.1169623855631615, -0.09126008163392327, -0.3372574789827435, -0.32903574775382516, -0.3291986070730354, -0.3188558837440647, -0.3073551732182475, -0.30367310154144783, -0.26883846577490716, -0.2580230508140565, -0.2222682533636348, -0.19574411817849963, -0.15466245089634448, -0.10364231425622522, -0.0907064069304994, -0.03214529057507484, -0.031463113313191064, 0.013841570658607496, -0.013856773976079964, 0.01405778179423898, 1.278211397472294E-4, 0.00506255738150516 ],
  "covariance" : [ [ 0.009596405866126331, 0.008854875773865178, 0.00929550122604734, 0.008273943213035595, 0.008587897919623015, 0.00655011772068222, 0.0073090275253364125, 0.004488462546843092, 0.005405957667649784, 0.0018590964498608133, 0.003445089361573846, 7.610943885101075E-4, 7.09852063730775E-4, -9.85000087391249E-4, 0.0012226348508645893, -0.005328981912717037, -1.4238006689483136E-4, -0.003456155175725832, -0.002200266347949375, -0.0025154556018187856, -0.0014710770942821562, -7.652676338036381E-4, -6.354258290559144E-4, -0.0032494672196716886, 0.00222616641851063, -0.006659121560002101, 0.0014514499080995804, -0.006816521538795339, -9.55346899453661E-4, -0.005197146062787034, -0.001567064919664576, -0.003810399446016236, -0.00420530951001475, -0.0016582913763339494, 3.4776092677124104E-4, -0.002482458147506833, -0.002733218776747243, 0.0011957206119064447, -0.0021234890534194708, -5.133513631796821E-4, -0.011877182030962715, -0.010230027003802105, -0.011705697679112871, -0.010268875534704694, -0.009976917885349622, -0.009859444242106908, -0.008936444646475222, -0.008038185354586667, -0.007700464802977169, -0.0036735114193086294, -0.004857872462343724, 0.002009336789248933, -9.317133410858865E-4, 0.007104693297197709, 0.004753240061086605, 0.011970600388248636, 0.0048154675898148865, 0.012041586698386949, 0.00736135654194057, 0.010134264749120606, 0.001127462779126522, 0.0036925398585455982, 2.777540592963138E-4, 0.003074378122958213, 0.0017600773861955322, 0.002468486399326974, 0.001996640376852801, 0.0024399062527032727, 0.002177171760749719, 7.56510872091025E-5, 7.343023286767148E-4, -0.0026071830226512653, -0.005147075262653003, -0.0038454544105180617, -0.005947750574898562, -0.006939576645020405, -0.008403365647009654, -0.0026061493471823192, -0.00874424544176637, -0.006218694169750746, 0.009755331336436978, 0.009833464146273804, 0.010329222677933281, 0.009738149608433454, 0.010500694908372988, 0.008489217666146274, 0.009004359993527862, 0.008484705741721145, 0.003842928441392887, 0.009020554745213155, 0.0016758279144609327, 0.006394785121410874, 0.0013944349660160319, 0.0035666071888518225, 0.0025725394618370165, 0.0040132620721188604, 0.004033226863755643, 0.004383177717614261, 0.004185203292141866, 0.004706516781161904, 0.0015457869779248485, 9.719306561396658E-4, 0.002395363476955667, -3.5013671444055427E-4, 0.003005149319514218, -0.0015507463074614682, 0.002359466475908692, -0.0024711578922833994, 0.0015023799906165815, -0.002099411493117879, 7.465373400960317E-4, -0.0012719293791523662, 7.384981960586081E-4, -2.0642851473429407E-4, 2.9867098981527414E-4, -9.61215370852017E-4, -6.971745265393316E-4, -0.00201098806846898, -0.0011020089537647187, -0.002329816775301566, 0.00559148732405422, 0.006135446790405466, 0.005169160986594354, 0.006103256207516665, 0.005617470906645411, 0.005750863858180015, 0.005276819310449854, 0.0045203213683295785, 0.004883312451063397, 0.003068294363333562, 0.0030102688092410045, 0.0026117856841119547, 0.0013292456548626573, 0.0030389541325211425, 0.0018484163544873224, 0.0027722026000570462, -6.544064357586857E-4, 0.0010767910160441128, -6.466525022392863E-4, -5.964153209817942E-4 ], [ 0.008854875773865178, 0.00903907688203933, 0.008444855380770387, 0.008271251945010683, 0.00788781732551213, 0.006594574612515866, 0.006585373948966439, 0.004414031045983827, 0.004943373937372693, 0.0015719786114063823, 0.003362396043153632, 1.0118313522517776E-6, 5.324344112475633E-4, -0.0011824658682943216, 8.235436862012026E-4, -0.004700387402288723, -3.277126738589096E-4, -0.0033693799868400255, -0.002033181448834701, -0.0025521609094245053, 4.8393341871320016E-4, 0.0016172448839139267, -8.784498999651977E-5, -2.2946701786618218E-4, 0.001358775554100957, -0.003329016690742931, 7.139581957479892E-4, -0.00426269543801974, -4.669181203278488E-4, -0.003766550751708415, -3.832824148611181E-4, -0.0023104024711306692, -0.0028521322991553128, -7.690227596744216E-4, 0.001478328934467272, -0.003377532703578088, -3.3096809350586305E-4, -1.6594491428424478E-4, -4.837104418896603E-4, -6.505609539246285E-4, -0.010684668743845625, -0.009604728895659047, -0.010619625646519786, -0.009356739827718837, -0.009253351510686582, -0.009039683027226103, -0.007983130181745055, -0.007631315806939747, -0.0062931134078827505, -0.0034512995107388446, -0.003260827654926551, 0.002312508783761, 2.7967364842458966E-4, 0.007394316977682187, 0.00512944014925528, 0.011050631369651297, 0.005174184133164525, 0.011558105913839394, 0.007108282157097197, 0.009908174910821185, 0.001576627646368511, 0.0037153911125732955, 8.048739650131228E-4, 0.003921664265601834, 0.0017936609044013874, 0.0037390021153040063, 0.0019843084443501814, 0.003786311793400715, 0.0024137499344117526, 6.777133556378028E-4, 0.0012880073514844963, -0.0015808382349357453, -0.004423934118676281, -0.0028850678996511863, -0.005427898852606321, -0.006641463779545724, -0.006543489468104553, -0.0028512551206472873, -0.007325005510941391, -0.00531131981389903, 0.010650672383905435, 0.010578947418127052, 0.011078898873709256, 0.00966263730970347, 0.010937357607980997, 0.008237388982425514, 0.009692343238306715, 0.007219042415680801, 0.005466621933997574, 0.007539667990382743, 0.003015628452272475, 0.005221414203695067, 0.002294164379383127, 0.00293557961687731, 0.002988003867179088, 0.003450268354027023, 0.004253327620497907, 0.0038334218106273405, 0.004288759855873637, 0.004234677255480132, 0.0011159922627652112, 0.0010761343984350316, 0.001317551704206028, -9.440478168719433E-5, 0.0014315126703386295, -0.0012018130881508156, 6.252238740285149E-4, -0.001965873461925818, -2.244948537936857E-4, -0.0015891971483327706, -7.059813585396333E-4, -6.68039458982523E-4, -1.1203172000902502E-4, -2.3729926563645755E-4, 3.5635013053739336E-4, -0.001362563486916444, -3.7066016576523875E-4, -0.0020003178154258975, -6.270060461000249E-4, -0.002217983470423745, 0.0070036899461569935, 0.007309206701206431, 0.006261340481176459, 0.007471023505073946, 0.006171527410260628, 0.007312541989979333, 0.005427379661467694, 0.006463024482072529, 0.004619715336786569, 0.005021769635324857, 0.002775071561460142, 0.004275063133215047, 0.0012618172440153912, 0.004095917615570177, 0.001824426660721124, 0.002766228091317143, -2.8952897636848134E-4, 0.0010257336585932396, -4.523889322532268E-4, -3.0631049944721103E-4 ], [ 0.00929550122604734, 0.008444855380770387, 0.009291538569140978, 0.007727446456175314, 0.008942997550503345, 0.005902992006516297, 0.00779005989454203, 0.0040989049853035146, 0.005670170571407254, 0.0018465756923362689, 0.003352551483600229, 9.495866888088421E-4, 6.324486573850461E-4, -0.0010015095197277379, 0.0015765722493876855, -0.005099621001787117, 3.1317058018041086E-4, -0.003440019977674922, -0.0018695800187399454, -0.0023587991603943627, -0.0014126861625205348, -0.0010959573771665491, -2.4815411938430365E-4, -0.003767096194175296, 0.002802945348905536, -0.007163318997298497, 0.0017776879936552343, -0.006904836317578896, -0.0010941284081011243, -0.004831412044783587, -0.002177870362517827, -0.003291455929588242, -0.004473002139644223, -0.0019832717525173522, 0.0010816896328264373, -0.0034814300135581587, -0.0015704483399018197, 1.306130719972146E-4, -0.0015266857365937888, -9.79522818565854E-4, -0.011554969830596841, -0.01004645650798398, -0.011414653429921574, -0.010220832949120632, -0.009690090571926505, -0.00984322166639043, -0.008987248222158465, -0.007974021278551074, -0.007963624015829375, -0.0035290258231979966, -0.005043002394610895, 0.0020524926231296424, -0.0011713003008064278, 0.006679261589779181, 0.004567324358834156, 0.011141871350650293, 0.004829573982980125, 0.011311332184999133, 0.0072396602085205005, 0.009544050633888452, 0.0011319698811331083, 0.0033673735323480696, 5.4693167942348E-4, 0.002505798171697985, 0.002105454957402339, 0.0017883896448226732, 0.0024430752563638887, 0.0017635002179762274, 0.002489914557082554, -2.3911046817210336E-4, 5.533355365862878E-4, -0.0027571011109737776, -0.0048713396941337805, -0.004055828358814985, -0.004586671622012724, -0.007469857876787731, -0.00726837623789885, -0.003359054813546826, -0.008032454272431683, -0.006485529438795325, 0.00939416545759368, 0.009467394699555058, 0.009907311403063373, 0.009505448336894028, 0.010017619666925997, 0.008488013602663104, 0.008126534235293477, 0.008963551893080537, 0.002541575570822141, 0.009883566325899318, 4.627238039904204E-4, 0.007321908099099576, 7.398890788368812E-4, 0.0038560727206654027, 0.002459844517315648, 0.0039032983230623697, 0.004148320891675855, 0.004186694130048663, 0.004220263410828771, 0.0045949402874691314, 0.0016529406295973498, 8.988110709303188E-4, 0.002608175582869643, -4.5997716639322535E-4, 0.003294348801327862, -0.0017123248146188987, 0.002696408030207981, -0.0026884036131265597, 0.001965650051031017, -0.0024400094972933896, 0.0012454007375533901, -0.0016001901328193614, 9.783881824731821E-4, -5.92526254309966E-4, 2.6567910153598416E-4, -0.0012616699558581548, -5.667944594156045E-4, -0.0022025668604840863, -0.0010615435279353717, -0.0022692800492808986, 0.005252732954862444, 0.005566294328343158, 0.004982721328012755, 0.005339420401575359, 0.005567288091391122, 0.004801465211849588, 0.005374350099127658, 0.003387806319990614, 0.005225883165280077, 0.0019170634063476375, 0.0033028659047767686, 0.001529725735857474, 0.0014089225803312617, 0.002130479884396234, 0.0019325383431414661, 0.0020572562941057154, -4.1348311967559005E-4, 5.980175576324896E-4, -5.385751819340403E-4, -8.238629883377918E-4 ], [ 0.008273943213035595, 0.008271251945010683, 0.007727446456175314, 0.007907721300874065, 0.006823929044354398, 0.0064323122939772435, 0.0057164315895700205, 0.004382060748237921, 0.00469585479473412, 0.001667986040633341, 0.0037140990299954716, 6.693599862567818E-4, 0.001231847437884489, -1.5979294547476767E-4, 0.0012747181223435073, -0.0033946492122398746, 2.631083888698964E-4, -0.0021066908654634436, -0.0012836744195570643, -0.0013429813064208737, -0.0029555840231426807, -0.001669214061342049, -0.0032045638987667677, -0.0035460873168328506, -0.0012604422443203566, -0.0066366260384342676, -0.001509619166863882, -0.007486085458235571, -0.002531385895955098, -0.0067247854410121, -0.002080209950756459, -0.005087624987493731, -0.004409253264350375, -0.002143057844299614, -9.419044183832394E-4, -0.003176142897653126, -0.0030979260682338665, 5.038574306889098E-5, -0.0024101855993025976, -0.001348085182385132, -0.010708708699445306, -0.009464014586397914, -0.010621421165152698, -0.009247485472122959, -0.00924084990042417, -0.008938019839424122, -0.007997695307329996, -0.00786125206960167, -0.006513273308202543, -0.0043022715078780095, -0.003975572359631814, 8.859277037249027E-4, -6.930628809123432E-4, 0.00625583000329584, 0.003798291334477306, 0.010113536027116848, 0.0037275630438221383, 0.010547770419569117, 0.005765347661755419, 0.008664180815340025, 4.4553253928830217E-4, 0.002392497592567754, -8.037349221323288E-4, 0.0024513118459270886, -1.1286331870422072E-4, 0.0021501876343699485, -2.7870638448225754E-4, 0.0020243069747672877, -3.822780339281361E-4, -8.067591132519032E-4, -0.001658868389388416, -0.0034091539368327124, -0.007513518085772369, -0.004811197609441544, -0.009025078774699883, -0.007961227895794067, -0.010076429855224098, -0.004422604288761605, -0.00994719241940082, -0.007409778140146339, 0.007437142478730336, 0.007814382298314075, 0.008328281611062468, 0.00727502254907454, 0.008775001039977281, 0.005982262118744579, 0.00829638289648112, 0.005064542547363186, 0.005123102017887166, 0.005191468259464791, 0.0034375917989823766, 0.003515770005432854, 0.0026558559908253267, 0.0024004323492466295, 0.003168308232903992, 0.0033926494942901893, 0.004055479822405821, 0.003916579871468984, 0.0041692386529603885, 0.004192359435678125, 0.0015614460437289746, 0.0017792120374781782, 0.0021479595726731438, 7.885795968122562E-4, 0.0027028317172367285, -4.741806533995461E-5, 0.0022432035860111893, -4.883354598432322E-4, 0.0014193364574504948, 1.8332401973221533E-4, 8.168466235470664E-4, 7.755345101188565E-4, 0.0011274473591918498, 9.833388600503307E-4, 7.215284638954964E-4, -4.5944937346381566E-4, -4.375675693600561E-4, -0.0014050017366640456, -7.245575675731072E-4, -0.001986811554180773, 0.003791602928788889, 0.004052097940289198, 0.0029556198382597668, 0.004271899662341632, 0.002798684171389492, 0.00418715629346136, 0.002054188893562951, 0.003509028457478458, 0.0012841893760690945, 0.0025938085326589417, 4.705576279736808E-5, 0.0024146770217932513, -5.775177120277313E-4, 0.0029290527072452065, 2.914936044471775E-4, 0.002194278190546512, -0.001592889894235729, 7.625493681513364E-4, -0.0013695903211112669, -8.684658470853323E-4 ], [ 0.008587897919623015, 0.00788781732551213, 0.008942997550503345, 0.006823929044354398, 0.00956147828963254, 0.004653258870756301, 0.008771562547480918, 0.0032714674360754983, 0.006403512856163995, 0.0016962267199292498, 0.003532053692724883, 9.221217716512206E-4, 6.454593258029132E-4, -0.0011212065915629185, 0.002225659356771582, -0.00462232771865854, 8.620256551817954E-4, -0.0034173139125664924, -0.0013445475386524494, -0.002146198519997745, -4.0917463471382246E-4, -1.1243585648513076E-4, 2.2945793176343287E-4, -0.0017366747245488986, 0.0020218349260509054, -0.004184783521405, 3.8711465617594364E-4, -0.003800130619321611, -0.002460367845852901, -0.0022257196378898973, -0.003514349452137923, -0.0013220181676853004, -0.004482782580117828, -0.0021690820145835025, 0.0032289077063412243, -0.00606571271595341, 0.001677519539899311, -0.0023437912842319743, 4.3667660063629075E-4, -0.001747215226001664, -0.010765839584274356, -0.009437031557971305, -0.010788012878053777, -0.00958683305942309, -0.009484659721856003, -0.009004490683090624, -0.009354462480516893, -0.006987861709050745, -0.008798536984893201, -0.0025611886496815033, -0.005882990699973714, 0.0026538693666653093, -0.0020780893078108727, 0.0065811846081250645, 0.0037234077522664377, 0.010349216975318435, 0.004523437126913378, 0.010710017374146244, 0.00695163178131846, 0.008940136477584845, 0.0014578411066673758, 0.003083319048105249, 0.0012681772922301798, 0.002058699328079772, 0.0022399532288428243, 0.0016117910163695559, 0.002538993549072738, 0.0014154966306446476, 0.0029463564693321996, -4.494443264830634E-4, 7.51193885203931E-4, -0.002473280591331989, -0.0038435604723004854, -0.004103662400418638, -0.0024944149563436964, -0.008597607116011678, -0.005143034372990725, -0.004391726738673741, -0.006575767109241662, -0.006553605751931591, 0.009050893589250451, 0.009516568148690509, 0.00894407039475304, 0.010036492480765104, 0.008701430728895178, 0.009379105174185845, 0.006319276962015044, 0.010403469072373606, -9.99171421359142E-5, 0.011924962792596028, -0.0022347207294054344, 0.009087518714733496, -0.0010223212020694968, 0.004454447960894612, 0.0018913272294446338, 0.0037280526625217574, 0.004296211925254685, 0.003732776872672706, 0.004246400771127258, 0.00428937213618788, 0.0017573661819358, 8.01113562802905E-4, 0.0024585732238760188, -2.2916881849294004E-4, 0.0029048070317472733, -0.0013720496571135057, 0.002429821760590136, -0.0026365826026194406, 0.0022408614100640134, -0.003121207064507901, 0.002114228912640842, -0.0024856282642987827, 0.0021086156879414225, -0.0018619173492564203, 0.0015175910583460248, -0.0027869859553241436, 7.958448588571847E-4, -0.0032531154644276083, -3.001328541493849E-4, -0.0024415164736349597, 0.005480023815137136, 0.005385470627700973, 0.005487722053575364, 0.004811729792721003, 0.006004017341707245, 0.004241539623717107, 0.0057973540160751146, 0.002808246518922302, 0.006010546045602456, 0.001415803301529093, 0.004260546010780065, 0.0012598556679129806, 0.002189986144404283, 0.0018187472058315895, 0.002629788910206759, 0.0014371496400190484, 4.908362636201196E-4, 1.0917366288057174E-4, -1.2958840684669572E-5, -9.172336183482982E-4 ], [ 0.00655011772068222, 0.006594574612515866, 0.005902992006516297, 0.0064323122939772435, 0.004653258870756301, 0.005753306040041101, 0.0034738459351315826, 0.0041812987443376835, 0.002619884505466037, 0.0018638220448063013, 0.0020120061584854637, 7.846149437642144E-4, 4.5877796649826E-4, -1.8696004287313073E-4, 3.3458684653565613E-4, -0.0031125101147023273, -4.8250031221840095E-4, -0.00183804115141807, -0.0015038629500552518, -0.0014877880599360601, -5.176193934241227E-4, 2.6133418427862036E-4, -5.437936760973234E-4, -0.0019407820626745637, 0.0015212939768318844, -0.004774570336376089, 0.001470859734137441, -0.0052554794355481275, 1.8253726248798618E-4, -0.004056624135871337, -2.427024404434582E-4, -0.0020997798788209687, -0.0026579437364909583, 3.723162401814083E-4, -0.0013574950190090977, 5.977324360644814E-4, -0.00351853001204791, 0.0024780267494995496, -0.0020658625415099123, 4.93234839049418E-4, -0.007717108596460248, -0.006790684068404904, -0.00751832408598859, -0.0065962183210268215, -0.006335220735157085, -0.006561717354186312, -0.005144086848463809, -0.0059018010256282165, -0.00397081314383903, -0.003167181178971413, -0.0024154032302337674, 0.0010103741402331505, -3.8955867162923956E-5, 0.0051880053287416865, 0.0031959823516341536, 0.008266895132019392, 0.0030654083670269335, 0.00826876416474049, 0.004648510114500863, 0.007026667116731295, 4.257881354691217E-4, 0.0023674412633658006, -5.475753404682044E-4, 0.0027699835519463694, 4.8120431979377506E-4, 0.002653405988004299, 7.043411401988014E-4, 0.002954823216602606, 5.302926428399392E-4, 9.627646490195662E-4, -2.0043314132126185E-4, -8.564091907722383E-4, -0.0046332136765117726, -0.001821947578341635, -0.006399996548605113, -0.0032899755026167578, -0.0072205332923351824, -7.07660151333684E-4, -0.006701587597407049, -0.0035023401854318028, 0.00705348414302392, 0.006654774871139599, 0.008069780540364002, 0.005338712780388748, 0.008386338704432577, 0.003948101103375562, 0.007771696625962531, 0.002719301221712267, 0.005430965971294835, 0.0025021087081034156, 0.0036859055926758474, 0.0013441111686991808, 0.0026172147085537383, 0.001201264554712169, 0.0022546417581614004, 0.0024093208896196977, 0.002581762126120616, 0.0029134281040567567, 0.0027605419217602745, 0.002975633079018171, 8.820814310437762E-4, 0.0011052953799634228, 0.0012587315576926147, 9.455290424849132E-5, 0.0016135846413012811, -6.621635370538078E-4, 9.931158207613486E-4, -7.262541879333071E-4, -8.300474594947474E-5, 3.02163292522395E-4, -8.997132006899309E-4, 0.0012181308243719483, -7.628144436899876E-4, 0.0015249451756572273, -5.218979821642788E-4, 7.136213571129472E-4, -0.0011402963049915696, -3.074402643679998E-4, -8.204824783494468E-4, -0.0013051350004950667, 0.004074598435845836, 0.004604531558153588, 0.00326305448991773, 0.005085793242600562, 0.0031539562518358107, 0.005151216355127486, 0.0026756580952519123, 0.004845511411020735, 0.0018184191507844157, 0.004175358400854975, 7.343780436533994E-4, 0.003915015373262384, 1.0730466242788025E-4, 0.0036979832814785637, 6.325042576189976E-4, 0.00274815226123166, -9.786899224240083E-4, 0.0011754036600352847, -6.675977927458241E-4, -1.8329873382159304E-4 ], [ 0.0073090275253364125, 0.006585373948966439, 0.00779005989454203, 0.0057164315895700205, 0.008771562547480918, 0.0034738459351315826, 0.00866169454568477, 0.0023772807708768566, 0.007163254949405354, 0.0012338560313804108, 0.0048186027318631985, 0.001137685765168478, 0.0019913620375769706, -1.6979821494228893E-4, 0.0032634761277305167, -0.0027943696093457333, 0.001990848627166764, -0.0020497132793293044, -1.1954179467456664E-4, -5.491268185484072E-4, -0.0027105412476424867, -0.002098474589712032, -0.002164655447072875, -0.0030048925676364672, -7.432707402194221E-4, -0.005121287211396046, -0.002111005150147595, -0.0050838553652175775, -0.0040179729728781, -0.004026361156025778, -0.004380091308891891, -0.003219595505368679, -0.004710344424848692, -0.003255162127247367, 0.0029058602751721807, -0.007286529891797648, 0.0018379503640449295, -0.0035957192446780294, 2.7386044265859555E-4, -0.00244305420988293, -0.009724834142063056, -0.00840184950184577, -0.009846981648315855, -0.008602490078025379, -0.008868878451209296, -0.008038830158961103, -0.009278583214460866, -0.006548060571801216, -0.00921476325987514, -0.003057148329687752, -0.006933153441202591, 0.0011991875933469575, -0.0034968264215085422, 0.0052105505956019415, 0.0019871096919433263, 0.008375225131493287, 0.003098136745265286, 0.008958314233703347, 0.005393780633995837, 0.0070558102518696875, 5.357929143715177E-4, 0.001416787338098487, 2.927497364650619E-4, 9.43860789956527E-5, 7.877077710518393E-4, -3.13002594158097E-4, 9.209076939107686E-4, -6.550411164268502E-4, 0.0012538697237577583, -0.0020273129360864096, -0.0014752969074086691, -0.0038990265038165413, -0.006060109755017046, -0.005538419105753994, -0.004487173287459858, -0.010185023262380802, -0.006719231349591697, -0.006468469198695331, -0.007496206112053809, -0.008250233526232062, 0.0053685749740043365, 0.006627376168895885, 0.005129090778518459, 0.007830921614614827, 0.004998641288188547, 0.007344761539241771, 0.002986986429413538, 0.00821594429555277, -0.0025231192552461093, 0.00946418277410196, -0.0037778276122746425, 0.007452939879613029, -0.0020612467481559323, 0.003842658573011415, 0.0015159238191303844, 0.0035593724197549134, 0.004061142638660615, 0.0034995225602940344, 0.003967801402787874, 0.004016011440338001, 0.0021493882449271817, 0.0014173627501456695, 0.003022882784907919, 8.661991745663159E-4, 0.0037158922770267, 2.1541369982139085E-5, 0.003764039170455467, -0.001083395237775875, 0.0042129895700628375, -0.0016622931805693449, 0.004657600136240038, -0.0014792274134065317, 0.00468982040229383, -0.00133115299098134, 0.0031494108574434895, -0.0027664617117272106, 0.002065911341793412, -0.003237078665891524, 3.6617999967827924E-4, -0.0021009382652964525, 0.0023402281175698546, 0.0018387537614543202, 0.0025604182770899825, 0.0010388419951056548, 0.0030655064615937593, 5.155128878235578E-4, 0.0030224716320695344, -6.017147678728319E-4, 0.0038120516878818664, -0.0012235402537786552, 0.0029791025442706255, -5.504243901276801E-4, 0.0017904698949398753, 7.228660273485488E-4, 0.0023270322291068972, 4.413433410057642E-4, 3.1402490287443666E-4, -6.003989811340876E-4, -2.6034612330438065E-4, -0.001560688289835122 ], [ 0.004488462546843092, 0.004414031045983827, 0.0040989049853035146, 0.004382060748237921, 0.0032714674360754983, 0.0041812987443376835, 0.0023772807708768566, 0.004015196476278571, 0.0014099489691898428, 0.0032527068198856725, 4.5506892061909635E-4, 0.003092211761927, -4.934011496850947E-6, 0.001243713867868142, 0.0012602287186470361, -9.37792220607671E-4, 8.168198965565893E-4, -3.9270706901895587E-4, 2.961762154100313E-4, -4.349119352877709E-5, -0.0018550560538752306, -0.0015692539075975744, -0.001522338021541885, -0.003434518517940675, 4.542378382921845E-4, -0.005143790599445227, -1.9477190902791723E-4, -0.004224360135876613, -0.0031941697151499017, -0.001668174173518491, -0.005223445889289111, 6.461605773905002E-4, -0.005689816196309367, 4.928431116819996E-4, -0.0028256736177945828, 3.0141466240532673E-4, -0.003749940703951072, 0.0010245011880923353, -0.0017926083987006495, -4.892239852032549E-4, -0.0054397712627789205, -0.004656512586505131, -0.00533313817940637, -0.00450384656293788, -0.0045417347446087605, -0.004435205773437437, -0.004070869176857167, -0.00417886425715015, -0.004189023782077323, -0.00219206414291883, -0.004182752432891899, 7.172638818193043E-4, -0.0027895861961931083, 0.0034749411906100057, -5.229132580407354E-4, 0.005473821350211024, 1.5923004271673835E-4, 0.005022699256764159, 0.001996518056012045, 0.003918429325315803, -9.321854638027376E-4, 2.5115844630508016E-4, -0.0020835234986284028, 6.028163527615714E-4, -0.002089465864896185, 9.733368480767605E-4, -0.0021553205009505316, 0.0011863244809056522, -0.002904542416420467, 2.796950690524703E-4, -0.0040051583857543, -9.494467114396319E-4, -0.0064286703537852425, -0.0025228025242217244, -0.007154597915881929, -0.0033088334339427023, -0.007976652934183086, -0.0014708558832378532, -0.007052696024766875, -0.003908020836326097, 0.003058056586171339, 0.002840818807339871, 0.004608895527134395, 0.0016884690808102961, 0.005673822297595864, 7.499055985875284E-4, 0.004994720993986956, 7.17431849258046E-4, 0.0023718395013343973, 0.0014614225374563498, 7.852804647854156E-4, 0.001037560729586099, 8.640896871504355E-4, 8.819262689677243E-4, 0.0014583551737684703, 0.0013982257073677606, 0.0018903748337805453, 0.0017354018118215832, 0.0020896778650233714, 0.0017671423563039453, 0.0013843405554082727, 0.001653928209630682, 0.001984973256706955, 0.001055072257092104, 0.002645764039064514, 7.380754452119096E-4, 0.002291962809489681, 0.00111512054433651, 0.0012925076433708282, 0.002078540455320638, 5.447045035957311E-4, 0.002768755479059269, 2.284084573999372E-4, 0.002156814941323138, 4.260454757609548E-5, 9.965860900904744E-4, -4.006948651940084E-4, -1.7661880257244516E-4, -1.563211313073766E-4, -0.0010030957548079614, 5.281137437920034E-4, 8.861939890182605E-4, -3.13404752052895E-4, 0.0013513265521231661, -7.218655666442696E-4, 0.0016596624457054427, -0.001268664604835778, 0.001784566689420443, -0.0020694228338734295, 0.0021224958131416164, -0.0022745551174291195, 0.0028797357850412833, -0.002089007468964687, 0.002719791289580488, -0.0010746971900103496, 0.0019235795566322266, -0.0016386172518823277, 5.555311820890167E-4, -0.0010034843140779288, -6.271121006650334E-4 ], [ 0.005405957667649784, 0.004943373937372693, 0.005670170571407254, 0.00469585479473412, 0.006403512856163995, 0.002619884505466037, 0.007163254949405354, 0.0014099489691898428, 0.007685186350302353, 1.4579774308880468E-4, 0.007130092236528977, 8.727679401472662E-4, 0.004435519407756811, 0.0014679412218419935, 0.0042269933196904756, 2.7031518386898333E-4, 0.003252218864491093, 4.635089976850706E-4, 0.0014846736699376654, 0.0020790311872659166, -0.007274882170781183, -0.005779829793244113, -0.007162402319921681, -0.0059732591601858315, -0.005996568028933123, -0.008214886425870616, -0.006136815296339421, -0.009463892495182744, -0.005458831658060417, -0.009664693373861359, -0.0038468921515825635, -0.008598231908589155, -0.004294342818509648, -0.004998281487271012, 7.261610261323415E-4, -0.00762760330724801, -1.2273663649043872E-4, -0.004075449061781711, -0.001427655692499247, -0.0031254942099065873, -0.008305865425863094, -0.007066678104984412, -0.008496192553208881, -0.007227731921865453, -0.007872326293843247, -0.006888998092391373, -0.008511441991918877, -0.0066149007751782445, -0.008523476242740462, -0.004893378503319002, -0.007082927251410093, -0.0019735307505847075, -0.004339804493440335, 0.002979335307366629, 1.3742214078053618E-4, 0.005341238877474235, 0.0011235105928443958, 0.006415731445740948, 0.0028489938095628753, 0.004324215083043301, -0.001135672687513317, -0.0011843667952466605, -0.0018428440029720056, -0.0025138904485155354, -0.0018634659762106062, -0.0029884062991901578, -0.002082216185009188, -0.003462930840680003, -0.002100140989148544, -0.004567672259988709, -0.005282565397864324, -0.006554579963402448, -0.010713247495275309, -0.007903434334175641, -0.010091013359392375, -0.012182203560595238, -0.010982274479464517, -0.009575930003456867, -0.010136723675558092, -0.011122098643488149, -5.254702548566743E-4, 0.0018094402311584882, -5.692029994968773E-4, 0.0035092777256949923, -3.6123206880198366E-4, 0.0029526320383952724, -9.48728809555799E-4, 0.002494175187086306, -0.0033554014737543674, 0.002473273103094662, -0.002953611504897089, 0.00226184585344248, -0.0015674497685668814, 0.001919113123320409, 0.0016836287192051034, 0.003265237000752615, 0.003649495950317564, 0.003390946631301129, 0.003545476017210582, 0.0037156156617162567, 0.002540903452934274, 0.0026645844584981915, 0.0036446960694822414, 0.0027396037031835138, 0.004760790466731394, 0.0023891921089087167, 0.005586200403303682, 0.0018682860952863372, 0.00669804745709842, 0.0017690462459975457, 0.007722984342068405, 0.0013081770361472408, 0.007907409521759532, 7.564500016838666E-4, 0.004947734379080768, -0.0015331194130890915, 0.003126658982304089, -0.0022113875958951106, 9.585140938720028E-4, -0.0013061295734747248, -0.0028256937715384588, -0.00380129865312504, -0.002628564928042215, -0.004602463035091181, -0.002318478896116913, -0.004950408726136781, -0.002253948947607336, -0.0053657095428800965, -9.770772623418922E-4, -0.004783179152728658, -3.455291795351823E-4, -0.0030567914371478844, 3.0390488343703395E-4, -6.327166807753819E-4, 0.0010660076899311538, -8.185641098570472E-4, -8.002611523157925E-4, -0.0013956308940306398, -0.0012133291101811394, -0.0024996220515550354 ], [ 0.0018590964498608133, 0.0015719786114063823, 0.0018465756923362689, 0.001667986040633341, 0.0016962267199292498, 0.0018638220448063013, 0.0012338560313804108, 0.0032527068198856725, 1.4579774308880468E-4, 0.0043658650070911575, -0.0012115645432552405, 0.005325012968192387, -4.8699843569617205E-4, 0.002715371422925037, 0.002329200066000373, 0.00163032920208688, 0.0022532491691451577, 0.0013776172578326953, 0.0022657373758325603, 0.0016616268473126348, -0.0041907438868736685, -0.00449821437174161, -0.003496999671498382, -0.005592616465050184, -0.0019623147893362133, -0.005622856291473256, -0.003332408387105862, -0.003102838103195466, -0.007992732409087688, 6.679561088699694E-4, -0.011303048031674761, 0.0028197663227298476, -0.009210258540998783, -4.043951518227769E-4, -0.004308604201339798, -0.0011243848439666682, -0.0038787271045514753, -0.0013303766992921958, -0.0016931121115336398, -0.0022001016963005093, -0.002944380855131066, -0.002333753623563985, -0.002967749445198812, -0.0022507087906274235, -0.00270117859148459, -0.001998105841217058, -0.003115368522110961, -0.00199282096880451, -0.004662846171458785, -9.238755276057152E-4, -0.006104749540212145, 2.7354872158691216E-4, -0.005780700784876604, 0.0011492431880833947, -0.004659370719574198, 0.002042826586901721, -0.003209711105799834, 0.0011853988432159912, -0.0011416610854227322, 1.6396519349102593E-4, -0.002349188605686189, -0.0021943041503400445, -0.0036291286298495537, -0.002097237885494766, -0.00494086051696839, -0.0013222155054495501, -0.005509993567512229, -0.0014237850068402203, -0.006928326100603219, -0.001105774538362702, -0.008360476884397342, -0.0017424874430819939, -0.008238235568365247, -0.0040373115259178015, -0.007647659474370934, -0.004302342870643283, -0.008656160222153077, -0.0031846984379635774, -0.007505835613852917, -0.005059576910909124, -0.0020916835003180166, -0.0018466322121524926, -1.8943144434811852E-4, -0.00234420997487168, 0.0016488647319398905, -0.0024389474342470904, 0.0010717161635557249, -7.064639641662322E-4, -0.0017461369034112513, 0.0012815844430749499, -0.0027895500973166977, 0.0014650720235464653, -0.0012609836044343483, 8.694151687398603E-4, 5.353642243900317E-4, 3.018142725482203E-4, 0.001145442751614131, 4.12523989552381E-4, 0.0013467182709733655, 4.3011937935521344E-4, 0.0020016854998578222, 0.002193355799485479, 0.002864797496547355, 0.0021443176045756428, 0.003863615363166051, 0.0024064744746541775, 0.003923962212296844, 0.003116447188747159, 0.0031803861544110225, 0.0036914098038497776, 0.002555164688951966, 0.0039013096076936987, 0.0017028612458702072, 0.002353019684869298, 8.692885653808487E-4, 8.358098809321637E-4, 5.005524030299573E-4, -2.8523620768859063E-4, 5.001830918240774E-4, -7.308641147045435E-4, -0.0038609436472898935, -0.0038376261001292706, -0.004601787110875527, -0.0035518400627674923, -0.005284504029476011, -0.0030883531999361686, -0.005887146239749917, -0.002686443408778172, -0.0065162632715744725, -0.0013944820429814234, -0.00575368341484174, 4.422616088263782E-4, -0.004706301586620598, 6.435965223783578E-4, -0.0032086152979181833, 4.45325484238871E-4, -0.0025032570888153093, -3.226908530519307E-4, -0.0015327933460185456, -0.001241761347537982 ], [ 0.003445089361573846, 0.003362396043153632, 0.003352551483600229, 0.0037140990299954716, 0.003532053692724883, 0.0020120061584854637, 0.0048186027318631985, 4.5506892061909635E-4, 0.007130092236528977, -0.0012115645432552405, 0.008446889379200248, -1.3371259142682464E-4, 0.006030177749663742, 0.0023703493898333946, 0.004110494744032423, 0.0024669359444218966, 0.0034504911862689334, 0.002376931824656607, 0.0021620873682296473, 0.003765494347202497, -0.010267264671208986, -0.008069331966444632, -0.01071870564390936, -0.007727077374041715, -0.009932105766029474, -0.010030740034546189, -0.008737909450560563, -0.012606298226263388, -0.005352796187941544, -0.014249744023603671, -0.0016554668761137729, -0.01318931231114149, -0.0026684208072319223, -0.0060317232296444095, -0.0013186973351409352, -0.006682022516851573, -0.002265873455411101, -0.0034198247971960584, -0.0031434174506222113, -0.0031321527530934613, -0.006530229647323102, -0.0055356502531019956, -0.006713694352306241, -0.005600298865039772, -0.00638368350504832, -0.005508053842622725, -0.006847065048951585, -0.006249201549788306, -0.00648961139283016, -0.006172270301848747, -0.005520172701781518, -0.004526145132718913, -0.0035498758424754723, 9.535087129579286E-4, -4.822773278932395E-4, 0.002613793366946043, -8.474454809747928E-5, 0.004099539713794362, 7.897485869089657E-4, 0.0020813177592513867, -0.002132728484935944, -0.0027890000984047937, -0.0031778781336424707, -0.003841282076684329, -0.003405513332935506, -0.004459922806097083, -0.003899302861063196, -0.004986662557942364, -0.0041914248166922945, -0.00606239856021205, -0.007134900721942956, -0.00809498980835545, -0.013039711574197345, -0.008884891541520678, -0.013807331359771843, -0.01233330202642469, -0.01334415448351368, -0.010893176964839671, -0.011240491572480351, -0.01217015578222604, -0.004743041060778324, -0.0018569113850983756, -0.004670391909748731, -8.161191158863475E-5, -0.004335192591109245, -7.046455024381875E-4, -0.003400908685468984, -0.0026079226619924794, -0.0023883595623523813, -0.004019062610076519, -5.383893874623513E-4, -0.0027856231582794335, -7.645038752983173E-5, -3.975563926727783E-5, 0.0019443071365443413, 0.002771507780270414, 0.0029486193985521934, 0.003136813870758485, 0.0028578033924342885, 0.003229011267726992, 0.002393094864627815, 0.0033030184904759403, 0.003477709627914639, 0.0037907121887225843, 0.004738383359164211, 0.0038479485805721038, 0.006057192837780668, 0.00385609823444278, 0.007493842800064017, 0.004269304268310705, 0.008759542779745597, 0.003356829004639016, 0.009142410332287085, 0.0024890264140895743, 0.005490621127918088, -1.5721058696663293E-4, 0.0031954676096042816, -8.776154489064121E-4, 0.0010450673842829477, -4.804429296558143E-4, -0.00617659745859994, -0.00738912541154756, -0.006090438176729682, -0.008023002512604367, -0.005970082289943862, -0.008227655903772012, -0.005849513332726151, -0.008084054057598213, -0.004449745427110924, -0.00682464276662682, -0.0028550200478591166, -0.0047227557174637485, -8.23527102557818E-4, -0.0016129325689735593, -7.061483975483824E-5, -0.0016481423180649778, -0.0017475174118273176, -0.0017059480673323, -0.0019603545716301045, -0.002865652247601896 ], [ 7.610943885101075E-4, 1.0118313522517776E-6, 9.495866888088421E-4, 6.693599862567818E-4, 9.221217716512206E-4, 7.846149437642144E-4, 0.001137685765168478, 0.003092211761927, 8.727679401472662E-4, 0.005325012968192387, -1.3371259142682464E-4, 0.008237438620523438, 0.0011057228092956513, 0.005662624931264302, 0.004853626624573856, 0.005476829846230272, 0.005461780442936852, 0.00429527884213998, 0.005569087135723893, 0.005100047380268879, -0.013729306255536911, -0.01375809272848446, -0.012114236428662863, -0.01463173317029923, -0.009489772272010021, -0.014365783083784734, -0.010754026352332295, -0.010959900452312085, -0.016267225962859774, -0.005907345639773018, -0.019638282481059564, -0.003187826474007742, -0.01599932844514897, -0.005459004621432313, -0.00909828999103005, -0.005187599148996502, -0.007810973740174413, -0.005275158807979375, -0.004832077365823417, -0.006342171688869079, -0.0038725269558428452, -0.002887672749974006, -0.004074026259470116, -0.0029576409713896355, -0.003773667841882171, -0.002576831744339466, -0.004771123387944515, -0.0032214097893800996, -0.007291902186483537, -0.002994330286016789, -0.009833196668741535, -0.0027598225414308597, -0.009996766164536085, -0.0014571925451271636, -0.009144046705629908, -8.137064945474853E-4, -0.007161052698820768, -0.001595163789004784, -0.004563252280453835, -0.0033136368137133537, -0.005511886601782152, -0.006440818638771421, -0.00799384677800154, -0.0070331515032559105, -0.01091212658617775, -0.006361565637404707, -0.012688220669114722, -0.0072343375818474, -0.015454537180915013, -0.00637242937557534, -0.018230185086265196, -0.00790461509544951, -0.01825584655469522, -0.010998294466275624, -0.016836210659330924, -0.01134898850456759, -0.017704757258127427, -0.010820641028914455, -0.015317939734052656, -0.01307047587922763, -0.010711252938069293, -0.008847906443300125, -0.007536781249329785, -0.007804430576047426, -0.003819282180705497, -0.007244660580476798, -0.002957646796492195