{
  "weights" : [ 0.15830866640278474, 0.16825372349450524, 0.13936606065501078, 0.15838046705885864, 0.13873612093617022, 0.16153312270455414, 0.12648181999719135, 0.16122005326190114, 0.11982712821459919, 0.13162677077132962, 0.12060450773874037, 0.09595809153897836, 0.10151017087022057, 0.05766823317317417, 0.10200359180079786, 0.03570158855094622, 0.07443906229700267, 0.068960644184713, 0.06448729885875785, 0.08374514896180514, 0.05165057927167274, 0.04521755398368081, 0.057383545338626586, 0.042999052702675185, 0.05846391252906691, 0.04311962091937132, 0.045975388422339586, 0.04381925690584661, 0.034201764340299694, 0.03228887524203423, 0.018391088715348922, 0.015746506349102785, 0.01566684824698459, 0.006080506456784068, 0.032323588471086066, 0.007364046334763123, 0.008118350205499171, 0.018388560891696118, -0.001855342396803195, 0.016384870134518528, 0.9555015534504222, 0.9574409366320952, 0.9640388659538917, 0.9656178084787727, 0.9718865321795178, 0.9740922504195478, 0.9782141072690772, 0.9782135062220974, 0.964156172153399, 0.9568780776207879, 0.9221650624300128, 0.9100421384812954, 0.8682550812843985, 0.8557048481446397, 0.8093904295217905, 0.8171129396030703, 0.7551971807079482, 0.7991119974147584, 0.749203691595528, 0.8093819677500529, 0.09010089474982005, 0.0836918064947164, 0.09918102995038074, 0.06148425829836199, 0.06365405491224957, 1.5290176221603106E-4, -0.02493255565606838, -0.10555158260069224, -0.19382836381402768, -0.24753139303425897, -0.3573772398434242, -0.39608175697320447, -0.4835291429582775, -0.5078765471351198, -0.5742380981740856, -0.5729726955963217, -0.6490063408781515, -0.5927966761670986, -0.6565307049444455, -0.5769332107537084 ],
  "covariance" : [ [ 7.62447331556689E-4, 0.0011725832959913263, 5.82350468712761E-4, 0.0013233270894108633, 2.9577195117135274E-4, 0.0012431672736334784, 2.841762520106419E-4, 0.0010123830126756148, 3.757503682581475E-4, 4.7428266097621985E-4, 5.9117941222803605E-5, 0.0012602104737543612, -1.1189163625448321E-4, 0.0011569408846440587, 9.077713880586726E-4, 5.2808719346225E-4, 9.870290297683568E-4, 6.892787510408081E-4, 6.554559926790564E-4, 0.001055245152353722, -4.2416091451663384E-4, -3.153152061197318E-4, -5.059486629922574E-4, -2.4679049117596295E-4, -6.048119434179672E-4, -1.3175069599372975E-4, -3.0040789154249704E-4, -8.326599865092211E-6, 2.9883727313086424E-5, 1.0743084679772045E-4, 4.3465296413644E-5, 5.101170953447164E-4, -2.2672919816771445E-4, 5.759319942404995E-4, 6.296271593757018E-4, 4.441652335756049E-4, 3.5602767098738563E-4, 4.6867690889577875E-4, 2.917529161184937E-4, 6.724146908295653E-4, 4.529584581852529E-5, -8.442095819559524E-5, 6.522384811466888E-5, -1.7764670952720855E-4, 1.5164442089165298E-4, -2.1767247663865405E-4, 2.123435494623626E-4, -4.083802723380106E-5, 4.060330950468972E-4, 1.0769947676546738E-4, 6.980128632370957E-4, 1.2341166794046008E-4, 5.211959764111268E-4, 3.7020210182509515E-4, 2.050031206248132E-4, 3.340766280377982E-4, 3.975468647413589E-5, 3.3169186567392757E-4, -4.9307004471580015E-5, 2.616065970166291E-4, 7.72115061971836E-4, 5.818023623778614E-4, 5.160407487692508E-4, 0.0011113367042095172, 4.042546346080743E-4, 0.0014616068858550068, 4.8638284089559805E-4, 0.0018999324698330794, 8.128967583980435E-4, 0.0016018877366494708, 0.0011173701152354264, 9.054209442964115E-4, 7.057452792657963E-4, 8.789136023867751E-4, 3.2482853903882604E-4, 6.300087550739969E-4, 2.134531021227333E-6, 6.08621734681969E-4, -1.225844661374907E-4, 5.150108082064351E-4 ], [ 0.0011725832959913263, 0.002442549462422379, 5.252422657681678E-4, 0.0026564494653604437, -5.649982357835238E-5, 0.0023773282496871158, -1.6304608392926588E-4, 0.001919144330421433, -2.224623100520081E-4, 7.949053084776848E-4, -5.935121894203113E-4, 0.0016428530559182948, -1.0252020429713508E-4, 0.001530524315678222, 1.4121953627343944E-4, 9.970848831197835E-4, -6.915510965031138E-6, 0.0015246874962199068, -5.78662055084152E-4, 0.0016167195443894118, -0.0018738147488284432, -0.0017217970111297496, -0.001977115130308038, -0.0013819972978568785, -0.0021763766008693784, -0.0010926931075378263, -0.0015913169392910394, -8.939988651380802E-4, -0.001031988680694492, -7.713673579764048E-4, -7.370013136272888E-4, -1.9397087500854475E-4, -7.62510334747075E-4, 3.164979151573998E-4, -8.370972348614128E-5, 5.30000129789897E-4, -5.132135302983526E-4, 7.576365338539794E-4, -8.005306939026231E-4, 7.719324218863954E-4, 1.8393497354896526E-4, -1.8988560738116597E-4, 2.0292641217484759E-4, -3.200052698053254E-4, 4.155211771815937E-4, -2.619757732792376E-4, 7.037590114341704E-4, 1.6831588965038243E-4, 0.0012271792981795487, 5.607837624776913E-4, 0.0018294082847282926, 5.255130750131599E-4, 0.0013184068399158826, 0.001243552787999581, 3.8845662109024057E-4, 0.0010341969700797037, -7.217582251206924E-5, 4.432508079248717E-4, -1.556599652287325E-4, 3.2930146734150013E-4, 0.004458103317745155, 0.004266426268177052, 0.0037456429205364626, 0.004676685513941682, 0.0033879391629153145, 0.004682743248550397, 0.003495338922153785, 0.004142071821719259, 0.003757963447658722, 0.0032145203616691076, 0.0037537518993238854, 0.0015473485831894588, 0.0024383247450752415, 0.002094743419705961, 5.453347172505672E-4, 0.00159858515973108, -2.9326535871711137E-4, 8.624095899354574E-4, -4.5273330142955046E-4, 6.345004401323652E-4 ], [ 5.82350468712761E-4, 5.252422657681678E-4, 9.336683856634899E-4, 5.240537738570891E-4, 8.984158200050435E-4, 5.764483063732141E-4, 9.869996567215705E-4, 3.1399709435601226E-4, 0.0011222146478826077, 9.56948897519857E-5, 5.48293791292138E-4, 9.849052591274238E-4, -1.1568424790132071E-4, 0.0013295853841626274, 7.46282658990944E-4, 0.0011233797600269319, 8.56166411226851E-4, 0.0010435735623656117, 8.006721348447369E-4, 0.0011622589739036034, 2.901420283341941E-4, 3.741442834210878E-4, 3.089627251228038E-4, 2.279178291544397E-4, 2.3237320311414407E-4, 3.1321467646692596E-4, 4.06577269365642E-4, 3.849459267498554E-4, 7.849433331388726E-4, 5.511619299888853E-4, 5.848251710945634E-4, 7.525464373279716E-4, 4.0873214863702497E-4, 8.34198065576806E-4, 9.66017928486812E-4, 5.116831333015568E-4, 6.301263515382881E-4, 5.403647979389235E-4, 7.44626778722306E-4, 7.490002608392107E-4, -7.215915005808499E-5, -3.8562275735747705E-5, -6.0511318704366457E-5, -1.041286483742709E-4, -5.918144361389265E-5, -1.9882006982095498E-4, -1.8933152739385623E-4, -1.2691291235855678E-4, -2.47052833718155E-4, -1.6467043438795614E-4, 5.035797495097434E-6, -4.190106465071152E-4, 2.2636192794774624E-4, -3.891141043610323E-4, 2.9567341009933734E-4, -1.5019035071160065E-4, 3.06787064616073E-4, 4.783347110146808E-4, 2.717167491655861E-4, 4.1815825039154963E-4, -0.0012467414458780552, -0.0016893146309776197, -0.0012133076227866062, -0.0010636543178135724, -0.001413773515204667, -2.6744145548301143E-4, -0.001576136963580071, 6.019698184429576E-4, -0.0011742788601134717, 6.570684681014377E-4, -5.155389573603323E-4, -1.5462200271375228E-4, 1.297879379097181E-4, -2.452516046375469E-4, 3.824663835842604E-4, 7.085560594597795E-5, 3.0459352149096513E-4, 8.295393308229329E-4, 2.804927929622405E-4, 7.636197366259742E-4 ], [ 0.0013233270894108633, 0.0026564494653604437, 5.240537738570891E-4, 0.0032633116939560737, -2.7344953945375054E-4, 0.0031311410472931985, -5.985700344292824E-4, 0.0028265402918791886, -5.887003711618302E-4, 0.0013609060388622303, -0.0011305194671553502, 0.00255464035113225, -0.0010130604064792258, 0.0021935832178474825, -2.8643557744789856E-4, 0.001223403648402755, -2.4205405060407837E-4, 0.0017627231992220567, -6.953470073392589E-4, 0.001733748309230638, -0.0022566560880916595, -0.002191313692747227, -0.0024005940309240943, -0.001778398247110145, -0.002552775186154178, -0.00142637539526895, -0.00191710715981898, -0.001149777785386952, -0.0013505652910324071, -8.352212662534829E-4, -0.0011814823079076013, 2.563020620990009E-4, -0.001436462465294784, 6.495073854809908E-4, -3.2475935531810636E-4, 7.344161041475217E-4, -8.723826353236164E-4, 0.0011081119491765745, -9.889776527734167E-4, 9.135845355534208E-4, 1.263223521567552E-4, -1.9725031880185207E-4, 1.682841564301706E-4, -4.0636277345141593E-4, 4.6266938712222173E-4, -3.309670946351433E-4, 8.408331298435172E-4, 1.3852958629640842E-4, 0.0013892422725473117, 8.171066331046131E-4, 0.002036370128394531, 8.09619189673737E-4, 0.0016260771159958274, 0.0013270898173747014, 5.714930633090405E-4, 0.0011833087343422954, -1.469472657316754E-4, 8.397034439324062E-4, -1.4335314569083977E-4, 5.780644316070128E-4, 0.00578024529026714, 0.005542970745491747, 0.0047550327713933305, 0.005828058346380954, 0.004336658957155988, 0.005504111047535917, 0.004615066289482423, 0.004698060383336722, 0.004517779177805812, 0.004543109030591396, 0.003915705651372953, 0.0027078568672592894, 0.0025879871489550834, 0.0025744282944764924, 6.441773741894957E-4, 0.0019740333612713974, -5.3416722556936E-4, 0.0015081703175564246, -5.355641082544622E-4, 0.0010237308089381034 ], [ 2.9577195117135274E-4, -5.649982357835238E-5, 8.984158200050435E-4, -2.7344953945375054E-4, 0.0014543137291668543, -1.784729638847002E-4, 0.0017158627805165885, -3.113184876173888E-4, 0.001727312284658519, 1.3149172138882028E-4, 0.0012535333584836644, 7.116450074296161E-4, 0.0010099320485005058, 0.0013583055782386798, 0.0015858938265400158, 0.0014878342826924842, 0.0017307226014096836, 0.0011773773093769022, 0.0016310787297524657, 0.0012975065867305074, 0.0019116899073629502, 0.001821276285576471, 0.0019890047018356624, 0.0014390365931048344, 0.001939371367813763, 0.0014687270406597364, 0.0017222388681215376, 0.001550343487521953, 0.0019143098195695332, 0.0016319638767173248, 0.0014364681022835835, 0.0013447895226391562, 0.0014826384107174964, 0.001202930907201832, 0.0016460338422080822, 7.90502951149491E-4, 0.0014029806329298295, 7.032976629656262E-4, 0.0016373879469564212, 9.957975413215588E-4, -8.22900548445318E-5, 8.631960395268086E-6, -6.798431744067938E-5, -8.463647907869202E-5, -3.025264301297879E-4, -3.4348902015217945E-4, -6.741324128797077E-4, -5.609028192423091E-4, -9.406406632024413E-4, -8.344319169167121E-4, -8.518509088166894E-4, -0.0010325787884771975, -5.079304766897792E-4, -8.786223516295459E-4, -9.325409689350818E-5, -2.624635925597039E-4, 4.691412181373993E-4, 3.1800137518331713E-4, 5.742122536991508E-4, 5.806627053326605E-4, -0.00579080017226457, -0.005844320103637611, -0.005028457819056726, -0.00481621396167755, -0.004868676078930442, -0.0031374692885847407, -0.004812508253776914, -0.0016727752072837956, -0.0033396381710042305, -0.0014300721708748868, -0.0020238155287968756, -0.0015883215340932763, -7.536862634677987E-4, -0.0011041994774019796, 2.917456918489384E-5, -1.263521713444268E-4, 6.297965175423414E-4, 5.925180321553354E-4, 7.564582805365371E-4, 9.72683739841689E-4 ], [ 0.0012431672736334784, 0.0023773282496871158, 5.764483063732141E-4, 0.0031311410472931985, -1.784729638847002E-4, 0.0031757689349696003, -6.098664121538535E-4, 0.002943923720813257, -5.512587989642474E-4, 0.00136297039750693, -0.001317686823123515, 0.0029139559504053067, -0.001499976676325661, 0.0024334850603051064, -5.466641935272575E-4, 0.0016579369863798494, -5.966808452272916E-4, 0.002204812942529489, -8.27314477220892E-4, 0.0018695518977623914, -0.0020272078013597143, -0.0020597579010309675, -0.0021636268201648007, -0.0016931589474243926, -0.0022822274679747787, -0.0013047079769988646, -0.001760706941886284, -9.877892153551263E-4, -0.0012575633370966728, -5.942144308209143E-4, -0.001331182105324089, 6.734476837656055E-4, -0.0015127579486775922, 8.555000164892083E-4, -3.43533974331029E-4, 9.632620125888331E-4, -0.0010585224308787369, 0.001507260311656776, -9.745187945892832E-4, 0.0010858251515393122, 6.370405725806768E-5, -1.3838688130335907E-4, 1.1537481704063913E-4, -3.82127653945988E-4, 3.807171615048785E-4, -3.342449222375633E-4, 7.140607079168663E-4, 7.698785859001911E-5, 0.0010755998763211027, 8.440426064463408E-4, 0.0016265850707417261, 6.76958376394885E-4, 0.0014457445852923102, 9.347320966329318E-4, 4.7599366801549787E-4, 9.691367322064215E-4, -2.759984716426829E-4, 0.0010467992522584816, -1.3773886698336194E-4, 7.504570404634501E-4, 0.0052658148306735705, 0.004967622637467035, 0.004214549303199099, 0.0052034628030331615, 0.003770313366663565, 0.004954821790415204, 0.003842726926801445, 0.004307898948793911, 0.0033439209998369504, 0.004763230429813983, 0.002609491495146678, 0.002822123981554614, 0.001901369070756942, 0.0022080840335700212, 3.1988176810074164E-4, 0.0018524638968838128, -8.349370970991401E-4, 0.0018878028467675472, -5.996628778418942E-4, 0.0012994456767811881 ], [ 2.841762520106419E-4, -1.6304608392926588E-4, 9.869996567215705E-4, -5.985700344292824E-4, 0.0017158627805165885, -6.098664121538535E-4, 0.0022435672634691602, -9.276042500557544E-4, 0.0024456212502867026, -2.45972568845707E-4, 0.00201511271105448, 1.2417456413498472E-4, 0.0016892750643814488, 0.0013996321623368133, 0.002087034567116749, 0.0014728816822831407, 0.0025387644541724867, 8.630006070353864E-4, 0.0024688810956507473, 0.0013670015317430147, 0.002366867334578474, 0.002347472811256958, 0.002517376641968523, 0.0018582286543234211, 0.002476342446996158, 0.001826648537051712, 0.0022324428722086485, 0.0018380086243569218, 0.002471090474079174, 0.001832899244661056, 0.0019847082544667102, 0.0012583380349464209, 0.001897556785432253, 0.001333085380742377, 0.0018964104632499638, 6.687818717195388E-4, 0.0019291412505649769, 2.444842857015578E-4, 0.0022274558328770704, 8.623976058540557E-4, -2.434536186267095E-5, -9.019218103181441E-6, -4.945911115421409E-5, -7.971659917329146E-5, -3.68366420316612E-4, -3.6554832113813474E-4, -8.678510751237914E-4, -5.944487417256589E-4, -0.0011617617029460983, -0.0010120813135642609, -0.0010667824532276798, -0.0010690708226862783, -7.526420671957121E-4, -7.400860817403992E-4, -6.962764255921078E-5, -2.7927574338192204E-4, 9.443563798526164E-4, 4.8182895301812525E-5, 0.0010304342696227217, 5.86075006667164E-4, -0.007426015905591441, -0.007228123798456444, -0.006281131308718162, -0.005948500476655013, -0.00601653596433734, -0.0038749322819600913, -0.0059069635342648644, -0.0019246965871679378, -0.003986600256363157, -0.001995855752588099, -0.0022354177840084788, -0.0018291705173696553, -9.57427359659974E-4, -9.085720340737432E-4, 1.1777127958791666E-4, -1.3382475624965933E-4, 0.001273817439377883, 2.4256685395899287E-4, 0.0013631020538072563, 0.0010066046811682047 ], [ 0.0010123830126756148, 0.001919144330421433, 3.1399709435601226E-4, 0.0028265402918791886, -3.113184876173888E-4, 0.002943923720813257, -9.276042500557544E-4, 0.0034542134018021734, -0.001581472250715808, 0.002592496944680801, -0.0016746021085303814, 0.0032560999217973443, -0.0011319224963309495, 0.0019408146724854108, 1.5507614593824768E-4, 7.278627655802082E-4, 8.342952855408214E-5, 0.0014466385330379702, -4.601327435514062E-4, 0.0012397785406788437, -0.001089135321741373, -0.0012713026681619843, -0.0013348477167051116, -0.0010194692615201925, -0.0014066725208161678, -7.826406363778197E-4, -0.0010543424487486775, -4.334806844308889E-4, -8.163107128548667E-4, 4.885996866207433E-5, -8.104262959201364E-4, 0.0011657071421602963, -0.0011550723843852498, 8.87562192436079E-4, 1.6219908706536807E-4, 9.308249364004487E-4, -5.532568641072069E-4, 0.0016058596741960855, -6.15396540320563E-4, 0.0012011189550865623, -6.235174903209007E-5, -1.462127219664907E-4, 7.089323413949913E-5, -3.959925995192085E-4, 2.950452250232881E-4, -4.057466154443088E-4, 5.965077848474163E-4, -2.3469987291780816E-4, 0.0010326469458981575, 4.7418976668487647E-4, 0.0014085257513426353, 6.312122959654897E-4, 0.0013002792225752008, 6.621269416269555E-4, 5.226748919664866E-4, 0.001049010659425668, -5.596933526628051E-4, 0.001106861447479444, -5.671348188242542E-4, 5.881921314244423E-4, 0.003621626746672299, 0.003216938400438217, 0.0026934586207741223, 0.003351756434755379, 0.002828576808704363, 0.002696156964444792, 0.003974492433129071, 0.001867712578110339, 0.004195321864806577, 0.003463644656457414, 0.0027874531427515914, 0.0025913455599473447, 0.0019635377460178204, 0.0015910422845170835, 8.845358721099162E-4, 0.001573362267083699, -7.451639276936777E-4, 0.0016584793488177972, -7.897353735309537E-4, 9.339548301000335E-4 ], [ 3.757503682581475E-4, -2.224623100520081E-4, 0.0011222146478826077, -5.887003711618302E-4, 0.001727312284658519, -5.512587989642474E-4, 0.0024456212502867026, -0.001581472250715808, 0.004086315046388471, -0.0014863992076310187, 0.0027837220661850117, -8.788380995703761E-7, 5.090619706566593E-4, 0.0024603631108704254, 0.0013873587210721373, 0.0018961642212730087, 0.0028185893971083105, 3.898530339572323E-4, 0.0032142190621353693, 0.0012938720248335386, 0.0016823411253712923, 0.0017700383540568002, 0.001953636863368536, 0.0014004211934043665, 0.0020055682945158753, 0.0014578037294954462, 0.0018477581942887922, 0.001397956347387289, 0.002258051925633812, 0.0014035379566933214, 0.0015432127416233792, 0.00138213360661975, 9.969194055025696E-4, 0.0017946031062279423, 0.0014761701278137012, 5.381040630895326E-4, 0.0019199341302581997, -4.656247272011746E-4, 0.002553779685464094, 3.3580601594140907E-4, 6.310835844417458E-6, 8.275572807496898E-8, -1.2085586486393137E-4, -1.0784639487395651E-4, -3.297551497957477E-4, -3.8804207022279287E-4, -7.453954272122565E-4, -4.856274429444849E-4, -0.0010841516360562662, -8.559560904779554E-4, -7.762490482722508E-4, -9.982758100666232E-4, -5.575656616790619E-4, -5.34193138533031E-4, -2.7448779988542943E-5, -4.510259686038255E-4, 0.001575983835502608, 1.720752759218299E-4, 0.0018566180279986381, 9.263892939897011E-4, -0.006283424109936781, -0.005646959596697999, -0.005170474287061985, -0.004186515284362375, -0.005719969211549357, -0.0015838598612073218, -0.006605541751173435, 5.600797041965943E-4, -0.00494949195961517, -9.34543862825158E-4, -0.0022096900470483104, -0.0013174932287002123, -0.0011472398287855742, -2.1176079299258692E-4, -3.8903895858393296E-4, 9.874239269237441E-5, 0.0015579342469385833, 7.192278132228556E-4, 0.0020108165708750967, 0.0016090947082539086 ], [ 4.7428266097621985E-4, 7.949053084776848E-4, 9.56948897519857E-5, 0.0013609060388622303, 1.3149172138882028E-4, 0.00136297039750693, -2.45972568845707E-4, 0.002592496944680801, -0.0014863992076310187, 0.0035765464428762456, -5.898865059932375E-4, 0.00238399861581312, 6.680998699571243E-4, 0.0012561454769584451, 0.0016745416218514292, -7.301759429490182E-4, 0.0023140745598767675, -5.746315081877488E-4, 0.0012602597850476177, 1.125883176621037E-5, 0.00114232812787456, 8.559940001603793E-4, 9.099733782594463E-4, 7.516853576502486E-4, 9.250416300160412E-4, 6.485815973067549E-4, 9.362971321424338E-4, 8.698137510451743E-4, 9.021412655334966E-4, 0.001310576295019393, 0.0011185444623859019, 0.0015403168387970578, 3.897891483260859E-4, 0.0011029115019619716, 0.0013979681531044634, 4.861636076166736E-4, 0.0012872779882445481, 6.383563739438998E-4, 9.435473357312309E-4, 8.84349365693767E-4, -2.2058495222931644E-4, -2.174584934982349E-4, -3.929986200199828E-5, -4.009655571597099E-4, 1.533250066230945E-5, -5.766891757441562E-4, 8.930216521248179E-5, -8.660146549640403E-4, 6.86312655386457E-4, -7.436914805284544E-4, 9.712187579660401E-4, 1.9416154369174634E-5, 8.675718580270309E-4, 2.2937999862566256E-4, 6.982055425076961E-4, 0.0010747192059436445, -3.715730840730941E-5, 8.212457234993155E-4, -3.350707938486124E-4, 3.4751738599194304E-4, -0.001743186149771544, -0.00194426771076746, -0.0017139313400979946, -0.0015015528871734352, -8.794061963630882E-4, -0.0018146876106562332, 0.0018585610376473938, -0.002571307928654749, 0.004711908711940503, -7.978917654947959E-4, 0.0036934255759228946, 2.763029195418156E-4, 0.002543470823144713, 1.9473702333112995E-4, 0.0021203472976103893, 8.904935609181017E-4, 7.151635445494795E-4, 7.074471525001509E-4, 7.064953596435926E-5, 3.6442452002631164E-4 ], [ 5.9117941222803605E-5, -5.935121894203113E-4, 5.48293791292138E-4, -0.0011305194671553502, 0.0012535333584836644, -0.001317686823123515, 0.00201511271105448, -0.0016746021085303814, 0.0027837220661850117, -5.898865059932375E-4, 0.0027572947704912324, -8.320820030129402E-4, 0.0019273128560527702, 8.512690119870141E-4, 0.002694929700229667, -1.7462027190083182E-4, 0.004058706345999896, -0.0014176718788765663, 0.0038860807271758704, 1.6929291555203043E-4, 0.00246949280458145, 0.0025915183044423295, 0.002617829919664305, 0.002146043985191824, 0.0026795382100471637, 0.0019189802284966307, 0.002459812809619707, 0.0017773306825741926, 0.002556459875306732, 0.0016307097574395416, 0.0023202609234283444, 9.703537243929306E-4, 0.0015563918605716138, 0.0011601002733573073, 0.0018933844449189107, -4.3947869339453036E-5, 0.00269874490155288, -0.0012178654881261609, 0.0028955230635800103, -1.507742579968279E-5, 2.9655874535599218E-5, -5.064865548587903E-5, -4.555759383946415E-5, -5.92806420703413E-5, -3.131341588856446E-4, -3.2138767873385776E-4, -7.488366367031297E-4, -5.852350447228194E-4, -8.302568155819541E-4, -0.0011850334345063658, -7.636122557781514E-4, -6.629808472034996E-4, -8.321264467588269E-4, -1.6032169843226563E-4, -2.4068015462678122E-5, -1.984983275518311E-4, 0.0014085362210309964, -4.57347979058042E-4, 0.0013150455206674514, 2.453933592806229E-4, -0.007673710974570854, -0.006925512124011591, -0.006287714155367239, -0.005637188213082014, -0.005971779697741303, -0.0037531107152327936, -0.005526695660552555, -0.0017538266962235996, -0.002992045259983658, -0.0028452495635591926, -9.184140625203813E-4, -0.0015005594308121618, -8.337020789073199E-4, -2.2497008518378072E-4, 3.863050513230569E-4, -2.678081278386497E-4, 0.002075385458317451, -6.459187750136046E-4, 0.0018776460023857394, 4.3205298423736483E-4 ], [ 0.0012602104737543612, 0.0016428530559182948, 9.849052591274238E-4, 0.00255464035113225, 7.116450074296161E-4, 0.0029139559504053067, 1.2417456413498472E-4, 0.0032560999217973443, -8.788380995703761E-7, 0.00238399861581312, -8.320820030129402E-4, 0.004587826493714227, -0.0012233516371521786, 0.003014866331062638, 0.0020986336123035663, 0.0015201668292569915, 0.0020164956259037855, 0.0020002327761745016, 0.001285135314617471, 0.0020547878841542006, 5.874792047995965E-4, 3.032191250423208E-4, 2.6278450938772575E-4, 3.6302695407184655E-4, 1.628303093155423E-4, 6.650093745801214E-4, 2.4825151632444924E-4, 0.001166922836634623, 4.7530421589998915E-4, 0.0016718654474468997, -1.087567676318299E-4, 0.0030443622624213096, -4.794827365726276E-4, 0.001967916670459109, 0.0019400244630412744, 0.0018106120864150952, 8.350074611992214E-4, 0.002457250262633195, 9.255839719011197E-4, 0.002188215700449452, -1.712530213085713E-4, -3.9534111657463106E-5, -7.521191102555487E-6, -4.089460562105773E-4, 9.546140021542021E-5, -7.193394842457361E-4, 2.2360672035469918E-4, -8.2002974789395E-4, 3.485487228657269E-4, -3.549426675985592E-4, 6.770584189865816E-4, -4.7468076189933773E-4, 6.593658159855306E-4, -4.959695444226463E-4, -1.550627699653405E-4, 4.7502520264627174E-4, -8.848832671174683E-4, 0.0014828537831321751, -7.621415528172319E-4, 9.951217161006088E-4, -0.0012824685312240259, -0.0016860379044457774, -0.0018167655520446606, -5.359418351551925E-4, -0.0018355191330483892, 4.944905711282846E-4, -0.0013562226463843532, 0.0012948115340503312, -2.485959194872484E-4, 0.002248729160109115, 1.4820178000721153E-4, 0.0012090949031818747, 2.2881210531757487E-4, 1.5506966708566392E-4, -9.49976649421041E-5, 0.001059542542186043, -0.0012185501546205504, 0.002330700254060275, -0.0010438768415780022, 0.0016460939574097504 ], [ -1.1189163625448321E-4, -1.0252020429713508E-4, -1.1568424790132071E-4, -0.0010130604064792258, 0.0010099320485005058, -0.001499976676325661, 0.0016892750643814488, -0.0011319224963309495, 5.090619706566593E-4, 6.680998699571243E-4, 0.0019273128560527702, -0.0012233516371521786, 0.004912884200377974, -0.001240159974740501, 0.004548946845371337, -9.149715840883828E-4, 0.0041588226014829775, -6.945801151158491E-4, 0.0030332131176018864, 5.233645213543058E-4, 0.00367595223109464, 0.0036244889282834015, 0.0036246575367066616, 0.003125783853667539, 0.0034900712647821202, 0.0028180928829667543, 0.0029817098644997603, 0.0028156531240981003, 0.002656858582581049, 0.002314706901390563, 0.002771583669151275, 4.884516402801367E-4, 0.0030936766131872567, 1.3669148610472584E-4, 0.0024432013397829456, 2.615411367613732E-4, 0.002803026356237566, -2.2954489144050037E-4, 0.0023760622557172147, 7.679353029211605E-4, 2.542792403385398E-4, -3.705294067092493E-5, 2.868673913811797E-4, -5.1785337083950176E-6, -2.7977751056093054E-4, -3.249029398251917E-4, -8.238361460485359E-4, -8.017582152139363E-4, -8.13396747471662E-4, -0.0015256453385412868, -0.001178621147800529, -7.008300240970963E-4, -0.0016362777432019618, 1.651786165939901E-4, -8.760343986169901E-4, 4.046966121238733E-4, 2.4903161183339903E-4, -0.0013037382931326, -3.2666302698829342E-6, -4.270321352883514E-4, -0.01054616780514495, -0.009631249514706565, -0.008782405639672235, -0.008316001512035296, -0.00707124543971786, -0.006652354417982781, -0.005495764431615014, -0.004662862409780453, -0.002234566218727348, -0.0049599265478908515, -8.516217960505091E-4, -0.0025303850811540752, -0.001139831428874933, -4.890043883106825E-4, 2.6743126571562674E-5, -1.65181683334067E-4, 0.0013191114312595981, -0.0021622856065634088, 7.324275761158793E-4, -7.002993922556538E-4 ], [ 0.0011569408846440587, 0.001530524315678222, 0.0013295853841626274, 0.0021935832178474825, 0.0013583055782386798, 0.0024334850603051064, 0.0013996321623368133, 0.0019408146724854108, 0.0024603631108704254, 0.0012561454769584451, 8.512690119870141E-4, 0.003014866331062638, -0.001240159974740501, 0.005014864765074098, -5.31829057419098E-4, 0.003430433759838378, 0.001288999517694312, 0.002260463005172599, 0.0015797393668423357, 0.0023264486452664154, -3.375791507276402E-5, -2.540180850376987E-4, 1.6009299769693757E-4, -3.5409799890845145E-4, 2.2561386002052617E-4, 8.336222932434295E-6, 3.987517641983821E-4, 2.4160021823461714E-4, 0.0011427803635473102, 9.178732485565233E-4, 4.0765161701951846E-4, 0.002099443423703359, -4.26868254456326E-4, 0.0027829602345065545, 5.90271842609273E-4, 0.001305101623510975, 4.8671219440909644E-4, 0.001008496884612162, 0.00127617828821665, 0.0010960268631623488, -1.4469932517707605E-4, -1.9862066966088061E-4, -1.623099910478128E-4, -5.669555273788374E-4, -9.320939787277278E-5, -7.746845121734735E-4, -1.6825194064215739E-4, -6.670187607074481E-4, -3.804695713729548E-5, -1.8393066915619363E-4, 8.462942014677362E-4, -3.233701690834456E-4, 0.001263015459151949, 1.7329411653024536E-4, 0.0010535362972294994, 7.963846324140316E-4, 0.0015656525997204708, 0.001672720867765066, 0.0020233340414781125, 0.0018768353331725595, -8.082271680663998E-4, -5.903043428037616E-4, -6.953172657767802E-4, 5.465391910793736E-4, -0.001458030697309487, 0.002125415351821631, -0.0010354992904774863, 0.0022326884753785968, 8.452056249285958E-4, 0.0028851061715117732, 0.001559822508712822, 0.001128663036275474, 0.0020757590873510387, 0.0014239831061334351, 0.0010798574226567204, 0.002067227012458717, 0.0012512297848212425, 0.00299040700388485, 0.00190683145136098, 0.003023581356087132 ], [ 9.077713880586726E-4, 1.4121953627343944E-4, 7.46282658990944E-4, -2.8643557744789856E-4, 0.0015858938265400158, -5.466641935272575E-4, 0.002087034567116749, 1.5507614593824768E-4, 0.0013873587210721373, 0.0016745416218514292, 0.002694929700229667, 0.0020986336123035663, 0.004548946845371337, -5.31829057419098E-4, 0.010895823263565627, -0.002864788378967962, 0.010527464944449158, -0.002356290836166886, 0.008222161418634959, 0.0011183256735784962, 0.006176107978426654, 0.006263160951727008, 0.0055534525937184324, 0.005624971480374453, 0.005348188798648489, 0.005153721352314567, 0.004856771775641828, 0.0054725790352896, 0.004322016476480527, 0.004991627641337317, 0.003980597568691174, 0.004161830792805502, 0.003028502475615484, 0.0016406736536345324, 0.006469601955981517, 0.0013505494811098607, 0.0062696230980094185, 6.176253000521737E-4, 0.005642676470572371, 0.002550281176565982, 1.49697761934708E-4, 8.790187875554619E-5, 3.2208725768555213E-4, -7.208255319885947E-5, -2.3517492188092012E-4, -8.215206272389966E-4, -8.321447152122041E-4, -0.0016063161948774358, -8.936474779590255E-4, -0.0025173665693281094, -0.001592512909997806, -0.001126704074717944, -0.0025717219632491895, -7.178666619101065E-4, -0.0019847176337747918, -2.6461503920725187E-4, -0.0010729776409632635, -0.0011329485090406813, -0.0017543348818394415, -6.096208948854147E-4, -0.017041838664774565, -0.016269042163004843, -0.015269064451483723, -0.0131714373791594, -0.012907289655687396, -0.010051292730083518, -0.01122474963939116, -0.004353726145059679, -0.00699719257448367, -0.005149300711218814, -0.003743045363312143, -0.0012177652707217163, -0.004573906047586899, -9.930671401176712E-4, -9.952051091350134E-4, -0.001100826468490702, 2.6375418757343226E-4, -0.0020390189888744494, -8.557628306074976E-4, -7.730557312338328E-4 ], [ 5.2808719346225E-4, 9.970848831197835E-4, 0.0011233797600269319, 0.001223403648402755, 0.0014878342826924842, 0.0016579369863798494, 0.0014728816822831407, 7.278627655802082E-4, 0.0018961642212730087, -7.301759429490182E-4, -1.7462027190083182E-4, 0.0015201668292569915, -9.149715840883828E-4, 0.003430433759838378, -0.002864788378967962, 0.005828358852392104, -0.003393419817449146, 0.005827601895618103, -0.002142813073586085, 0.0035057870534274337, -4.2438190248846193E-4, -7.974809987955707E-4, -3.7294205225455715E-5, -9.413188635115444E-4, -1.0313416280241522E-4, -3.2387639019703626E-4, -2.944348936571954E-4, -7.616945779588449E-5, 2.8053803495247504E-4, 2.8601390054219464E-4, -8.959403887982508E-4, 7.513505533930397E-4, 3.034173306669242E-4, 0.001477764264910117, -0.0010074782161124374, 0.0017542061656388326, -0.002007898957278691, 0.0026118451057675685, -8.596126046191387E-4, 0.0014247032090939828, 3.5834409323605524E-5, 7.931215100300432E-5, -3.5547338462246515E-5, -1.7960722694166728E-4, -2.709074196079969E-4, -2.493936972817841E-4, -5.895344051142736E-4, -3.4719434417321943E-5, -0.00132457314407061, 6.058318766488928E-4, -9.977106603537341E-4, -7.313441878905363E-4, 5.96773939769395E-5, -6.897510523298816E-4, 9.332786284628239E-5, 1.7163521738141214E-5, 6.62021612935154E-4, 0.0011965721809139842, 0.0016768712566917637, 0.0017610390952366491, -4.606142819238842E-4, -4.988235050705232E-4, -3.786454918427156E-4, -1.549739636031609E-4, -0.0011444069698184646, 0.0014417498787275649, -0.0027558971860723097, 0.0016742291502532093, -0.004062012647089257, 0.0033958830474310493, -0.003885160543284797, 1.4731115428041018E-4, -6.592422123320786E-4, 1.7196130374549034E-4, -0.001234628624370876, 0.0014953415770470157, -5.599948885281014E-4, 0.002773123333647069, 0.0010525099754396731, 0.0029400337714506754 ], [ 9.870290297683568E-4, -6.915510965031138E-6, 8.56166411226851E-4, -2.4205405060407837E-4, 0.0017307226014096836, -5.966808452272916E-4, 0.0025387644541724867, 8.342952855408214E-5, 0.0028185893971083105, 0.0023140745598767675, 0.004058706345999896, 0.0020164956259037855, 0.0041588226014829775, 0.001288999517694312, 0.010527464944449158, -0.003393419817449146, 0.012616234510637576, -0.0045316107538616885, 0.010422251594679096, 2.1654528858860455E-4, 0.006257331997587645, 0.006388972581754247, 0.005810533982461643, 0.005668053000340298, 0.005824742469140126, 0.00504743224375316, 0.005476828213388477, 0.005198351840036266, 0.005188078249912092, 0.005018309480660702, 0.00496406050733792, 0.004508277999333223, 0.002573662537141297, 0.0027998772749416104, 0.006496919831833552, 7.456261336643863E-4, 0.007423595401122369, -0.001144775942839027, 0.007034956096133022, 0.001611351472740507, 1.1088296678814792E-5, -1.3190940382791383E-4, 1.2301957271201026E-4, -3.515109785153896E-4, -2.8966429053766985E-4, -0.0011249230411395667, -8.603725710770935E-4, -0.0019416828591891336, -4.766095606751368E-4, -0.002921605097316273, -6.480256264048773E-4, -8.16600089763485E-4, -0.001667202861867007, -1.7376705233969195E-5, -8.019677225920849E-4, 2.8098068067476423E-4, 7.340848061129845E-4, -7.319481690777121E-4, -4.1009276136659606E-5, -7.333074113263262E-5, -0.017235546434635332, -0.015920415992953706, -0.01505869232804121, -0.012548366975704184, -0.013039488990196408, -0.009313847613825657, -0.010107307393840925, -0.004247398939746107, -0.0036907327557997973, -0.005450041541931514, -1.9880926573468937E-4, -7.512128211354001E-4, -0.0022210989238649562, 1.6032422585246503E-4, 9.308263394462867E-4, -3.664021857866244E-4, 0.002606922319694359, -0.0015704156330830932, 0.0012637703125222947, -3.621389543616933E-5 ], [ 6.892787510408081E-4, 0.0015246874962199068, 0.0010435735623656117, 0.0017627231992220567, 0.0011773773093769022, 0.002204812942529489, 8.630006070353864E-4, 0.0014466385330379702, 3.898530339572323E-4, -5.746315081877488E-4, -0.0014176718788765663, 0.0020002327761745016, -6.945801151158491E-4, 0.002260463005172599, -0.002356290836166886, 0.005827601895618103, -0.0045316107538616885, 0.007134894925129098, -0.0035688813576483453, 0.004143246924869251, -8.03130034865745E-4, -0.0011730094250326456, -6.08876493387885E-4, -0.0011975341392194798, -8.437830823034163E-4, -4.898333559366813E-4, -9.845246575608383E-4, -9.213138315071847E-5, -5.329047339286603E-4, 1.2929488580649766E-4, -0.0016301851875113612, 5.210931851708311E-4, 3.491288190250329E-4, 6.88325711041401E-4, -9.782122715268522E-4, 0.002148222146663428, -0.0027827021007041006, 0.0038434999305805998, -0.0019132725310949874, 0.0021606765618334307, 1.3798883721706943E-4, 1.752797944536845E-4, 1.3544222111832007E-4, -6.084748667755059E-5, -1.2954273909158786E-4, -8.249040028384397E-5, -3.8542771719487254E-4, 2.2145016765392762E-4, -0.0012447984971435337, 0.0010211962053634333, -0.0012107705509456484, -6.222970323492108E-4, -2.418883868289069E-4, -8.239340077298365E-4, -5.146068586074275E-4, -8.410590623050989E-5, -6.479614556262707E-4, 9.927577697255371E-4, 3.1127309774343643E-4, 0.001336307124711999, 7.630041119459589E-4, 2.5196574299550826E-4, 3.5628888074171975E-4, 3.806454089128387E-4, -3.6317169396786215E-5, 0.0015252340329660657, -0.0020543951151331453, 0.002003099131292484, -0.004781269662749357, 0.004270203652062882, -0.005210839197276449, 5.867780224940488E-4, -0.0016707264382790582, -6.423683086904746E-5, -0.002114954929050747, 0.001265240399369614, -0.0021319973252318892, 0.002485450705283209, -5.573639253777804E-4, 0.0023456392953997867 ], [ 6.554559926790564E-4, -5.78662055084152E-4, 8.006721348447369E-4, -6.953470073392589E-4, 0.0016310787297524657, -8.27314477220892E-4, 0.0024688810956507473, -4.601327435514062E-4, 0.0032142190621353693, 0.0012602597850476177, 0.0038860807271758704, 0.001285135314617471, 0.0030332131176018864, 0.0015797393668423357, 0.008222161418634959, -0.002142813073586085, 0.010422251594679096, -0.0035688813576483453, 0.009286189060307372, 3.511371825010728E-4, 0.005538756420111867, 0.005622539815219667, 0.005321678448088764, 0.0048692001291334615, 0.00544622295508558, 0.004338802142889694, 0.005035826508266643, 0.004392863606894982, 0.0047887621057140775, 0.0043079046743130685, 0.004219866263282655, 0.0039774344335830585, 0.0020107687992361547, 0.0027334866887881665, 0.005060334261939515, 6.27960353632145E-4, 0.0060613598539945345, -0.0011685818133794637, 0.006304356127739999, 0.0011210320222382736, 4.792509750580042E-6, -4.551823053802673E-5, 3.2707201201746294E-5, -2.4502645038524176E-4, -4.111673241887844E-4, -8.707501652143014E-4, -0.0010813256554467498, -0.0015345432272314858, -0.001100326148166734, -0.0022169474778461072, -0.0013829246704114577, -4.964232545815479E-4, -0.001828409525805847, -1.5121818467411763E-4, -5.49741230604436E-4, -8.549507803061813E-5, 0.0012518804448337897, -6.306535340036862E-4, 8.445398694413546E-4, 2.5080382262995446E-4, -0.015606536817196506, -0.01423019175455472, -0.013520130887575562, -0.011470652152926789, -0.011834542944496028, -0.008603502752065144, -0.009716899950937333, -0.0037488540706135972, -0.00513047410159586, -0.0038084571191486834, -0.0024212025042952747, 2.859340235095087E-4, -0.003144255265324799, 4.767830909511135E-4, 4.7287193422579143E-4, -3.077149216861155E-4, 0.0026525376872178702, -0.0010694994484950386, 0.001977712546856015, 5.174079986985796E-4 ], [ 0.001055245152353722, 0.0016167195443894118, 0.0011622589739036034, 0.001733748309230638, 0.0012975065867305074, 0.0018695518977623914, 0.0013670015317430147, 0.0012397785406788437, 0.0012938720248335386, 1.125883176621037E-5, 1.6929291555203043E-4, 0.0020547878841542006, 5.233645213543058E-4, 0.0023264486452664154, 0.0011183256735784962, 0.0035057870534274337, 2.1654528858860455E-4, 0.004143246924869251, 3.511371825010728E-4, 0.0034384645134065616, 5.305533847906467E-4, 4.149276443332009E-4, 5.665219556359071E-4, 2.6548659914659876E-4, 3.6864431491919847E-4, 6.563464178337077E-4, 3.702667733395935E-4, 9.80761738949964E-4, 7.99465228843386E-4, 0.0010973098239574857, 7.588805475593229E-6, 0.0013787020139419633, 6.576731590669242E-4, 0.0013058383712346304, 9.051221772040709E-4, 0.0017427675424271107, -1.2694134810242215E-4, 0.00236712555199597, 4.2871262833376776E-4, 0.002010944796108644, 1.7724066402533196E-4, 5.144869729965385E-5, 1.79088593676084E-4, -1.8647617780018837E-4, -7.440159452645394E-5, -3.606375474439206E-4, -3.8179754548116514E-4, -1.8836822826262387E-4, -8.246232649413365E-4, 2.2945154467556597E-4, -7.208359331474039E-4, -3.736487298187777E-4, -3.823021791510728E-4, -1.8541963941192497E-4, -4.1524051919199364E-4, 1.614401216059959E-4, -5.612117839421218E-5, 5.000755660595842E-4, 4.039569432060478E-4, 9.986921518350255E-4, -0.0028884309875016724, -0.0028996970960966355, -0.0027353130230397416, -0.0018178082103418227, -0.0025907924822262166, -1.4805161842375574E-4, -0.003396334037248882, 0.001689215136234698, -0.003911781664839457, 0.0027684444004124243, -0.003286166755599769, 0.0010145443290296924, -0.0015112563395692149, 8.013862081908882E-4, -0.0011631031209279148, 0.0011568131004909706, -6.842167706379436E-4, 0.0014652153715763376, 8.296877712099992E-5, 0.0018358869870118502 ], [ -4.2416091451663384E-4, -0.0018738147488284432, 2.901420283341941E-4, -0.0022566560880916595, 0.0019116899073629502, -0.0020272078013597143, 0.002366867334578474, -0.001089135321741373, 0.0016823411253712923, 0.00114232812787456, 0.00246949280458145, 5.874792047995965E-4, 0.00367595223109464, -3.375791507276402E-5, 0.006176107978426654, -4.2438190248846193E-4, 0.006257331997587645, -8.03130034865745E-4, 0.005538756420111867, 5.305533847906467E-4, 0.006610757460245085, 0.006176615318020345, 0.006485915008680865, 0.0052434132832228034, 0.006555536637197311, 0.004848976627923458, 0.005395736954625791, 0.004996105819361726, 0.0046532493664829, 0.004795245222546422, 0.0036795567696569637, 0.003576629383095643, 0.0034974024823122805, 0.0017831444423240998, 0.004238119031721981, 0.0012055298553500468, 0.0043124473527318685, 7.553605652529667E-4, 0.0046121071684858276, 0.001627804249783935, -1.0768874402123665E-4, 1.9253528521121472E-4, -5.6023393576098706E-6, 5.105891644971591E-5, -7.763287331533227E-4, -6.18284017437968E-4, -0.0016605026616916972, -0.0016681639659850457, -0.002353623057235965, -0.0024463534090975844, -0.0031861005549544867, -0.0017232034697074448, -0.002890357917953337, -0.0018531487848592334, -0.0014558588258387617, -6.847016543883162E-4, -1.9559359108586285E-5, -5.74887023130354E-4, 4.3751601088432956E-5, 2.212793754637196E-4, -0.01788282883943032, -0.01691915751949528, -0.015557547269891413, -0.014959078033764808, -0.013568032454672675, -0.012071247159427197, -0.012107756205619224, -0.008127109239291459, -0.008536797503860001, -0.00645574720780194, -0.006498483351135583, -0.0029350467274549944, -0.004683289084134595, -0.002677420511429489, -9.741738855152587E-4, -0.0012316695270354898, 9.22605102926531E-4, -0.0010322727118189413, 9.025933726001913E-4, 3.1115272346