
250125 11:35:00:514 [INFO] (PerceptionDebugTools.java:225): Mat: [Mat], Type: [CV_16U], Channels: [1], Dims: [201, 201], Crop: [0, 0, 201, 201]
32570	32570	32570	32570	32570	32570	32570	0	4	4	32570	32570	32570	32570	32570	32570	4	4	4	4	4
32570	32570	32570	32570	32570	32570	32570	0	0	0	32570	32570	32570	32570	32570	32570	0	4	4	4	4
32570	32570	32570	32570	32570	32570	32570	4	4	4	32570	32570	32570	32570	32570	32570	4	4	4	4	4
32570	32570	32570	32570	32570	32570	32570	32570	32570	32570	32570	32570	32570	32570	32570	32570	32570	32570	32570	32570	32570
32570	32570	32570	32570	32570	32570	32570	32570	32570	32570	32570	32570	32570	32570	32570	32570	32570	32570	32570	32570	32570
32570	32570	32570	32570	32570	32570	32570	32570	32570	32570	32570	32570	32570	32570	32570	32570	32570	32570	32570	32570	32570
32570	32570	32570	32570	32570	32570	32570	32570	32570	32570	32570	32570	32570	32570	32570	32570	32570	32570	32570	32570	32570
32570	32570	32570	32570	32570	32570	32570	32570	32570	32570	32570	32570	32570	32570	32570	32570	32570	32570	32570	32570	32570
32570	32570	32570	32570	32570	32570	32570	32570	32570	32570	32570	32570	32570	32570	32570	32570	32570	32570	32570	32570	32570
32570	32570	32570	32570	32570	32570	32570	32570	32570	32570	32570	32570	32570	32570	32570	32570	32570	32570	32570	32570	32570
32570	32570	32570	32570	32570	32570	32570	32570	32570	32570	32570	32570	32570	32570	32570	32570	32570	32570	32570	32570	32570
32570	32570	32570	32570	32570	32570	32570	32586	32570	32570	32570	32585	32570	32570	32570	32570	32570	32570	32570	32570	32570
32570	32570	32570	32570	32570	32570	32570	32693	32599	32570	32570	32702	32575	32570	32570	32570	32570	32570	32570	32570	32570
32570	32570	32570	32570	32570	32570	32596	32772	32767	32715	32747	32772	32629	32570	32570	32570	32570	32570	32570	32570	32570
32570	32570	32570	32570	32570	32570	32687	32772	32773	32772	32770	32773	32710	32570	32570	32570	32570	32570	32570	32570	32570
32570	32570	32570	32570	32570	32583	32765	32772	32773	32772	32771	32771	32773	32609	32570	32570	32570	32570	32570	32570	32570
32570	32570	32570	32570	32570	32690	32772	32946	33044	33025	32996	33263	33324	33032	33195	32570	32570	32570	32570	32570	32570
32570	32570	32570	32570	32590	32768	32774	33364	33539	33580	33595	33657	33718	33528	33545	32570	32570	32570	32570	32570	32570
32570	32570	32570	32570	32702	32774	32769	33370	33543	33620	33635	33675	33723	33533	33543	33618	32570	32570	32570	32570	32570
32570	32570	32570	32639	32774	32773	32774	33398	33543	33667	33707	33745	33742	33545	33547	33669	33711	32570	32570	32570	32570
32570	32570	32572	32746	32773	32773	32774	33502	33577	33660	33697	33759	33784	33585	33576	33664	33702	32570	32570	32570	32570

250125 11:36:41:193 [INFO] (PerceptionDebugTools.java:225): Mat: [Mat], Type: [CV_16U], Channels: [1], Dims: [201, 201], Crop: [0, 0, 201, 201]
32570	32570	32570	32570	32570	32570	32570	4	4	4	32570	32570	32570	4	32570	32570	4	4	4	4	4
32570	32570	32570	32570	32570	32570	32570	4	4	4	32570	32570	32570	4	32570	32570	4	4	4	4	4
32570	32570	32570	32570	32570	32570	32570	0	0	0	32570	32570	32570	4	32570	32570	4	4	4	4	4
32570	32570	32570	32570	32570	32570	32570	32570	32570	32570	32570	32570	32570	32570	32570	32570	32570	32570	32570	32570	32570
32570	32570	32570	32570	32570	32570	32570	32570	32570	32570	32570	32570	32570	32570	32570	32570	32570	32570	32570	32570	32570
32570	32570	32570	32570	32570	32570	32570	32570	32570	32570	32570	32570	32570	32570	32570	32570	32570	32570	32570	32570	32570
32570	32570	32570	32570	32570	32570	32570	32570	32570	32570	32570	32570	32570	32570	32570	32570	32570	32570	32570	32570	32570
32570	32570	32570	32570	32570	32570	32570	32570	32570	32570	32570	32570	32570	32570	32570	32570	32570	32570	32570	32570	32570
32570	32570	32570	32570	32570	32570	32570	32570	32570	32570	32570	32570	32570	32570	32570	32570	32570	32570	32570	32570	32570
32570	32570	32570	32570	32570	32570	32570	32570	32570	32570	32570	32570	32570	32570	32570	32570	32570	32570	32570	32570	32570
32570	32570	32570	32570	32570	32570	32570	32570	32570	32570	32570	32570	32570	32570	32570	32570	32570	32570	32570	32570	32570
32570	32570	32590	32570	32570	32570	32578	32570	32570	32570	32570	32570	32570	32570	32570	32570	32570	32570	32570	32570	32570
32570	32583	36405	32612	32570	32579	32750	32589	32570	32570	32570	32570	32570	32570	32570	32570	32570	32570	32570	32570	32570
32570	32653	39878	34532	32675	32718	32733	32672	32570	32570	32570	32570	32570	32570	32570	32570	32570	32570	32570	32570	32570
32570	32719	39228	32756	32748	32735	32766	32738	32570	32570	32570	32570	32570	32570	32570	32570	32570	32570	32570	32570	32570
32638	32734	32764	32778	32770	32765	32766	32760	32637	32570	32570	32570	32570	32570	32570	32570	32570	32570	32570	32570	32570
32720	32736	32791	32783	32750	32749	32814	33145	32738	33111	32570	32570	32570	32570	32570	32570	32570	32570	32570	32570	32570
32735	32767	33213	33463	33426	33453	33541	33718	33588	33531	32768	32570	32570	32570	32570	32570	32570	32570	32570	32570	32570
32743	32788	33266	33542	33584	33616	33646	33718	33611	33537	33584	32570	32570	32570	32570	32570	32570	32570	32570	32570	32570
32783	32787	33293	33544	33620	33702	33722	33730	33627	33563	33637	33713	32570	32570	32570	32570	32570	32570	32570	32570	32570
32796	32772	33387	33565	33626	33703	33760	33794	33636	33574	33662	33697	33723	32570	32570	32570	32570	32570	32570	32570	32570



250125 12:50:24:433 [INFO] (PerceptionDebugTools.java:225): Mat: [Mat], Type: [CV_16U], Channels: [1], Dims: [201, 201], Crop: [0, 0, 201, 201]
32570	4	32570	4	32570	32570	4	4	0	0	32570	32570	32570	32570	32570	32570	0	0	4	4	4
32570	4	32570	4	32570	32570	4	4	4	4	32570	32570	32570	32570	32570	32570	4	4	4	4	4
32570	4	32570	4	32570	32570	4	4	4	4	32570	32570	32570	32570	32570	32570	4	4	4	4	4
32570	32570	32570	32570	32570	32570	32570	32570	32570	32570	32570	32570	32570	32570	32570	32570	32570	32570	32570	32570	32570
32570	32570	32570	32570	32570	32570	32570	32570	32570	32570	32570	32570	32570	32570	32570	32570	32570	32570	32570	32570	32570
32570	32570	32570	32570	32570	32570	32570	32570	32570	32570	32570	32570	32570	32570	32570	32570	32570	32570	32570	32570	32570
32570	32570	32570	32570	32570	32570	32570	32570	32570	32570	32570	32570	32570	32570	32570	32570	32570	32570	32570	32570	32570
32570	32570	32570	32570	32570	32570	32570	32570	32570	32570	32570	32570	32570	32570	32570	32570	32570	32570	32570	32570	32570
32570	32570	32570	32570	32570	32570	32570	32570	32570	32570	32570	32570	32570	32570	32570	32570	32570	32570	32570	32570	32570
32570	32570	32570	32570	32570	32570	32570	32570	32570	32570	32570	32570	32570	32570	32570	32570	32570	32570	32570	32570	32570
32570	32570	32570	32570	32570	32570	32570	32570	32578	32570	32570	32570	32576	32570	32570	32570	32570	32570	32570	32570	32570
32570	32570	32570	32570	32570	32570	32570	32570	32684	32570	32570	32570	32680	32570	32570	32570	32570	32570	32570	32570	32570
32570	32570	32570	32570	32570	32570	32570	32616	32771	32723	32686	32724	32770	32575	32570	32570	32570	32570	32570	32570	32570
32570	32570	32570	32570	32570	32570	32570	32701	32772	32773	32770	32771	32772	32666	32570	32570	32570	32570	32570	32570	32570
32570	32570	32570	32570	32570	32570	32597	32768	32774	32774	32773	32770	32772	32748	32572	32570	32570	32570	32570	32570	32570
32570	32570	32570	32570	32570	32570	32698	32772	32792	32836	32786	32777	32983	32803	32901	32570	32570	32570	32570	32570	32570
32570	32570	32570	32570	32570	32603	32773	32771	33448	33536	33556	33562	33669	33696	33481	33546	32570	32570	32570	32570	32570
32570	32570	32570	32570	32570	32707	32773	32770	33479	33544	33613	33616	33677	33729	33496	33546	33626	32570	32570	32570	32570
32570	32570	32570	32570	32646	32773	32777	32771	33521	33548	33697	33711	33734	33722	33529	33545	33697	33720	32570	32570	32570
32570	32570	32570	32585	32758	32774	32773	32778	33534	33566	33689	33708	33794	33797	33556	33563	33693	33712	32570	32570	32570
32570	32570	32570	32698	32774	32773	32773	32769	33642	33631	33671	33678	33693	33708	33573	33629	33670	33679	32570	32570	32570

250125 12:51:07:413 [INFO] (PerceptionDebugTools.java:225): Mat: [Mat], Type: [CV_16U], Channels: [1], Dims: [201, 201], Crop: [0, 0, 201, 201]
32570	4	4	4	4	32570	4	4	0	0	32570	32570	32570	32570	32570	32570	0	0	0	4	4
32570	4	4	4	4	32570	4	4	4	4	32570	32570	32570	32570	32570	32570	4	4	4	4	4
32570	4	4	4	4	32570	4	4	4	4	32570	32570	32570	32570	32570	32570	4	4	4	4	4
32570	32570	32570	32570	32570	32570	32570	32570	32572	32570	32570	32570	32570	32570	32570	32570	32570	32570	32570	32570	32570
32570	32570	32570	32570	32570	32570	32570	32576	32720	32597	32570	32570	32696	32593	32570	32570	32570	32570	32570	32570	32570
32570	32570	32570	32570	32570	32570	32570	32622	39050	32737	32650	32689	32738	32654	32570	32570	32570	32570	32570	32570	32570
32570	32570	32570	32570	32570	32570	32570	32703	32738	39583	32746	32732	32756	32726	32570	32570	32570	32570	32570	32570	32570
32570	32570	32570	32570	32570	32570	32613	32731	39522	32769	32766	32772	32773	32769	32620	32570	32570	32570	32570	32570	32570
32570	32570	32570	32570	32570	32570	32704	32729	32785	39143	32770	32771	32774	32772	32715	32570	32570	32570	32570	32570	32570
32570	32570	32570	32570	32570	32618	32731	32769	34937	39100	33381	33469	33533	33587	33586	33510	32570	32570	32570	32570	32570
32570	32570	32570	32570	32570	32711	32732	32816	33411	33525	33580	33619	33661	33707	33577	33544	33542	32570	32570	32570	32570
32570	32570	32570	32570	32634	32717	32773	32800	33440	33553	33647	33697	33709	33696	33561	33569	33637	33641	32570	32570	32570
32570	32570	32570	32587	32721	32744	32807	32779	33331	33550	33619	33701	33763	33735	33571	33559	33671	33692	33466	32570	32570
32570	32570	32570	32687	32715	32784	32809	32779	33453	33639	33650	33676	33688	33698	33601	33622	33678	33717	33646	33485	32570
32570	32570	32623	32716	32772	32798	32791	32774	34843	34816	34830	35424	35205	34774	35225	35251	35258	35433	35217	34925	32570
32570	32570	32571	32617	32785	32832	32775	32771	35190	35180	35257	35768	35994	35205	35139	35186	35274	35568	35394	35204	32570
32570	32570	32570	32570	32771	32798	32774	32773	35367	36177	36080	35753	35815	36435	35808	36189	36066	35482	35364	35234	32588
32570	32570	32570	32648	32828	32773	32771	32775	35793	36315	36518	35705	35859	36469	36857	36331	36709	35450	35329	35013	32570
32570	32570	32620	32862	32773	32774	32775	32786	35832	36276	36337	35705	35851	36457	36678	36261	36448	35380	35083	32570	32570
32570	32616	32890	32784	32776	32775	32774	32791	35659	35747	35699	35589	35632	35735	35751	35688	35770	35339	34983	32570	32570
32570	32737	32808	32778	32776	32772	32773	32789	35180	35043	34991	34726	34829	34746	35687	35855	34393	34591	33825	32570	32570