{
  "weights" : [ 0.7406943042752494, 0.7328179535399852, 0.7370989944413963, 0.7210912182982336, 0.7447559387571522, 0.7138650890720224, 0.7546908585965999, 0.7267280368823095, 0.781871798226672, 0.7619644919352334, 0.8076659313627481, 0.7753744563938818, 0.802326226096013, 0.7709569019676503, 0.7784566946479841, 0.7671946014857922, 0.7589759718620641, 0.760011037956919, 0.7459938040598133, 0.7638259866874046, 0.1267001474372793, 0.11027535189879946, 0.13256685174387553, 0.0910584249870766, 0.14432617274011064, 0.09824555149882339, 0.17792853509164822, 0.13056956175163761, 0.22036757014941089, 0.17826761326568816, 0.27211377951980353, 0.20770862704085002, 0.3349955498375776, 0.1810469675956802, 0.3823171166789273, 0.1717936357112096, 0.3745103733459813, 0.22306009817146247, 0.33419736017277135, 0.26703983725140473, 0.5634498828544248, 0.5779076772202801, 0.5689402415532511, 0.5923120180083864, 0.5654969755680939, 0.6006821390669724, 0.5545029278013349, 0.5856337032864425, 0.5153028418914065, 0.5224524291328463, 0.45305530648360737, 0.4729790944489333, 0.40782551329456196, 0.4990392600098339, 0.3766163582170162, 0.5103569774827285, 0.41168185152483716, 0.4906218467114561, 0.446750256977439, 0.47917119908173167, 0.1598540319642418, 0.1689938480361306, 0.16452518180981826, 0.15470983413587827, 0.1465850215646987, 0.1169943637701371, 0.09261938065031024, 0.04595455140311668, -7.09474385106416E-5, -0.06245949828675944, -0.07762635390644625, -0.12812233036108903, -0.09471266249975858, -0.22171054564013204, -0.07185324857825934, -0.18567697244023013, -0.113950607693941, -0.16498902918727124, -0.14218285044398832, -0.14602338244514426, 0.8835434520593011, 0.8968512254859079, 0.8637702814054838, 0.8871104976792741, 0.8109160077483747, 0.8299737809040546, 0.7063763733380902, 0.6931897301118763, 0.5321084549232924, 0.46764381409341166, 0.3273099775511354, 0.2713304706868728, 0.15082282140572406, 0.13534967800388126, 0.0687230866460134, 0.09493510347443229, 0.058360973755404374, 0.08246332694672842, 0.05902933097540894, 0.08906085853667364, 0.10818303760580444, 0.09714425670886125, 0.11861385838916037, 0.10398565527445684, 0.14022874400492208, 0.13149643002319042, 0.17326085466194396, 0.18040438314253215, 0.20806484715668935, 0.2033481103639252, 0.211560387338885, 0.17467054553445405, 0.16401265890367292, 0.12402330133082666, 0.10863656212884781, 0.07973886337440507, 0.08661536267290629, 0.07896432682700835, 0.08315936021521236, 0.09582302245029577, -0.33976058234348844, -0.3472475279557792, -0.3351348929967306, -0.34358655536427346, -0.3199420872574306, -0.32488125070441587, -0.2870883564184894, -0.2823176856697346, -0.2316676671594721, -0.199895531984523, -0.1511057901330558, -0.10293773444051854, -0.06512115076181152, -0.023783546631781873, -0.034178484038001326, -0.0067192857138544575, -0.031079505237380164, -0.024156164098131448, -0.024971713476601428, -0.03246755769681328 ],
  "covariance" : [ [ 0.006074257171413074, 0.006464376423355333, 0.005946898989921129, 0.006360890485692807, 0.0053467728920420015, 0.005886378531146169, 0.0038708506753100465, 0.004006580382733695, 0.0017197777860665391, 0.0019195940010003228, -1.940059851159598E-4, 0.0010608362742044177, 5.773590875731097E-4, -6.425863970122526E-4, 0.0011613818523762832, -0.0010733215032906356, -1.9546757726212884E-4, -2.1185945777849597E-4, -4.290786866966036E-4, -6.235115548852923E-4, 6.550421093423592E-4, -8.887767796902277E-4, 8.918806051590679E-4, -5.461110071175636E-4, 0.0010245501002663234, -7.216265038940295E-4, 0.001416604457173427, -7.918805628025834E-4, 6.432098053848417E-4, -2.595277798589947E-4, 0.0010956419413971237, -0.0014947886684827552, -0.0023405122605791038, -0.0015173476073397575, -5.53223511117066E-4, -0.0076518907573160065, 0.0019474206556906381, -0.0077204280492411265, 9.775618263409217E-4, -0.003987954744760689, -0.00609553802772913, -0.005608901452539304, -0.0061842941008436935, -0.005357607354484215, -0.005939330490923318, -0.004467272731669066, -0.004482368492806664, -0.002048511602429777, -0.0017489822642072082, 9.420522059779102E-4, 9.072612282049538E-4, 0.004013276580937135, 0.0033662228806713903, 0.005232493737472407, 0.0025827541629929135, 0.008863920321297257, 0.0027226927882101084, 0.007780621019722729, 0.003623910210760111, 0.00599370916488679, -0.003406215874636311, -0.003533137811411074, -0.002874504666134553, -0.0031480887990127425, -0.0018638560546855134, -0.0020317392762798855, -7.22287381808957E-4, -2.0461500245712696E-4, 0.002295560806976608, 8.082960548668292E-4, 0.003243487708389617, 1.8756750020952682E-4, 0.0065536084741497904, 0.0034131274166684733, 0.009054781851889432, 0.00616688239515862, 0.009517751756860543, 0.006175891105639016, 0.009389083334026911, 0.006504624145143431, 0.007324440651393355, 0.007079472714745328, 0.008088416866842583, 0.007505627500363579, 0.008931102724340332, 0.00906123451001439, 0.009501961883003267, 0.010498490094206087, 0.01114539462414802, 0.011000277294679613, 0.01011643974503262, 0.007309606957938485, 0.006899854663085682, 0.003922976087216885, 0.0036362626683386612, 0.00327572993939519, 0.0035251566699693706, 0.003131541182649283, 0.003123229867929341, 0.0031352733894534795, -0.00393593266161376, -0.004402881616230114, -0.004072067917101946, -0.004458334484873267, -0.0041167642763922955, -0.004460146069341315, -0.0035480409724988654, -0.0042985463924691, -0.0033984279313216325, -0.0029684441569991357, -0.0019836279537740363, -0.001171544980368445, -0.0011308903008866715, -5.349799636258718E-5, 2.907257089547162E-4, -0.0019421965709496706, 8.264910639908002E-4, -0.0017646929676955565, 3.2744375009918867E-4, -0.00147178413574978, 0.005297872065343193, 0.005820955200064308, 0.004983582160589021, 0.005774887398206127, 0.004172455757599528, 0.005109826379903516, 0.0026582262642804253, 0.0038313782880689817, 3.941531239345777E-4, 8.917940568574552E-4, -0.0023518404238108276, -0.0012266959744146192, -0.003398722963354165, -7.607115722689398E-4, -0.0017272415059233026, 0.001270668383613517, -0.001399101422457315, 6.647464247814906E-4, -9.27908221081202E-4, -7.638622119495551E-5 ], [ 0.006464376423355333, 0.0073355414464985865, 0.006164343735233554, 0.007777233673888121, 0.005337385031971698, 0.007484382384281279, 0.0036092270966929557, 0.005378076032032068, 0.0012677936020202495, 0.003213925708010001, -7.42185418902276E-4, 0.0018596692716187262, 3.290351545451266E-4, -1.7420468524574064E-4, 0.001253100309464894, -8.278223999316289E-4, 1.2899720820826942E-4, 2.066867027304328E-4, -3.311357312300086E-5, -2.495692667286244E-4, 0.00320991685377354, 0.002035528468443353, 0.0034125095991249296, 0.0028333228006485276, 0.0035195265111828676, 0.00275497623848946, 0.003910353145539704, 0.0025065373476388804, 0.003044919951661174, 0.0030884342069600838, 0.0033867979226398807, 0.001101478590767341, -9.86959351762231E-4, 1.2978683830109982E-4, 0.001116859986311281, -0.007643765685800698, 0.0036473866530148157, -0.007738498168688166, 0.0024693260424597245, -0.003631558859340493, -0.006815900800492283, -0.0064524898247602675, -0.006861188538661066, -0.006579308485735434, -0.006601687032279768, -0.005810024655924646, -0.005287570438642754, -0.003084987783383301, -0.002757449848278755, 9.012301105236465E-5, -1.4099639706728994E-4, 0.0033088933739877716, 0.0028667951050150653, 0.005094956090628609, 0.002196614765796524, 0.009238129719083188, 0.002490451920498352, 0.008079784062023386, 0.003523531407273463, 0.006109245880303072, -0.0044509886686151, -0.0039821103745720145, -0.004044355850543422, -0.0028514309455911664, -0.0029819481847988463, -0.0010069010703235564, -0.0017546212092886253, 0.0018829291223990755, 0.0010467166375385194, 0.003736105758554812, 0.002479622462559744, 0.002783599890402934, 0.007089470429931897, 0.006145461577301092, 0.010928281247737719, 0.008826433744455508, 0.011986186544489068, 0.008809613135081225, 0.012039527439023152, 0.008979775554290989, 0.006080538401721354, 0.006100650936267845, 0.006756726104876572, 0.006812362473007078, 0.007642471463255188, 0.008771457067616749, 0.007892358012923808, 0.011211121386531766, 0.00900258944563767, 0.01246643116193566, 0.008200317641216696, 0.00853573559074506, 0.006029271034039653, 0.004973327595449481, 0.0036799427059494016, 0.004302787289157048, 0.004168138334413317, 0.0040933459136110505, 0.003925307643321681, 0.004054140872652252, -0.003240584751477865, -0.0036340648061907394, -0.00371652911527375, -0.003974144360229997, -0.004307132642288271, -0.004464803512284382, -0.004219818886486824, -0.004907421989051252, -0.004521800308493369, -0.003758652260023575, -0.0033204668530518876, -0.0018576828200806425, -0.00220296817461577, -1.8359836325740868E-4, -5.865461254983396E-5, -0.0019438525361019318, 0.0011667033272787209, -0.0016134715216880179, 7.837326431351943E-4, -0.0012549572911010373, 0.004871173324174053, 0.005332742733062272, 0.00437088795695781, 0.004994421765331088, 0.003496999224628829, 0.004009522920145017, 0.0020409113106851593, 0.0024303239816842763, -2.85526618181851E-5, -6.428256053325149E-4, -0.002573896694043971, -0.002319918436611143, -0.003467383636101341, -0.0013080356571717156, -0.0019219064015639224, 0.0011164240632519128, -0.0017040275673092045, 4.582292283934643E-4, -0.0013061015439410403, -3.209256568459366E-4 ], [ 0.005946898989921129, 0.006164343735233554, 0.006089348578691193, 0.005949779006030571, 0.0056445580841265625, 0.005409522692276023, 0.004375309241089286, 0.0035046013215910663, 0.002311292514396232, 0.0014044359420733934, 4.7473701206616277E-4, 0.0011432305777079686, 9.904230578318385E-4, -1.9800268445665115E-4, 0.001644830020499471, -4.970547882225756E-4, 1.3609072880038268E-4, 3.200666579342926E-4, -5.478200632645961E-5, -3.134663099888347E-4, 0.002716395488136095, 9.684987650408181E-4, 0.0028498973842161724, 0.0012302902803851593, 0.0028507066842644916, 0.0011632545556230648, 0.003167294128565713, 0.0012514038889414462, 0.002111606484415559, 0.0011509661963250905, 0.0021023626568594175, 8.49614390670525E-5, -0.0016617997239680021, -1.4404540307229818E-4, -4.3637408703229804E-5, -0.006247032906529726, 0.0022628826540786067, -0.006173030868267399, 0.0013971750481877984, -0.0026395073082917434, -0.006202007450069432, -0.00569131332852525, -0.006542949874174774, -0.005393894619637737, -0.006434087760278528, -0.004567855859726233, -0.005079081311051174, -0.002284610970352697, -0.0021798352500834073, 5.842536025734746E-4, 6.511007080096633E-4, 0.0034033285932380643, 0.003023839016589843, 0.005304288559328191, 0.00200383547371507, 0.009284373438193865, 0.0021247711634017397, 0.008103783185559266, 0.0031393718634420953, 0.00607666252729985, -0.002560628536666947, -0.0032618351606395874, -0.0017080796603659606, -0.003200495110163132, -2.1406525164417077E-4, -0.002142489223585334, 0.0014747547403011312, -2.9377805579128074E-4, 0.005151840255546614, 8.88438191723586E-4, 0.005920646770471589, 0.001291671295572015, 0.008709816523346662, 0.004939241342602948, 0.011428166275189658, 0.008316896858132614, 0.011349956623237482, 0.00846763584435009, 0.011120281319151356, 0.008455380871069609, 0.006429413187145914, 0.006026990814512564, 0.007532799449293016, 0.006335865825097615, 0.0087285725832917, 0.007721294889463728, 0.009851941768809864, 0.008920895536518801, 0.012558577315596925, 0.009494116925543998, 0.011743522481205217, 0.006283153129370969, 0.008232236637077178, 0.0033721194819775033, 0.004546421189664612, 0.002948189940938049, 0.004101208495287725, 0.002982524385123302, 0.0034565171719274333, 0.003102202671362642, -0.004005103977227482, -0.004448088750712334, -0.004268250547076406, -0.00455072126451676, -0.004546424633030643, -0.00473006242307249, -0.004215144014629111, -0.004898329885548395, -0.004034703187665263, -0.0037767402780938845, -0.0021687495309698586, -0.0018128733937401989, -9.274396835285821E-4, -3.643315883240854E-4, 6.569465012921701E-4, -0.00216439818992954, 9.148324462442114E-4, -0.0018991046064993859, 2.970327203874382E-4, -0.001734199115262683, 0.004211773972290719, 0.004746761236052484, 0.0038578104698621194, 0.0048164095553695, 0.0029209748516235033, 0.004277833437512547, 0.0012405586441960037, 0.003218140178508419, -0.0011154072507237893, 5.408965424966609E-4, -0.0035056965002589263, -0.0015899859812343734, -0.004194048967678674, -9.676951417708683E-4, -0.0023850403511668414, 0.0010810506993343125, -0.0018501447942577047, 4.0327309695665245E-4, -0.0013015387875604852, -4.1754628986670104E-4 ], [ 0.006360890485692807, 0.007777233673888121, 0.005949779006030571, 0.009111274758881323, 0.004974815893679143, 0.009387375095128795, 0.003222154373136613, 0.007344921665801171, 7.644835602996637E-4, 0.005505830344714541, -0.0015690998418257445, 0.0039607650680707224, -2.2035561040119418E-4, 0.0019431738303415046, 0.0015047218277274709, 5.339657406282999E-4, 0.0011807684781623483, 0.00145499312481497, 0.0014135935411973579, 8.38730607026807E-4, 0.009095749899310482, 0.008457342148488811, 0.009158169674053383, 0.009981632441328003, 0.00922924824775433, 0.01026360240624603, 0.009744386758492225, 0.009809320903933145, 0.008899287384689227, 0.010043069082431605, 0.00883174497878907, 0.006509571133972872, 0.0037887707727226275, 0.002856036120090559, 0.0060168416446314465, -0.006199813184247442, 0.007533291040401784, -0.005969515650015379, 0.006066534396586236, -0.0014933037650735406, -0.00753406445924241, -0.007317566135895297, -0.007658947775506646, -0.00803813051840182, -0.007580246369427768, -0.007735490785170169, -0.006877956307788218, -0.005065285675043562, -0.004831680715379631, -0.0021540701638845068, -0.0020860839279172685, 8.834508841203074E-4, 0.0013753173489027795, 0.0043087494800344486, 9.618522340944283E-4, 0.008913108829317149, 0.0018558286215852968, 0.007518117339582033, 0.0028820409231638073, 0.005491364123169135, -0.004349155023355259, -0.0033314439765976716, -0.004189420572269733, -0.0012730833857792982, -0.0030775477921804652, 0.0014745258421409628, -0.00171812541106841, 0.005809692801324047, 9.746675436563756E-4, 0.008942618012192417, 0.0032984103639994706, 0.008355344339270699, 0.010222543070514642, 0.011612260409213985, 0.016403442811504246, 0.014239431007941974, 0.01805932332311762, 0.014403204860934583, 0.018218698801046103, 0.01433122582358648, 0.002622475626994956, 0.002966740516630419, 0.0032986778764533954, 0.004041508303659799, 0.0042278318877838365, 0.00648474267027957, 0.003921539220178988, 0.010139646311708878, 0.004761632676611822, 0.012289593958318128, 0.005188163291624375, 0.008985988152159865, 0.004958852119802485, 0.0064516732063563415, 0.00406106812616446, 0.005871778160433301, 0.005454911545774901, 0.005597175043712757, 0.005422789449140209, 0.005495642330295729, -0.002026432886826814, -0.002212356584895368, -0.0031100535621749496, -0.002960615113771115, -0.004713325204092834, -0.004374672553990405, -0.005561852680450006, -0.006163015839629843, -0.006722876373475981, -0.0057826451665451955, -0.005830955236161088, -0.0037946462145485122, -0.003962177919768481, -7.035076885498562E-4, -5.886214594976685E-4, -0.001941634475224336, 0.0016077550263517049, -0.0013586930755946029, 0.001489364648340157, -9.90456361367923E-4, 0.002158657202530591, 0.0025843967253661457, 0.0015059233921611683, 0.0019240144638295888, 7.288950759400694E-4, 6.106540576336452E-4, -3.615845155366021E-4, -0.0011345767758535257, -0.001817247362624367, -0.003712152313477195, -0.0034475452013650633, -0.004519600970482799, -0.003832825993455118, -0.002673366015404913, -0.0025252100188354, 3.3466527687797286E-4, -0.0024742027490387455, -2.943404072202028E-4, -0.0022509294384026033, -0.0011181316324031963 ], [ 0.0053467728920420015, 0.005337385031971698, 0.0056445580841265625, 0.004974815893679143, 0.0053970219287277806, 0.004476557454140258, 0.004409068597789724, 0.0028143599425191432, 0.0025389737244426005, 9.499607281115447E-4, 7.559741599904321E-4, 0.001123857963048251, 0.0010307119901174838, 1.8498154853995605E-4, 0.0016342565629251333, -5.7694047512107916E-5, 2.6937050002213964E-4, 5.392343464375233E-4, 1.4784253965096532E-4, -1.522677984913478E-4, 0.00316958109556815, 0.0012580139574225495, 0.0032427922594625634, 0.0013358361707432975, 0.003215017663392619, 0.0013038507485728288, 0.003584842181208464, 0.0014378749820218007, 0.0025956038991015676, 0.001049728808266973, 0.0023718807437695996, 3.1059625159291025E-4, -0.0010455465746667487, -1.2213086155205184E-4, 1.8083341058583446E-4, -0.005154229887724548, 0.002246738153388498, -0.005006491145420525, 0.0015237001825901585, -0.0017966412415781922, -0.005738318280165211, -0.005189305531207698, -0.006186625507953589, -0.004784630029065478, -0.0062134103200411185, -0.0040416565534264004, -0.005047430404953563, -0.0020951325243409227, -0.0021937480550965646, 3.6878902824100156E-4, 6.866948737349178E-4, 0.002817223397099832, 0.002836883060372004, 0.004917117981309238, 0.0019275277075762065, 0.008476012758373874, 0.0018819914057971506, 0.007393129505456169, 0.002775931000429608, 0.005516273138514901, -0.0015462134967938253, -0.0026391584910725008, -5.838998386418074E-4, -0.0029541305657116504, 9.71530007360664E-4, -0.0022155652891835634, 0.002711790255185372, -7.177591852587804E-4, 0.006425554608534461, 3.1745505236707705E-4, 0.006974760127336386, 0.0014111605915416176, 0.009127523594490485, 0.004976673672860748, 0.011349427046011058, 0.0083159194035604, 0.011034077222627212, 0.008397419505481223, 0.010756450321495147, 0.00831402830520643, 0.005619293260506759, 0.005102474773015664, 0.0068541231148571725, 0.0052672491180186624, 0.008100309440654464, 0.006393238708154209, 0.009350614548987361, 0.007209368513422575, 0.012396636665852053, 0.007578299711310291, 0.011743383906942358, 0.004965433260592197, 0.008275347736597657, 0.002610078292324684, 0.004666537034733286, 0.002338693198996775, 0.00396974765500946, 0.0024954000057090336, 0.003217521504503714, 0.002682968424980918, -0.0038657666170656356, -0.004300339447256853, -0.004098299795694919, -0.004324013355248772, -0.004343665257652627, -0.004469583840328439, -0.0040229166625203655, -0.004730799598456607, -0.003723262691193817, -0.0038604707089560345, -0.0017620669072290999, -0.0019878172666138723, -4.8526484970646367E-4, -5.711331627235613E-4, 9.31461134555785E-4, -0.0021820642970599175, 8.994465517303199E-4, -0.0019020827875256467, 2.4249298029459829E-4, -0.001784654529938837, 0.0032367492708377447, 0.003791825098987733, 0.002980876674077249, 0.004009333628190343, 0.0021331162463502995, 0.0036653236232869414, 5.660628551974636E-4, 0.002877971611579151, -0.001651140524199004, 6.4565708288323E-4, -0.0036627073908827076, -0.0014451000587652702, -0.004133486941157361, -8.881517313051269E-4, -0.002436649917078785, 8.565060234627676E-4, -0.0019202990624348241, 2.5028215803283714E-4, -0.0013788016620594247, -5.567406374402779E-4 ], [ 0.005886378531146169, 0.007484382384281279, 0.005409522692276023, 0.009387375095128795, 0.004476557454140258, 0.010327909126743988, 0.002915332393108611, 0.008720265210867382, 4.7433332893907857E-4, 0.00745531356271336, -0.0023613602772965614, 0.005995550069922882, -8.109505947055492E-4, 0.004214552818348797, 0.0016090783248408852, 0.0018979956200182323, 0.002288002269841773, 0.002379530611028953, 0.00297164200993314, 0.0017601859687329763, 0.0132814130877872, 0.012865519840752532, 0.013208793277965765, 0.014823842793302663, 0.013301942414725036, 0.015451634295107283, 0.014078494062422318, 0.01486948899309586, 0.013576353679560142, 0.015002984088833009, 0.013132179087237496, 0.010291915160628346, 0.008367485985428995, 0.004014890090083682, 0.010679977547268384, -0.005125252274934169, 0.011246300708374686, -0.00458667277319672, 0.009526892063087058, 3.522428701105049E-4, -0.0078027696409634206, -0.007625560886307841, -0.00795335097853593, -0.008657999334209205, -0.008093312168007601, -0.008838340823856348, -0.007969082095681302, -0.0065915717005990086, -0.0063308990742134506, -0.004252185626524315, -0.003208204951318329, -0.0015175600189904236, 4.2036926964905306E-4, 0.0032605973589682133, 3.2594867656018716E-4, 0.007827792300445674, 0.001631090090746442, 0.006279364877010925, 0.002435071450917938, 0.00446868916209322, -0.003043482835993357, -0.0017958915240816296, -0.003250026414971926, 7.092800845583834E-4, -0.002426608686646556, 0.003789814358582431, -0.001330994467612266, 0.00876279446189111, 0.0012359390592549973, 0.012536363156064979, 0.004327701718017473, 0.012572790828581464, 0.013102941256649242, 0.015446152869453392, 0.020856193824052432, 0.01761355000795889, 0.023065799320980573, 0.01772660991175644, 0.02321381998372747, 0.017841599096811527, -1.4092984135872415E-4, 3.784174624113651E-4, 5.773794274096366E-4, 0.0016626878772975605, 0.0013852620087274128, 0.004428176649082322, 4.061788410745391E-4, 0.008663297100763401, 0.0010208267391487009, 0.010970204386381577, 0.002946787313228714, 0.008621999984658991, 0.004224353125869038, 0.007503396865484882, 0.004307623187982861, 0.006958509874823951, 0.006299839072370724, 0.006618785328813265, 0.006438130048025377, 0.006436595109817927, -0.0013867342372061923, -0.001424136383185773, -0.0027906606910227724, -0.0023025243465099538, -0.004942552075877462, -0.004279051266783535, -0.006283171170369916, -0.007043098029453611, -0.008078155109614453, -0.007426061304073743, -0.007648085034566142, -0.005445405689051233, -0.005248921998526374, -0.0011217212982939319, -0.001069415001741622, -0.00199468889319104, 0.0017727613489666172, -0.0012996474733917864, 0.001889737385076297, -8.957343173105216E-4, -7.182048499682903E-4, -2.1831135548089613E-4, -0.0012498394200966918, -9.529531153492548E-4, -0.0017014951134478404, -0.0023602863922357067, -0.0022291232061780143, -0.004079355400720391, -0.0030170744227097663, -0.005950691715625766, -0.0038315661740816803, -0.006174479230138777, -0.0038994035815152995, -0.003876448962250953, -0.0028718239750513156, -4.4112198383497404E-4, -0.003116254920085793, -8.868506248827734E-4, -0.0030472712477225185, -0.0017770316955647398 ], [ 0.0038708506753100465, 0.0036092270966929557, 0.004375309241089286, 0.003222154373136613, 0.004409068597789724, 0.002915332393108611, 0.003973929319006361, 0.0017825038383118364, 0.0025344868683367895, 4.482175553818324E-4, 0.0010738789147308621, 0.0011701696048375596, 0.0010671788396741622, 9.740876589488077E-4, 0.0016789427005569624, 6.847234317086971E-4, 6.856761667867847E-4, 9.70591450622502E-4, 6.738123114171092E-4, 2.5709192655086195E-4, 0.004317481702054592, 0.0025890624930159185, 0.004249886826929229, 0.0025558554944207527, 0.0042104768636299205, 0.0026306447516447683, 0.004561461347175051, 0.002838744499445835, 0.003713112054272821, 0.0019898022147909426, 0.0029800130429559466, 0.0015862311063662765, 4.1849022703454436E-4, 5.235119755876226E-4, 0.001216218487389654, -0.0030111492465898686, 0.002446103883922932, -0.0026525655401577453, 0.0019353271717698734, -1.6333750497574476E-4, -0.004429658784772464, -0.003918454367282486, -0.0050135923722972224, -0.0035317512956148985, -0.005264000449358436, -0.0030706513065822043, -0.00464813628706987, -0.0018480011032640394, -0.0022266820265615358, -2.175101400800537E-4, 4.5956150743361107E-4, 0.001454805788034475, 0.0018634040866548688, 0.0038600876381300313, 9.858913954429603E-4, 0.006856861848824756, 9.33690911615164E-4, 0.005873217718150137, 0.0016953347595814571, 0.004228504325870602, 1.575575062424954E-4, -0.0013673323192700505, 0.0011418272281815659, -0.002057135998986629, 0.002673925487970515, -0.001758017092806707, 0.004458136234566549, -8.301959536554031E-4, 0.008018096207386794, 7.812951084833187E-5, 0.00827888929627975, 0.002103747682540829, 0.009448038902750604, 0.00505365806619133, 0.011377917115665184, 0.008213328132464044, 0.010729863225524343, 0.008364285998451659, 0.010332180555088185, 0.008186681744270079, 0.003419612047984878, 0.002845176146397664, 0.004694640925089557, 0.002844894416676363, 0.0058685493235931755, 0.0035907900044392354, 0.007204059330706985, 0.003891573877673952, 0.010703764200183007, 0.003987129021674004, 0.010854813267220311, 0.002689310626837784, 0.007848223216538469, 0.001552893408782442, 0.004532960264235656, 0.0014892761490100507, 0.0036664287430969583, 0.0017724781174118397, 0.002836473365677537, 0.0020315538008790295, -0.003160951415039123, -0.003447279920272378, -0.0034514847356212175, -0.00343337628761232, -0.0038138878137245155, -0.0036638391850846892, -0.0037589238271874396, -0.004190841685176475, -0.0035261219161365647, -0.0038417481127584986, -0.001649082985478454, -0.002235338598193658, -2.1667254698881422E-4, -7.591991864257431E-4, 0.001053876589552158, -0.0019554967909658303, 7.078311259137319E-4, -0.0016575534545324832, 1.2247216232760426E-4, -0.0016829243762950718, 0.0011179031304403674, 0.0016202436090407512, 9.812658168366212E-4, 0.001954987473397629, 3.4939183049118293E-4, 0.0018671570587714043, -8.665744204422378E-4, 0.0015400351462387558, -0.002627022112197872, 2.742463582093924E-4, -0.003864396652995094, -0.0014360907450191702, -0.003936754946716178, -8.983749546742758E-4, -0.0025303576485561775, 5.17940269034598E-4, -0.0020084010474120963, 1.3082163443923551E-5, -0.0014885054097581074, -7.576078132568704E-4 ], [ 0.004006580382733695, 0.005378076032032068, 0.0035046013215910663, 0.007344921665801171, 0.0028143599425191432, 0.008720265210867382, 0.0017825038383118364, 0.007995005129803449, -9.124073227847909E-5, 0.007648795064491632, -0.002824178818708162, 0.006539634909027651, -0.0014703914677467204, 0.005411153529597749, 9.804517200586423E-4, 0.0026723521232136114, 0.0025293596579585844, 0.002546486066540678, 0.0035467051545639235, 0.002103371802780968, 0.012967048182601061, 0.012881018552346718, 0.012855480294154637, 0.01478020591597968, 0.01303926184138774, 0.015567015672056529, 0.013966915002462542, 0.014972463863563447, 0.014072728159377438, 0.015141260202890198, 0.013744338547361384, 0.010228842726600254, 0.010986909909187891, 0.0028813100056733704, 0.012634769020033815, -0.0033715207996697864, 0.01177319099642209, -0.0025501729941443535, 0.010197209222180599, 0.0015832652501099286, -0.006026643861496305, -0.005874012885680841, -0.006098137888877444, -0.006917845069725579, -0.006387343698221923, -0.007495236655097933, -0.0068237192794759005, -0.006233179687977503, -0.005985578774679723, -0.00500577254774797, -0.0033063018106505903, -0.0031180376347349275, -5.709879071412174E-4, 0.0015733387693277127, -1.4692216560680733E-4, 0.004577965071967727, 0.0014792174531028405, 0.003228279013436958, 0.0017292735757047533, 0.0023013447917430256, -0.0010660115085050948, 2.0211097957105982E-4, -0.0016988107536654242, 0.0025421969330720745, -0.0015702093449263092, 0.005113360327177473, -0.0012608043833466378, 0.009355283014746443, 3.4614367683312414E-4, 0.012647171375302614, 0.0034413344247350894, 0.01290387095821755, 0.012255129675930863, 0.014401716283072458, 0.019339814621193715, 0.015458522548270884, 0.02153697501414767, 0.01564409200013943, 0.021591097321728453, 0.016034550555978473, -0.002215205807409191, -0.0016570348514839892, -0.0017736872656216166, -4.910557488466429E-4, -0.0014742667452092612, 0.001908286204469477, -0.003101322072936827, 0.005555584342347543, -0.003154333317995731, 0.0073074922696023, -4.013145165775065E-4, 0.006337198823589673, 0.0019997187365554704, 0.006892222689356051, 0.0030830478164474264, 0.006429099598953519, 0.005273283443051309, 0.006007453159027347, 0.005653462225739963, 0.005727607792347829, -5.249571560461434E-4, -4.166702760995918E-4, -0.001807450859783457, -0.0011441114321690126, -0.0038120422594892425, -0.003050446716849329, -0.005139225601069325, -0.005904484499265384, -0.007060568493139046, -0.006879302232717344, -0.007250022572709122, -0.005510646491517361, -0.005068216837601168, -0.0011995139364807809, -0.0013363600102649568, -0.0014332816153960438, 0.001435618066876872, -8.629273386834E-4, 0.0018195095610170292, -4.8632380204357027E-4, -0.002955383342020494, -0.0024775123887908696, -0.003198770020979645, -0.0030988737533070724, -0.0031499237430586404, -0.004245410872030049, -0.0029331544970496075, -0.005539610618923439, -0.002873474832521296, -0.006307769347087512, -0.0028128603531457808, -0.0059794355693103644, -0.0027311103921374975, -0.0040020625019897785, -0.002179607421580562, -0.0011227764103147074, -0.0026797633280458088, -0.0012395765892928763, -0.002839959904123673, -0.0018765245744615084 ], [ 0.0017197777860665391, 0.0012677936020202495, 0.002311292514396232, 7.644835602996637E-4, 0.0025389737244426005, 4.7433332893907857E-4, 0.0025344868683367895, -9.124073227847909E-5, 0.0022084676161620406, -7.201039022580098E-4, 0.0016314893499947143, 5.845759521520698E-4, 0.00134425466815118, 6.866249493573376E-4, 0.0017007481098792378, 8.294383929116191E-4, 9.419854637311248E-4, 8.590154151151746E-4, 9.685810377318952E-4, 3.696120947230708E-4, 0.004501776584378307, 0.003253717361826478, 0.00433342707840373, 0.0029874611243976804, 0.003947755519890579, 0.003217525300719705, 0.003872404054319778, 0.003661973793227436, 0.0030415918761390963, 0.0025760322159259375, 0.0020827658220134424, 0.0028015353861370754, 1.3352313769367005E-4, 0.0028421928233249025, 5.609770088024792E-4, 8.195971924721958E-4, 0.0015710198443338675, 8.595739921497611E-4, 0.0015359495976574045, 0.001807983205495281, -0.0023381202961423138, -0.002148220836168867, -0.0028955437200507425, -0.0017779862907625356, -0.0030452093432275728, -0.0016352824794622673, -0.0025352361393431136, -0.001249061416168345, -0.0012499931669119845, -6.082328587631187E-4, 9.64309898197906E-5, -2.846123127197253E-4, 9.95309322636916E-4, 0.0015103152053563777, 6.269772761709867E-5, 0.0035547724479388257, -2.5537601529123613E-4, 0.003111435356992855, 1.9692014673490575E-4, 0.002035418812769893, 0.0013330237044740726, -9.865151120059293E-5, 0.0021768130580369035, -8.965856742128377E-4, 0.003492848082967655, -8.244831117638308E-4, 0.004916776485246861, -4.383250583152898E-4, 0.007527534832995793, -1.380819649236549E-4, 0.0075860233427610425, 0.002193888446934515, 0.0072212542768928635, 0.0044999249115752725, 0.008304249463968813, 0.006459633361939732, 0.007240992145676691, 0.0064253676014222145, 0.007014512490775413, 0.00597434949944264, 8.351119613615947E-4, 3.248965441059242E-4, 0.0020100457242284964, 1.4407926678150056E-4, 0.00319832101327991, 2.0131889012057108E-4, 0.004727715114763342, -1.2705660908545304E-4, 0.007660582459525485, -1.5433084997974473E-4, 0.00785689548367093, -2.6008843665917107E-4, 0.005872604495235477, -1.8129415220133848E-4, 0.003464509347788307, 1.384395793717834E-4, 0.0024124629832122345, 5.410527339351519E-4, 0.0016678564331962479, 7.955673805985364E-4, -0.001975445816137668, -0.002178342396266134, -0.0021086813887990353, -0.002171350426992329, -0.0023844347893094307, -0.0024234003424970663, -0.0024378541540825394, -0.0029409156173192566, -0.002197910083929073, -0.0028576468684454385, -8.503296571934414E-4, -0.0018192407509155012, 1.4984777395347278E-4, -6.196307558864678E-4, 8.619252936873399E-4, -0.0012938665605918113, 3.321054449320104E-4, -0.0011278096223667484, -1.965807367491478E-4, -0.0012969783692158776, -7.964559012791248E-4, -5.511782624440074E-4, -8.351820109705503E-4, -1.4881376363898725E-4, -0.0013494679733627951, 1.6082712713909333E-5, -0.002218081695733994, 1.2034158509786498E-4, -0.003150026204349952, -3.360715356708635E-4, -0.003309268824947451, -0.0012157021564327397, -0.002901998183614991, -8.650545071734508E-4, -0.0020795967589374133, -8.09748770752576E-5, -0.0015967076530083713, -3.278691119421798E-4, -0.0012498519416518543, -8.046973994825388E-4 ], [ 0.0019195940010003228, 0.003213925708010001, 0.0014044359420733934, 0.005505830344714541, 9.499607281115447E-4, 0.00745531356271336, 4.482175553818324E-4, 0.007648795064491632, -7.201039022580098E-4, 0.008554320963842567, -0.003635650658156786, 0.008186012844887364, -0.0026891164443801534, 0.007641434428401086, 1.7258595405995544E-4, 0.004253686945327438, 0.0029067021878158503, 0.003333332599577817, 0.004553761341164193, 0.002869333315330635, 0.015232931762906332, 0.015463836070462608, 0.015129486907107305, 0.017412398472355088, 0.015317824629524884, 0.01850335738660094, 0.01654047284812972, 0.01769729078788746, 0.017297866393922008, 0.01725055712479708, 0.01753380907254514, 0.011288428161745162, 0.016466835944120066, 0.0024538059627319366, 0.016279318812122107, 5.50926867054407E-4, 0.01295928387441061, 0.0018402742928565019, 0.011752770700069899, 0.004535148639890735, -0.004446685298471884, -0.004415380652565807, -0.004554946555365064, -0.005638927388086936, -0.005074775633820837, -0.006762603373442939, -0.006274548904058059, -0.0064920027617248535, -0.006589231738429314, -0.00663175781219422, -0.00460631691449126, -0.005884131561219188, -0.0022057773255831216, -6.70147791552922E-4, -7.712986295708111E-4, 3.249880557898454E-5, 0.0015796573026237283, -0.0010260004305722198, 8.475631009706415E-4, -6.003839293281178E-4, 0.0010497657313927639, 0.00257163226936329, -6.497627316658311E-6, 0.004972470918243725, -4.0951627229770496E-4, 0.0072735066054390105, -8.054427357526343E-4, 0.011390887354219836, -2.738253434784693E-4, 0.0143342539384399, 0.0034659171702961684, 0.015136548546925819, 0.013251391150235582, 0.015537968469766327, 0.019576032223173546, 0.015592773323925, 0.021484367558269563, 0.016114331076413704, 0.021605343655516293, 0.016307085668785012, -0.005894465681384695, -0.00524303217749442, -0.005692398242341504, -0.004150545244939159, -0.005789760618956415, -0.002310356995010053, -0.008271461857535368, 9.387267406914054E-4, -0.00922276471215984, 0.0024923764116752964, -0.005879227441565334, 0.003268042397051955, -0.0013561694107634436, 0.006290909122129034, 0.0018607196363891285, 0.0061453029487777075, 0.004516383485710114, 0.005695599134447997, 0.005234943381814388, 0.005312526862041473, 9.85484421093405E-4, 0.0012125866990136066, -3.4553225067568687E-4, 4.5793990384834706E-4, -0.002581633305538931, -0.0017355221903513414, -0.004224670075003144, -0.005277090762743991, -0.00640680877015843, -0.007222128700480686, -0.007133683360719468, -0.006582911446854355, -0.0050466071252033284, -0.0018093351886561077, -0.001569911471416054, -7.273095853218993E-4, 0.0013818826709009473, -1.5416240063926504E-4, 0.002127011665240523, 1.7270633574477363E-4, -0.006505274817749653, -0.0060930654855261765, -0.006534053177049203, -0.006670078728333095, -0.006005032575109563, -0.007598755113115067, -0.004961612309518815, -0.008385335206644723, -0.0037540724391865385, -0.007662929825087565, -0.002097634465775866, -0.006394684069135288, -0.0014368277287607777, -0.004712345782430912, -0.0015301543877406939, -0.0027791206599038195, -0.002351119938882494, -0.002441407916902608, -0.003017493173714151, -0.0025888654536643813 ], [ -1.940059851159598E-4, -7.42185418902276E-4, 4.7473701206616277E-4, -0.0015690998418257445, 7.559741599904321E-4, -0.0023613602772965614, 0.0010738789147308621, -0.002824178818708162, 0.0016314893499947143, -0.003635650658156786, 0.003105276949349558, -0.0027855534386634815, 0.002874081488222594, -0.0023314905765005095, 0.002128637299637456, -7.68566231729807E-4, 6.334003034208891E-4, -1.7046078501647315E-4, -8.9234377450567E-5, -2.4216082373374772E-4, 0.0010525726260171959, 8.085381126536374E-4, 6.639525277022241E-4, 2.9553020221207565E-4, 2.0784396166745496E-5, 3.0316246547726225E-4, -0.001020335421422226, 0.0012423203546102117, -0.00234770816679575, 7.130858728002141E-4, -0.004556183658501175, 0.003381390956607346, -0.006429480689018349, 0.005912569946730511, -0.004385550288834392, 0.0016963195741357194, -0.0015987900803154892, 9.771920015169714E-4, -0.0014180724080637384, 9.171569226206936E-4, 3.3530100627758954E-4, 2.0165319458171087E-4, -6.0067053229686087E-5, 5.502871641273803E-4, 6.080657397988115E-5, 7.21008435072965E-4, 6.797941130724146E-4, 6.148303684486526E-4, 0.0012331747336749078, 9.090049552899549E-4, 0.0010849167198099137, 2.9507405255018966E-4, 5.097457305435918E-4, 2.5145848473268523E-4, -0.0014708201896290753, 0.00302901398232372, -0.0029038294864495618, 0.003053907594481143, -0.0016542218327609199, 0.0013647228497230433, 6.918013817997233E-4, -8.020041149603401E-4, 0.0016667121614045992, -0.001748318282185541, 0.0029493243376875478, -0.0018955961686873699, 0.004449736568027516, -0.0025572781086514148, 0.006069239553376696, -0.0024780752364772286, 0.004463494425541037, -6.880928441890953E-4, 1.4542246171917643E-4, 6.18917971635013E-4, 7.612288843199116E-4, 0.001600056030050082, -2.615452525364416E-4, 0.0010838774986076426, -4.243225380148397E-4, 5.668598628862536E-4, 1.6168114264993082E-5, -3.580351504759451E-4, 9.00898313706236E-4, -7.208674874235256E-4, 0.0020754232553862944, -0.0010621636638216644, 0.004506112042104483, -0.001823368065389071, 0.007234096865180575, -0.001746152342150009, 0.007335332681884987, -0.001528939638605874, 0.005039105654075125, -0.002338317320487414, 0.002196697844040701, -0.0019197577258730132, 6.449026154683906E-4, -0.001397532028884817, -2.0883317936176975E-4, -0.0010374897171029223, -8.501571820489245E-4, -8.229827117081292E-4, -8.241711434361862E-4, -8.170200099039846E-4, -8.029968920290667E-4, -7.547152050952591E-4, -9.300857650166364E-4, -4.302744690559781E-4, -5.467187389706616E-4, 8.660342545646215E-5, 3.201999778516293E-4, 7.256587476723588E-4, 7.431680467031984E-4, 4.573530514043178E-4, 7.565920467853158E-4, -6.518402448184813E-4, -2.990891131473542E-4, -6.714192927278063E-4, -9.455184475325297E-4, -0.0010236864990847572, 7.166966885179373E-5, -8.693806872273947E-5, -9.45809771713789E-5, 2.1369429269729647E-4, -7.447999109488962E-4, 5.225083681897197E-4, -0.0016527533238812247, 8.301342838304918E-4, -0.0023326058123936434, 4.137000276856573E-4, -0.002521893777175446, 8.789270750332178E-5, -0.002084289620775505, 6.061093517551032E-4, -0.0016647967171556548, 0.0013014986695923437, -9.143223063591508E-4, 8.690992860334893E-4, -2.187168197223682E-4, 3.129401502965441E-4 ], [ 0.0010608362742044177, 0.0018596692716187262, 0.0011432305777079686, 0.0039607650680707224, 0.001123857963048251, 0.005995550069922882, 0.0011701696048375596, 0.006539634909027651, 5.845759521520698E-4, 0.008186012844887364, -0.0027855534386634815, 0.010137986870210908, -0.0029904738004282406, 0.010570325449854978, 3.785857208693941E-4, 0.006942642173140441, 0.003369879999913712, 0.005248561617036217, 0.005862047798641935, 0.004012427696611285, 0.021372934687536253, 0.020916760377925493, 0.02124360597034271, 0.02267531323971128, 0.021059192339431605, 0.024344695947062706, 0.02244058513948524, 0.023837680896879914, 0.02290503212109056, 0.02123686040300724, 0.023553162537382107, 0.013968064081713537, 0.023208759021555, 0.0038511540225422934, 0.020497426499096808, 0.006623358666548718, 0.014134086284326185, 0.00887144277633395, 0.013449452170032045, 0.00988159587899411, -0.004457061362368437, -0.004318806234227687, -0.005250220612042127, -0.005393949226135869, -0.006121420050456917, -0.006915370399509291, -0.007603818467849485, -0.007381478539948269, -0.00803569562293254, -0.008356595065048754, -0.006185506657214233, -0.008657915672125219, -0.0038565370176277345, -0.001317275215369865, -0.0019092658192012015, -0.0020311264700074863, 0.0016734545960492364, -0.003280059116245399, 1.2599642188409365E-4, -0.0020356406107804813, 0.004334170186648238, 0.0047012453024299315, 0.003774781051348091, 0.0064010103168537676, 0.0042306473708546765, 0.008586382511537705, 0.0044971815515166234, 0.013053499429517362, 0.0060953274999474595, 0.015876509349195968, 0.010216284564737577, 0.019135313052665068, 0.02104130391629428, 0.020181443773895386, 0.02688924228738276, 0.021379104097014354, 0.026651572578690205, 0.023048305682725142, 0.026536417539348718, 0.022038661312415195, -0.009075626169802481, -0.00889271658925287, -0.008165922830914985, -0.008174666028558384, -0.007600096094426136, -0.007211503951819646, -0.00939126264448638, -0.005034277617642267, -0.008523916995672402, -0.003397086463629729, -0.005358574123381642, -9.08709118127233E-4, -3.967078284603687E-4, 0.005126120697451822, 0.00323298