regionId: 1460409888, index: 1, origin: -1.2024180618087128, -1.1636992615720692, 0.006227666627000528, normal: -0.0037339159543749866, 0.014456717150599891, 0.9998885243870305, concave hull size: 177, number of convex polygons: 3, [18, 10, 17]
regionId: 1258877572, index: 1, origin: -0.7824844903208074, -0.9473319322054956, 0.10574516602221146, normal: -0.010338210874349897, 0.018202481374622142, 0.9997808715252178, concave hull size: 33, number of convex polygons: 1, [13]
regionId: 584133892, index: 1, origin: -0.5071021151542663, -0.6626983353495598, 0.0526132141891867, normal: 0.688324821950926, 0.7238829623635038, -0.04692969514139274, concave hull size: 13, number of convex polygons: 1, [8]
