{
  "weights" : [ 0.7842625708494938, 0.7847160973310229, 0.8041937697877535, 0.801215875182276, 0.8651096385835475, 0.8010722030150097, 0.8472383036051426, 0.7708937573619672, 0.8310473817688214, 0.7560353262629742, 0.8023124384940872, 0.7689643342105318, 0.7654548837953232, 0.8052161560499367, 0.7551723068547185, 0.800050398905346, 0.7409691716025925, 0.7624473707592072, 0.7397301274125657, 0.7416375138573646, 0.22679414694986655, 0.2703264082680088, 0.2050216847159461, 0.3247458218386105, 0.20465538725911606, 0.3494828192881931, 0.2940195395425097, 0.38706192293117747, 0.30146536586589884, 0.38750055687236307, 0.3292491042722007, 0.32310638155785987, 0.3662821416807046, 0.192740193194576, 0.30298914589118603, 0.07754893064161227, 0.2186914468975623, 0.030426349525950372, 0.14659789006578533, 0.07967314980605583, 0.4733468647469584, 0.46801175559647934, 0.4774804216267491, 0.43973054969408587, 0.41272797153084495, 0.46169731003352377, 0.4218164646484581, 0.5024461375644012, 0.4409689269615134, 0.5187167101976685, 0.47294600561060485, 0.537646855192215, 0.4901062145849403, 0.5567559782957987, 0.5190072873172866, 0.5752477673973753, 0.5217075803231276, 0.5725965160075702, 0.525689365083731, 0.5565793938403525, 0.011292070494623274, 0.0016425826562725676, 0.0328264421873227, -0.015313728706495798, 0.0303934113020205, 0.01740579161712027, 0.09538851554838287, 0.05331617658848214, 0.10372517104678068, 0.06803855059431027, 0.08092111682723692, 0.08672068234995618, 0.12972735837264546, 0.07527778642613805, 0.16269516255909133, 0.09350043454164779, 0.17791133225060973, 0.12429950135292947, 0.17803029182491686, 0.1709252213159627, 0.4478692011065841, 0.4564591872666449, 0.4501585914527484, 0.42043953905800563, 0.40738980419511345, 0.48486406756726175, 0.4997597444613402, 0.5596850674158026, 0.5181713770023355, 0.572441974473249, 0.5266672611745138, 0.5387354391444215, 0.5265240723689709, 0.5254139770874724, 0.5507518325309579, 0.5567612229080265, 0.587097431773907, 0.5954257776640766, 0.6060216986728313, 0.6029487585608764, 0.11328496376576129, 0.11890251915333339, 0.11614423486753417, 0.16989461729383842, 0.14305964391577386, 0.18768317888941954, 0.1568128670074056, 0.19166056179349247, 0.15690248477848598, 0.1842214536230505, 0.16837199543344405, 0.15211705625393396, 0.16935095586828147, 0.12458047542115044, 0.1693971571678988, 0.12796933269366112, 0.15917096482860546, 0.11327002691566784, 0.13367398474980158, 0.1044607590726754, -0.268834912116963, -0.27763449373324545, -0.2664744364103575, -0.2971933836497611, -0.24542375739299704, -0.33789395934739125, -0.3914068848379391, -0.3992605761650737, -0.4123842682717943, -0.42497872238854834, -0.41007752224486926, -0.38728782528542205, -0.37560242089932244, -0.3352517443181209, -0.33594273269667463, -0.32886987342178897, -0.35157942313620943, -0.33925986610112696, -0.360704425097931, -0.3603861983042212 ],
  "covariance" : [ [ 0.0052735740120692775, 0.0043901116366879545, 0.0040941347554529555, 0.0021994833715529073, -0.0010678795777057037, -9.262846837096686E-6, -0.0020503884899299935, -0.0017539075428291454, -0.0020412229909526286, -5.593807639778307E-4, -1.9696289993435738E-4, -2.6462234418152985E-4, 6.880659457604304E-4, 1.192164679141801E-4, 6.136690510254552E-4, -3.381611920668364E-4, 0.002023027744400085, 2.955031520742391E-4, 0.001899231212077772, 0.001389077294816567, 0.0022508436454679037, 7.189451549093678E-4, 0.004312178787578581, -0.003338766239610858, 0.004595499309061723, 0.004206431166317717, -4.1421059410447214E-4, 0.001398563752646518, 4.623648995819212E-4, -0.0030472786565487885, 2.537090535164609E-4, -0.0019926475988368037, -3.2288120860065456E-4, -0.004182361610181368, -0.0020398257254516353, -0.0036458534122170787, -3.6337594045871E-4, -0.002652735048865664, -9.534534830450572E-4, -0.002217936795226491, -0.005896950340288143, -0.004148120480856784, -0.007066530489497777, -5.346732200266308E-4, 1.765653047489017E-4, -0.0030552614928005305, 0.004780152050284449, 0.0011184479282976701, 0.004042305040250801, 0.003034396560557546, -5.360232283615363E-4, 0.0015337744664922002, -0.0013203339879876226, 0.001407209470692744, -8.588379527831295E-4, 0.0010993747555885513, -0.0021069377563100017, 8.907373010641673E-4, -0.001972590964521009, -8.386139660652845E-4, 0.006925994462986434, 0.005274329761447319, 0.0030847018170111237, 0.007049770295715433, 0.004697398906276718, 0.004409447542278023, 0.002920660001773249, 0.0012726345223343938, 0.003538077730235447, -4.1070248316563043E-4, 0.0034792741463112284, -0.00183947126585863, 0.0019063993634770356, -9.645739644467884E-4, 4.873774092685024E-4, -3.2869044489596233E-4, 6.393480192785212E-4, -8.245486918787832E-4, 0.0013791990959534765, -0.0015498940384266497, -0.004969967484987444, -0.004829108262636143, -0.003853088302633881, 0.003237464443278005, 0.007125803706289275, 0.003611792830127166, 0.009946574050353955, 0.005312365998867914, 0.008511265752943363, 0.0022449632770223465, 7.17044267270796E-4, -0.002545509763941744, -0.0013881593091342812, -0.0018178298457878109, -0.001251841416477261, -0.00184188750407079, -0.002337543394107805, -0.0025503895346709765, -0.0022367659691577132, -0.0030274430421833387, -0.0037144752454360704, -0.0027650092924459803, -0.0013498926160481965, -0.0038192960803509458, -0.001745027895503772, -4.954937305168755E-4, -7.76438417536384E-4, -6.678937546758885E-4, -1.357464093257512E-4, -0.0015405248901201546, -0.00178326441191678, -0.0012865749068577802, -9.562950442043909E-4, -0.0012715429008629958, -0.0015881867665577035, -0.0023284021633807974, -0.0028672968415539707, -0.002969594703547132, -0.003880276056947933, -0.002463794995283364, 0.005812883469030268, 0.004876431835060563, 0.004999019245192318, 0.0039328895456212255, -0.006886420524093085, -0.0047293915011359525, -0.006533881691497211, -0.005238127340816592, -0.004875136320552485, 1.3409794179876347E-4, 4.28161925850543E-4, 0.0022413849817805704, 0.0013368798599387346, 0.0029613171275178485, 0.0020225731343749983, 0.0032681558773421755, 0.0015280411648583687, 0.0038775239331171676, 0.0026316395712196834, 0.0028010404437925776 ], [ 0.0043901116366879545, 0.005961271539855731, 0.0026507218821583633, 0.0028666504964919254, -0.0025911995249537326, 0.0012176835537618094, -0.003737302915301361, -8.745459518277442E-4, -0.0050066741231222095, -8.889693457696191E-4, -0.0017706656337759807, -0.0017083512884568158, 5.190905149261239E-4, -0.0024390517561128115, 0.0013646268290602042, -0.0024141742886044306, 0.0025020674928106393, -5.854360235169889E-4, 0.0026038563276494934, -7.755121628734318E-5, 7.444362474815374E-4, -0.003560649172637622, 0.005396717863767727, -0.01173432744960782, 0.006287655955893641, -0.0021561655801442875, 0.0028978429319636476, -0.0024558707891383516, 0.0019649262048094768, -0.007236259170460145, -3.2210737072778915E-4, -0.0038112076238201904, -0.0028444258242209344, -0.005033596038654392, -0.010047602503700027, -0.008859609629519358, -0.01420536411334275, -0.012410535584513965, -0.014808905312276122, -0.013177742928084893, -0.00826074788530523, -0.006071202745230248, -0.00887115543398805, 7.518332387359352E-4, 0.0017554808891993051, -0.0021737587375047695, 0.0069356710175470975, 0.002434413285329181, 0.008071375305880571, 0.006098702526120032, 0.002237120294979228, 0.004548098473229379, 5.89189903941346E-4, 0.004820380576953436, 0.0016336770437791483, 0.003655086069313884, 2.452246307145003E-4, 0.00158785360471843, -8.555306677266131E-4, 0.0014563110741973753, -0.007246359803813056, -0.006555912989233422, -0.009693646892997818, -0.003680897309965945, -4.868064806369294E-4, -0.0038976789941479054, 0.0021197657875083, -6.202483676705775E-4, 0.0062337676761698635, 9.420267925316758E-4, 0.004291824363541429, -9.51892577372253E-4, 0.003000543072334607, 6.026855450602258E-4, 5.094400983510746E-4, 4.117813070854077E-4, -8.198393177098506E-4, -0.0010075505468613202, 4.0743302165253465E-4, -0.001167333208807351, -0.01822720426897783, -0.019841668436204284, -0.015274135948580195, -0.0055701518745869955, 0.004318392709542709, 9.562041124637227E-4, 0.011681089864195133, 0.008204704976885352, 0.014724751779059941, 0.006871293516080947, 0.006665046191116214, 0.002891352864447112, 0.005424356482442512, 0.005790461681862445, 0.007880619061545018, 0.008429634935203248, 0.009011941402956667, 0.008740737965402095, 0.009828472610599572, 0.008140901954102652, -0.0028235346048852638, -0.00415256311458527, 0.001258187820771689, -0.0030839265717969573, 0.0027507986555896508, 0.0025253902544958434, 0.0032377945158065377, 4.878033326975515E-4, 0.0023254464839153268, -0.0018794073869121772, -5.351542631514058E-4, -6.290720249146626E-4, -4.478428160750453E-4, 3.487178763369321E-4, -5.123236088254402E-4, -4.0625784346242163E-4, -0.00226352236761078, -0.0016659185887636983, -0.003680824454949223, -0.0023816770758761205, 0.014363028622263923, 0.013925531546241935, 0.012512952953026416, 0.012337807172063222, -0.005727428868274921, -0.00251472106925857, -0.007214776434500922, -0.007253132431471055, -0.0071322020264190196, -0.0016719858998540534, -0.001028726097867104, -5.587838075810765E-4, -0.0016442337299687156, -9.973889253454664E-4, -1.8670685621007937E-4, 0.0020185557582497542, 0.002749800159936195, 0.00474097871275757, 0.004393823520903472, 0.003029679057413051 ], [ 0.0040941347554529555, 0.0026507218821583633, 0.0039043652245320318, 0.0019212768958336564, 0.0010757687781156025, -1.145471762316974E-4, -6.01477612551744E-4, -0.0018672656874386712, -0.0011430026840943727, -2.8884055815546527E-4, -9.416741630126528E-4, -1.0163578159810527E-4, -3.012458558756554E-4, -5.018594448114256E-5, 6.713701941279248E-5, -8.377468162784873E-4, 0.0011230310304117797, -0.0011182863149208203, 2.9994728558209476E-4, 1.6244185820453252E-4, 0.002907418161055286, 0.0034766340457453235, 0.002670826743616376, 0.002896883090316552, 0.002543153258042262, 0.007219910728122824, -0.0010435240614722772, 0.0031343944488453684, 6.57933536775264E-4, -0.0016502682047096742, 0.0011325225997828854, -0.0014452644520667618, -0.0010278492439885778, -0.002041943998013469, -0.0017459375762806303, -1.8018951784093306E-4, 3.058157170401078E-4, -5.264679020872756E-4, -1.4383200277931198E-4, -0.0011146027553303878, -0.004322306705651553, -0.0037631997844077133, -0.005408789853473093, -0.0029205878876779287, -0.0025700596217737583, -0.0039228304497779184, 0.0018533264345260588, 8.646137801593134E-5, 0.0017029605666500926, 0.0016279183760288586, 2.4970911835539615E-4, 9.792647178861746E-4, 9.855240127865116E-4, 6.253666692099139E-4, 3.678259842174689E-4, 6.954681113086338E-4, -1.508521840119098E-4, 0.0017841223777808068, -2.3986925066281418E-4, 2.9856291562300124E-4, 0.00795613463359003, 0.005342267193489847, 0.005312728276386935, 0.00647388318940596, 0.0032241397586758374, 0.005235641760786012, 0.001871037454214178, 0.0016837084912688538, 0.002698832571643155, -7.644540442790316E-4, 0.0037616336340419777, -9.2579866377123E-4, 0.0016555837433089473, -3.111820643388133E-4, 5.635948990973082E-4, 6.384760640186498E-4, 0.0019167250236647904, 0.0014572298696520491, 0.0030867410085685413, 6.708283624657513E-4, -0.006137684414173027, -0.004891471975725084, -0.005127497012483444, -0.001640609446841333, -3.240208941674041E-4, -0.0012338720581076983, 0.003920679111759273, 6.699613174538735E-4, 0.004331181763384082, 6.519398446428787E-4, 0.00248187599872336, 1.4254025376095672E-4, 0.002493956990165878, 0.001642724685524092, 0.0028644508996281126, 0.001459096263937717, 0.0018584497475381634, 0.001682642982182734, 0.002107976020348185, 0.0015073211407520398, -0.0033794032038390455, -0.0013780027119941866, -0.0021837659385019973, -0.0023102504186388348, -0.0030441591554484343, -0.0012850457045690807, -0.0023827717214526564, -0.0013664408122766737, -0.001396161933451249, -0.0015965627191848989, -0.0017876926484327656, -0.0014013191044259796, -9.934327980232604E-4, -8.353210508403359E-4, -0.001417284612287654, -9.673738881836553E-4, -0.002115587712363373, -0.0019103596092998976, -0.0028975987204155423, -0.0016646848444243749, 0.0032718807392138954, 0.002049241610327128, 0.0031766616203644654, 0.0011888918711569947, -0.0026839386110073813, -0.003422587901662686, -0.004204807251281714, -0.0030562616505047852, -0.0032614596004919712, -6.01738893898903E-4, -0.0010842261461992654, -5.552283208163644E-4, -4.6382961203018713E-4, -3.5135009347268446E-4, -0.0011062440910914698, -0.0013822953318570438, -0.003269738918395384, -0.0014794659829341433, -0.0028411500174654876, -0.001955952261307644 ], [ 0.0021994833715529073, 0.0028666504964919254, 0.0019212768958336564, 0.002227787794032147, 2.92325523107748E-4, 0.0010032980111810178, -0.0016112973501146547, -6.480719791160842E-4, -0.0033009886343856837, 1.5381082479005962E-4, -0.002404006004598392, -7.536564317655488E-4, -4.68286705704021E-4, -0.0019981866427037525, 9.930676455440354E-4, -0.0024221648410812265, 0.0017145312637784759, -0.0018563876894314919, 6.688531684052188E-4, -0.001062612866659387, 8.564201934650106E-4, -3.3128555746484405E-4, 0.0018086301484481217, -0.0024510413587259237, 0.002047873182467662, 0.0018299502931609461, 0.0014076866652993653, -7.974810026173874E-4, 0.002492222111764351, -0.005529449182672298, 0.0018310837115134797, -0.0031695812777860614, -0.002676685788670687, -0.0017327876797099794, -0.00739298352223976, -0.0027077714321572474, -0.010604838026762323, -0.007317667395838101, -0.011365371139173802, -0.00930364470470746, -0.0044597947585968386, -0.004316151179264118, -0.004653204716654736, -0.002174636229742656, -0.0010556230812518517, -0.0026155470884344453, 0.0026124348330091897, 0.0011926299417803277, 0.0035446634999312552, 0.0035826033284303118, 0.0019996355892159747, 0.0031054736154691735, 0.0024711436137384254, 0.0029853267147852414, 0.0019332249623935922, 0.002358147483672543, 0.001985355149064162, 0.0019038034062613522, 0.0010457505032611762, 0.0019907827462624637, -0.004764111572921349, -0.004792599268223453, -0.005613405866703081, -0.0027394095744234744, -0.002623702316527425, -0.0014319249516992001, 5.9750537657178E-4, 2.963675408748681E-4, 0.004184876632859165, 2.157659675497724E-4, 0.0037313163026465868, 1.949678108421207E-4, 0.001518451359425585, 9.3620979901534E-4, 1.0677024664850689E-4, 0.0014888430280092593, 2.1912438849131254E-4, 0.0018530222683253521, 0.0018201371119328075, 0.0013965171897724275, -0.014891371575224632, -0.015214111973868311, -0.012358817971294388, -0.009334907999867368, -0.0035164685679529013, -0.004054513561375765, 0.0037655259397279665, 0.0018760044082703432, 0.007377922451120578, 0.0038809449268992556, 0.006987665128172098, 0.005235096267596067, 0.00814502869015991, 0.007863198936337232, 0.010108816885139964, 0.009737656279979185, 0.011249301579444747, 0.011307038589221075, 0.012255896535854635, 0.011105858947073804, -0.001876301226555993, -0.0017884721785203944, 3.6189561812674867E-4, -7.283734812112538E-4, 9.649505327687977E-4, 0.0011448555140024796, 7.478549397056946E-4, -7.701541620034229E-4, 4.8798026131777395E-4, -0.001966568044153786, -1.4853900978486914E-4, -8.906014951141705E-4, -1.966876726321101E-4, 7.032711554231663E-4, -2.78986467570176E-4, 0.0011190397060427194, -0.0011198010518037387, -2.3925209753233637E-4, -0.002122704055272943, -0.0011667574443615769, 0.008241816298446957, 0.00771537126942259, 0.007591399369673921, 0.006364986189021733, -3.793710084077619E-4, -0.001120342763291629, -0.003473873399780846, -0.003470184325860615, -0.003953552222498437, -0.0020360783342272177, -0.002412737998695556, -0.0034789272292967003, -0.003119067075926153, -0.004302130138606815, -0.003390122860457415, -0.003236934377247831, -0.0027492071299225246, -0.0017197109964431523, -0.001991873270083675, -0.002359462618022061 ], [ -0.0010678795777057037, -0.0025911995249537326, 0.0010757687781156025, 2.92325523107748E-4, 0.006261945886332395, 3.1806868374408643E-4, 0.002561547631219466, -1.0733249984413065E-4, 1.0365986012715104E-4, 0.0014253357546529914, -0.004026436296814211, 6.267280268791983E-4, -0.0034855689930014676, -0.001034728251000357, -0.001229109669857692, -0.003280745614749229, -0.0017067599067854898, -0.005923503303313584, -0.0034252916126024284, -0.004530428487061773, 0.0037534555850406576, 0.008574388772711319, -0.0011497747193784317, 0.01697052204512493, -0.003545461542317837, 0.0093493584612127, -2.3330896313403932E-4, 0.004212888480504372, 0.0023131097883307182, 4.183819491297389E-4, 0.003869576738541612, -0.001628346698037472, -0.0032221610697822922, 0.0010635855527584023, -0.004326106183857629, 0.004743330099790055, -0.0038423007459091325, 0.002160473424039357, -0.001688589250015519, -0.0012138346019343242, 0.0012033337987273167, -0.001803920716152175, 0.0010185035910118142, -0.008705807974504633, -0.008966510828669467, -0.004982730717780632, -0.005842011596197518, -0.0032507879895243004, -0.003867352137694381, -0.002473671974939265, 0.003616298642031573, 2.5139595196122574E-4, 0.007863950569895079, 4.0453795807314383E-4, 0.004101780360587736, 0.0012153199240077725, 0.004803125997061444, 0.004450575064021871, 0.004023897312644733, 0.004579912805556999, 0.006111251143408916, 0.002246865545967589, 0.007837883720909876, -0.0011269293959490767, -0.0033522914309431803, 0.0016794584298805912, -0.003314812098667173, 0.0011783282430119098, -1.1364822553843204E-4, -0.001833482902724051, 0.0037876235175518897, 0.0016551461424974643, 0.0015089259889726754, 0.0018727633179970507, 9.918694988343888E-4, 0.0027466300815271925, 0.004905832754842733, 0.006773668061197199, 0.00621511467118792, 0.0062480489690425745, -0.008718600633929962, -0.00579780494120005, -0.009197812907037013, -0.017275599547414623, -0.022366851359033508, -0.016054470355377055, -0.014923966203645708, -0.012333872334572508, -0.007888647653463565, -0.0030400966214659763, 0.008127646126086008, 0.00975234611530346, 0.015106353828234595, 0.014412011700454936, 0.01668650310014009, 0.014084953750050835, 0.01637556432693963, 0.015895247195049055, 0.01614554377440298, 0.016295340494706753, -2.2641715805115755E-4, 0.0021572255109419953, -0.0036131161154352893, 0.0023215597762957403, -0.004840143663015854, -0.002957459020700689, -0.003978885979913512, -0.002840069480460489, -0.0031973440342212803, -0.0015977841452373379, -6.414902251807504E-4, -0.0014475816112206965, -6.886692719218534E-4, 0.001105841695697082, -3.728962347181535E-4, 0.0035895431696812935, 1.3942488288969728E-4, 0.0018474184804037088, 6.507316867719999E-4, 0.0010810482186036207, -0.003781235295410079, -0.005758464945387597, -0.001740215044526161, -0.0056202543579782, 0.01135959185837039, 0.0030015128260201607, 0.004797211972486527, 0.004492238560468026, 0.0026900100221061087, -0.002616317740329857, -0.005216867316951873, -0.008591472097601199, -0.0062417961389280045, -0.009703075052019906, -0.009282449974837433, -0.012600948245793326, -0.013985699987193725, -0.014491761878672859, -0.015997654133672597, -0.013346503446278168 ], [ -9.262846837096686E-6, 0.0012176835537618094, -1.145471762316974E-4, 0.0010032980111810178, 3.1806868374408643E-4, 0.0017340563247177265, -0.0010109679147566812, 0.001911067570986637, -0.0034240152418965044, 0.0023428466760026215, -0.0041538598239654325, 0.0011032250088476453, -0.0020800634434990665, -0.0015511758896280992, 2.1033717813232E-4, -0.0029743276197661877, 1.438679336896842E-4, -0.0024874964271082147, -3.0840429439602673E-4, -0.0021297729686022143, 0.0010497742585959193, -4.3979248420478726E-4, 0.002026654436695863, -0.0011123046042495807, 0.0013983066185404985, -0.001320590434846182, 0.0031808470221539567, -0.0023193976701451893, 0.004862361019718116, -0.0071867385498060885, 0.00513386117123847, -0.005961014559247813, 5.058226571182014E-5, -0.0018677323190747065, -0.0056234151124495485, -3.0164468728126115E-4, -0.009899836620074135, -0.003141281878504674, -0.00784454741979347, -0.005540408747250792, -0.0023526332314857887, -0.002690192724018967, -0.0022915794580764255, -0.0021534551836977305, -0.0012591981469199892, -0.0028603702397438755, 1.321504602032721E-4, -0.001679142352186732, 0.0018972324199634694, 0.0012622100075361687, 0.002589848325699347, 0.0020142479648898185, 0.0031563421143809976, 0.002889658830545241, 0.0021947188161880594, 0.0020683219565007537, 0.0029611782338282355, 0.0014914603898719242, 0.0018521074898916452, 0.0027040378219220684, -0.0059144427828893165, -0.005082426532592165, -0.005361378316831078, -0.005256642593388599, -0.004134637354165682, -0.0033788187432392943, -0.0015288295257860254, -0.0011464253866084184, 0.002752338521530183, -0.0011498243422701328, 0.0032517991357654224, 3.489309794765842E-4, 0.0019799080395667204, 0.0016197852175037152, -1.0484308038717105E-4, 0.002210397318059716, -7.005111279451294E-4, 0.00229989243234461, 5.161920521903807E-4, 0.0015096312378358762, -0.010663624307016359, -0.011589941901928042, -0.009495996881573028, -0.01031238967339281, -0.006668407827131637, -0.0069921771434291735, -0.0027572441729988803, -0.0021303777698755922, 0.0017059909495840367, 0.0012536531293019823, 0.004994874690530714, 0.00492349353197327, 0.00699146001156885, 0.00787728777562107, 0.008775259237423788, 0.009032619969285356, 0.009604679362729598, 0.00944114024198547, 0.009857980951969963, 0.009479067025329472, 3.480591775763482E-4, -0.0010399671745159392, 7.970491211148907E-4, 9.832317948699318E-5, 0.001529428286514991, 2.675678444303427E-4, 0.0017911374440053144, -7.463439056999783E-4, 0.0015820270409081373, -0.002208574068287448, 0.0013047234570816117, -0.0015415125994431849, 3.651237248661686E-4, 4.779442088012202E-4, 3.2850772209669615E-4, 0.0018560281551179786, 8.776839267354754E-5, 0.0011490888386601656, 1.806919722588026E-4, 3.963575248985833E-4, 0.004883723326567274, 0.004639879327695379, 0.004593016334184492, 0.004449344900263462, 0.003167184172355848, 0.0021104213199665176, 7.052980283814951E-4, -0.0010254145881387529, -7.698922908727596E-4, -0.0017709888181516337, -0.0015470635420463104, -0.00374904002284444, -0.0029709958858550214, -0.004696211702873683, -0.004028883288837816, -0.004149998519839001, -0.0033326776787502917, -0.00353268277312507, -0.0034692233091806394, -0.003659401116304122 ], [ -0.0020503884899299935, -0.003737302915301361, -6.01477612551744E-4, -0.0016112973501146547, 0.002561547631219466, -0.0010109679147566812, 0.0034852647587336545, -6.936625529238022E-4, 0.004138085813659318, -6.375475943020585E-4, 0.0010802374604692534, -2.4196266379574867E-4, -5.919131776465576E-4, 7.685773420955128E-4, -0.001582728303387751, 4.7640843794102876E-4, -0.0027033260566308175, -8.621303972988752E-4, -0.003173927185617252, -9.51806034677414E-4, 0.0019978844303730936, 0.00557940526912677, -0.001622764432326307, 0.011094622507197066, -0.0022378978740357188, 0.004960844313187759, -0.0021026620311552324, 0.004967658324712828, -0.0019760097182710797, 0.005494034100379456, -3.1072373520373735E-4, 0.003054700574593933, 5.9218840996894E-4, 0.005104762797238735, 0.0064543096430099995, 0.008347890203182962, 0.010175872150694775, 0.009970718301709406, 0.01079628112199882, 0.009905490474356444, 0.0035819009167561877, 0.0024011468079520944, 0.0032329139797278314, -0.002209698226053805, -0.003829125148843103, -8.841103919700636E-4, -0.006167619590857642, -0.0025739760570165754, -0.005647473581291947, -0.002833289721530355, -9.488970147951322E-4, -0.0015379854339632622, 8.99109645484793E-4, -0.0029470736539678314, 3.370487841363253E-4, -0.0016224723288191319, 0.0019010871452618315, 6.026356228004066E-4, 0.0025531695751113913, 5.050808094867566E-4, 0.006535204608916109, 0.004889217779298611, 0.007832607379771126, 0.003455318889141365, 5.61171212410326E-4, 0.004614691051258278, -0.002070348377549536, 0.0017557318878156844, -0.0044260311407228, -1.807385829414026E-4, -0.0012207952231976774, 0.0010270214581095261, -0.001171954046513364, -1.57505876757359E-4, 5.980874826637518E-4, 6.848433605184298E-4, 0.002215489072034243, 0.0022601571567440848, 0.001852956973112581, 0.0024853293024997814, 0.006275523856009441, 0.008263203473965653, 0.004793436176443586, -8.143534404809472E-4, -0.008115149562716691, -0.0048848715969661855, -0.010808339380537975, -0.007825166470747644, -0.010204576042079876, -0.004040484963259329, -0.0019490975630910596, 3.1533970519296434E-4, -3.812899191235594E-4, -0.0012160980766266678, -0.0019793036475921335, -0.0030641825045624226, -0.003195057317862793, -0.003246124037374415, -0.003563480476189276, -0.002549665474283516, 9.626911859748724E-4, 0.0027518214579054226, -0.0014221688446476148, 0.0017668329976908502, -0.0028104560804473122, -0.0025111874747830156, -0.0030669920699362735, -5.546310774252778E-4, -0.002065269616050087, 0.0011817768181767603, -3.1350359161131053E-4, 7.255233169476168E-4, 1.4510980943914691E-5, 2.4471050156230496E-4, 3.5098811939678255E-4, 0.0011275857331598384, 0.0019550146440684207, 0.0018333223037016629, 0.0029721197059259788, 0.0021898007201352748, -0.008023754345333313, -0.008038540243491933, -0.006810755515279757, -0.007004081190906841, 0.005146479999461867, 0.002449957912121145, 0.004303710865208078, 0.004420524355696, 0.003316098694479222, 2.1029800795668307E-4, -0.0015294466161007777, -0.0013438101218492652, -0.0012527573711083723, -0.0016947035824831503, -0.0034029835901584894, -0.005200671319447972, -0.006979905250511259, -0.007783719436166452, -0.008175803255097088, -0.006738084780218911 ], [ -0.0017539075428291454, -8.745459518277442E-4, -0.0018672656874386712, -6.480719791160842E-4, -1.0733249984413065E-4, 0.001911067570986637, -6.936625529238022E-4, 0.005038317723718266, -0.002865480202593612, 0.005869354269478401, -0.0048058688886961015, 0.005395739047433561, -0.0033965654880665987, 0.001481627834349832, -5.211255490818319E-4, -7.383259635390905E-4, -6.116634276486183E-4, -6.929674657346179E-4, -8.44501205508903E-5, -7.512604190278501E-4, -3.1284979569532227E-4, -0.001523654373044728, 1.0350991353645334E-4, 3.297309844117667E-4, -0.0012005363073762214, -0.003985978396055813, 0.0030506903932950103, -0.0045694565110383015, 0.007016885032479504, -0.007051341578296312, 0.009198359496117652, -0.008291407177334167, 0.006208900628843414, -0.003347396791917163, 0.0016519649436142596, 0.002813047779395491, -9.192078841543749E-4, 0.004999160002141119, 0.003488562160915074, 0.0037211046199434193, 0.0020634669038831544, 0.0012735810648092374, 0.002555779907317169, -5.234444805548205E-4, 6.676781413543097E-4, -0.0014828114595707746, -0.0013093306729962271, -0.004352227218031296, -0.0010188462462212503, -0.00413657789485563, 0.0010581788786542363, -0.0028495656894021184, 0.001112574603123117, 2.1921602406889642E-4, -4.166586265637578E-4, -0.001038539092129529, 3.509400206757043E-4, -0.0013740070235391446, -3.498653786071366E-4, 1.0289073846171967E-4, -6.51274098745511E-5, 0.0012329737725176979, 0.0010291401875960522, -0.0015322880342985498, -0.001557066317231383, -0.0019292594442417127, -0.0013739710431992073, -0.0031743080342272636, 8.178921045854827E-4, -0.003911563109701173, 9.161074242662588E-4, -7.204562372837678E-4, 0.0013960629355423636, 0.0012327133097620924, -0.0013992499417854328, 0.0015576387555062674, -0.0028286421447868497, 8.386313393387933E-4, -0.0024598696901047368, -8.930907081611457E-4, 0.0068500942947815335, 0.005488896380809781, 0.005386587284966092, 1.4359054946745466E-4, -7.302667111530752E-4, -0.0024535911176953645, -0.005320895229514985, -0.004273736060455057, -0.005855175984420403, -0.004772595487109025, -0.0037612530257450185, -0.002568858371116958, -0.0030368314201368236, -8.494284584235301E-4, -0.0026864650095791303, -0.0017638933169942007, -0.003122121271133343, -0.0032249300271074708, -0.00406546012997697, -0.0031605243858681964, 0.0023141359669550565, 1.535820411082192E-4, 2.4379173857264056E-4, 2.1888544161717668E-4, 4.150388361395997E-4, -0.0013118049169409053, 0.0012392436587949694, -8.896275452571411E-4, 0.0018199749232962659, -0.002252098376680624, 0.0024439756050094997, -0.0031541465320931417, 7.529654339403483E-4, -0.001699110717044821, 1.2187631703060798E-4, -4.0583190329996224E-5, 2.769480592418224E-4, 4.705330754351565E-4, 0.0014299144101106748, 9.336211756647655E-4, -0.0038187809306045603, -0.0037309815797991414, -0.00345932278905416, -0.0025411220415512657, 0.003014113918689515, 0.0023531977738812312, 0.004689067737606196, 0.0018416907602629875, 0.004571216176882524, 5.889238777232136E-4, 0.0032711108558524317, 1.9298287382938498E-4, 0.0023131325112042793, 4.991248898242112E-4, 0.0010957530199945955, 3.715038205155146E-4, 0.0014872539861642677, -6.927957315691041E-5, 5.026547758935652E-4, 6.124710036919751E-4 ], [ -0.0020412229909526286, -0.0050066741231222095, -0.0011430026840943727, -0.0033009886343856837, 1.0365986012715104E-4, -0.0034240152418965044, 0.004138085813659318, -0.002865480202593612, 0.009084438378449957, -0.0037192160305107268, 0.008112063127857774, -0.0015717175776847807, 0.0036525151430474, 0.0035414615433220745, -0.0011407238612891329, 0.005520161016149364, -0.0021078569832076116, 0.004392033523071952, -0.0014932658386621988, 0.0035372945725559357, -5.52523887918879E-4, 0.00346884852126083, -0.0040781027571223085, 0.008274774351249275, -0.003601177038516578, 0.003632854718171682, -0.006445940268777377, 0.006270370909160865, -0.008903753995309509, 0.014263928809378977, -0.007458535768150022, 0.010998348938791138, 0.002237426181309288, 0.007010808888214194, 0.016819125246220864, 0.00800079450530908, 0.0265665137297706, 0.015688658335090665, 0.02405936733611184, 0.020024010296305118, 0.0073659931821230375, 0.007286802057148197, 0.007132943078678019, 0.0033183468569418723, 0.0011528452628917828, 0.004592403235056286, -0.004861411800353812, 5.247550712582248E-4, -0.008044711497661916, -0.0036886854640687974, -0.006734208762001605, -0.004098990322193864, -0.006939798434408108, -0.007025600923718125, -0.005098476091270593, -0.004691377978607478, -0.004417384444413654, -0.0030499627614314537, -0.0014274734197736844, -0.004992607139743045, 0.014236368699401493, 0.013155418152095684, 0.013895571425108024, 0.012522205952463535, 0.0069696170347178805, 0.009867346142288664, 2.0467473620794336E-4, 0.0036234221007608166, -0.009186107617062251, 0.0017722436457929152, -0.007169159832080447, -1.513181903387907E-4, -0.005021100342345469, -0.0035876369115165445, 3.5252155839311404E-4, -0.0033606893355168184, 0.0014110147306794802, -0.003095935678849473, -0.001397681586276561, -0.001779104045013308, 0.02700727843390124, 0.029016751293254744, 0.023631782166492952, 0.020116329367698898, 0.009096789369438451, 0.009857196689086325, -0.0027882720689297535, -0.0014611344897553554, -0.011503059033594982, -0.005070369186357078, -0.012540598804597345, -0.009726095319381515, -0.01605462247734608, -0.017835381913020473, -0.021415820274514132, -0.021823738582534898, -0.023993224739422635, -0.02359318774117086, -0.024895298876484423, -0.023120203479385, 0.0010807928870021878, 0.0036377830775300157, -0.0012303328954119716, 8.139588557335203E-4, -0.0034776738890144043, -0.002619062215963336, -0.00417461092382984, 9.222046692099993E-4, -0.003057032240878398, 0.004524604297324797, -0.0015347409062934033, 0.0032292559869468297, 2.3068063112610037E-6, -7.520792648155569E-4, 4.50472397042259E-6, -0.0026144619884734535, 0.001805139430357753, -1.3019310965421235E-4, 0.0027974794962461838, 0.0015935069276098964, -0.015573444707070052, -0.014509653829435833, -0.01436391270328099, -0.012953060920655231, -0.00268231697795122, -0.001169520817710318, 0.0023948284906222003, 0.0051575892805675256, 0.0040463413742662935, 0.003912611715695265, 0.002164186242045077, 0.007063602085685801, 0.004871970470463507, 0.008633306914418359, 0.005272209890749746, 0.005153602559684265, 0.0021250536037696415, 0.001783011796282593, 0.0016763480420048601, 0.0027742480190678345 ], [ -5.593807639778307E-4, -8.889693457696191E-4, -2.8884055815546527E-4, 1.5381082479005962E-4, 0.0014253357546529914, 0.0023428466760026215, -6.375475943020585E-4, 0.005869354269478401, -0.0037192160305107268, 0.008828380041667805, -0.006905213805153803, 0.0084206705966766, -0.004650348810514434, 0.002923519830405575, -2.7728697747298657E-4, -6.985551421731311E-4, 4.24597751084459E-4, -0.0012089866693757527, -1.093525287716951E-4, -2.154955495102869E-4, 6.882894690350193E-4, 7.050727983576311E-4, -7.327889066247646E-4, 0.006022219264552539, -0.00274021731383927, 0.0011558546384692616, 0.002037090688844143, -0.00421433478905381, 0.010456086947294803, -0.010511057969243315, 0.015052331522032914, -0.012168837235414539, 0.009065136166144383, -0.0045056162936118384, 0.0044389658357041895, 0.007271422656999974, 0.0032509080272528747, 0.010272264718970676, 0.00817533017506549, 0.007943569249239077, 0.0025845095454205555, 8.511477208926243E-4, 0.0029332330844850443, -0.0032662045498807503, -6.065097700275595E-4, -0.004107876143432388, -0.0018964883400675243, -0.00583109276712893, -0.0029332452345145173, -0.0058328484061560965, -2.8758001836220234E-5, -0.004491468358216642, 0.0012575223523959348, -7.961908864704858E-4, -0.001852462505841369, -0.0023133266053060215, -2.3131897286099863E-4, -0.0016337337210433278, -6.998523075945002E-4, -8.292198352709834E-4, 0.007657433726734539, 0.00797248907966423, 0.007582169616990895, 0.005185865363000344, -4.2467794543778176E-4, 0.0037135216095824895, -7.325341541423203E-4, -0.0023895020696434567, 0.0016513220105196281, -0.0063576852562165125, 0.002746806897121943, -0.0014454639406501597, 0.0012765661386309388, 8.985209714824808E-4, -0.0022954878900549843, 0.0026353396818800056, -0.003056830920945085, 0.00274776595519475, -0.0017215949912573643, -5.597262389532957E-4, 0.01137433981875886, 0.010604644221345475, 0.009856057732991877, 0.0015075536669298866, -3.6421438834462135E-4, -0.0034472255535158485, -0.005735959438611514, -0.006849826375990435, -0.008475973758162928, -0.007795829436315152, -0.005656765261323138, -0.0044602452286365574, -0.004670569419946445, -0.002678774087787619, -0.0049755313459486404, -0.004837634312866781, -0.00635355976030147, -0.006139901970531785, -0.007293415195847773, -0.006080534153825419, 0.0013373818399962639, 4.2168924537079047E-4, -0.0012377340921951687, -3.6823120528591365E-4, -0.002201976824789632, -0.0033632923947821336, -0.0012754117614945046, -0.002935669535886256, 6.879544599107389E-4, -0.004302663610760892, 0.002528155752003062, -0.005557887917468216, 7.014234259887587E-4, -0.003168074187027202, -8.45063919034453E-4, -7.985278006034666E-4, -7.581837415971376E-4, -4.921632097720355E-4, 3.6558763392147446E-4, 4.198731703843051E-4, -0.007457666871862586, -0.007886587976276947, -0.006482541590412538, -0.006808785502495346, 0.0029012622835438424, 3.070802386076912E-4, 0.004738130348957525, 0.002079066785127614, 0.005740318562332842, 9.916123974793433E-4, 0.004152210598712559, 9.054889288693262E-5, 0.0036860398560269814, 9.130487843209724E-4, 0.001125392688584672, -7.250032578681175E-4, -6.213788576125079E-4, -0.0018987329405166324, -0.0017720018963968906, -7.255501181608157E-4 ], [ -1.9696289993435738E-4, -0.0017706656337759807, -9.416741630126528E-4, -0.002404006004598392, -0.004026436296814211, -0.0041538598239654325, 0.0010802374604692534, -0.0048058688886961015, 0.008112063127857774, -0.006905213805153803, 0.012253811530633082, -0.004140448478052428, 0.007515535700704105, 0.0032095583367737902, 8.652474022569089E-4, 0.00798586476424442, 0.0010177662293351486, 0.008499597953267917, 0.0025358304363580016, 0.006934448828774917, -0.004919887182964125, -0.004159813369010541, -0.00470191400955722, -0.006683328470086167, -0.002007639769459178, -0.0026224544020534797, -0.007159833404469512, 0.002583545880675337, -0.012989701597473813, 0.01590357272906591, -0.014728471400980256, 0.015400226029996347, -9.373380149896403E-5, 0.004899700227581802, 0.013855664826228733, -0.002101731445113705, 0.02234591180248586, 0.004462274325152652, 0.015563075583260972, 0.011383588493153091, 0.005236993927199654, 0.007188030966974175, 0.005542265160628918, 0.009442960867379451, 0.007977090148618495, 0.009892770770587244, 0.002572477592043932, 0.0067191107565467935, -0.0026357924675336937, 1.1734325592822335E-4, -0.008304751791108515, -0.0030264881904654294, -0.011656442061866721, -0.006126245959364572, -0.00727819796483844, -0.004436107538938244, -0.008849535114352098, -0.0054294848091850905, -0.005584445346271752, -0.008113596753549071, 0.006812009163268811, 0.007923613314516438, 0.0049568488432722, 0.01071883739974358, 0.008825833192873393, 0.005988786758626048, 0.004190008355148915, 0.0029589617114218203, -0.006929353422144169, 0.004764421481380103, -0.00991001834121835, -0.0010448227727131228, -0.00638892491376697, -0.00496440207422013, -1.7114489098214792E-4, -0.0065130570168698155, -9.486792702888784E-4, -0.008569184295066973, -0.004578098303722021, -0.006068177823078356, 0.026588427192036194, 0.026797641132150385, 0.024769895359068227, 0.030110798450312927, 0.025736153811576543, 0.0233142416980849, 0.014085373987859714, 0.01179173784271763, 9.598097813330268E-4, 7.134378283886056E-4, -0.013807133836735553, -0.01358231198639255, -0.02163458507455029, -0.023678754256942606, -0.026730781741824465, -0.025723887904115873, -0.02778652367911453, -0.026953103181885343, -0.027882055124855552, -0.02725157348357603, -1.773428490623534E-4, 0.001404866345706222, 0.0010472688687475967, -7.103868328831558E-4, 2.486143437428501E-4, 0.001514236862630273, -0.0012907956489585334, 0.0031767638148885572, -0.0017125800034983284, 0.006158888789717182, -0.0022996305543903427, 0.0052318983243992865, -1.0596605079730113E-4, -5.706408142305303E-4, -1.0966566930643436E-4, -0.005149559980800556, 2.2815781741022492E-4, -0.0026993886621869104, -3.672571112981789E-4, -0.001106137751367441, -0.008465134060962413, -0.006522498896931885, -0.00887482241980937, -0.006379463912275526, -0.01238928919811923, -0.005711533504635082, -0.0042019510453800155, 3.256762900947941E-4, -4.016898504542833E-4, 0.004997981018619819, 0.0046300301891420105, 0.011974934151573286, 0.008252534227156843, 0.014384157134210195, 0.012593219987683936, 0.01512225268561847, 0.014095840310498186, 0.014854219615632516, 0.01569465201892641, 0.014519090224622038 ], [ -2.6462234418152985E-4, -0.0017083512884568158, -1.0163578159810527E-4, -7.536564317655488E-4, 6.267280268791983E-4, 0.0011032250088476453, -2.4196266379574867E-4, 0.005395739047433561, -0.0015717175776847807, 0.0084206705966766, -0.004140448478052428, 0.00963224864940278, -0.0037967860803613603, 0.0054893779603696, -8.509680351523589E-4, 0.0030135916856143838, 3.3844774488320467E-4, 0.002119946009142125, 5.481411771475073E-4, 0.002611588781194147, -0.0010125226223411821, 1.0893852308159976E-6, -0.0030851291185587143, 0.0053917987621795805, -0.004111834461559637, 0.0015447588982434746, -6.437046521063818E-4, -0.0032348627110750173, 0.007750505037877638, -0.004992344577819947, 0.012591687852269383, -0.008599550835986666, 0.011879742297636905, -0.0038838682448670207, 0.011353834914462017, 0.008331135258146822, 0.014027591346564287, 0.014414303504583881, 0.017672724170677365, 0.014464915253751221, 0.004920141088139165, 0.0037883305290528483, 0.00521456122120967, -3.574776183892788E-4, 0.0015379478181371403, -0.0014250706135454875, -0.0013573939610902147, -0.00523126594453995, -0.004239184017463934, -0.009148247971589488, -0.0021192031579110654, -0.008791331105100634, -0.0017927009346608016, -0.004384786245726751, -0.004219695724698392, -0.005827350094800456, -0.0035381044678009263, -0.004365950075175381, -0.0035142928109246413, -0.00445003614083299, 0.0140599793545757, 0.013592918695783014, 0.013547731560372398, 0.011022341077696179, 0.0049509210361925885, 0.006891191279902707, 0.0022593784666975216, -0.0030613177957263997, 3.785486167699812E-4, -0.0067958504988620124, -2.602907415750988E-4, -0.0023910035673291646, 8.687766296770934E-5, -1.1776082017778288E-4, -0.003055937246110355, 7.806383228300615E-4, -0.0038761205785208326, 7.984059179935049E-5, -0.003248991077004517, -0.003209003409053688, 0.02485607481987597, 0.024762294485581603, 0.022026223846314096, 0.014