{
  "weights" : [ 0.4908709871775456, 0.5138531803758318, 0.4862695217287157, 0.5082387067979403, 0.5112367723091434, 0.5287528284637997, 0.5343382801941231, 0.5817448431930837, 0.5689674891768579, 0.6220621957309298, 0.6038055789834339, 0.6300607145931907, 0.6121847270539219, 0.6344392657763263, 0.6368738458044424, 0.6505284058292817, 0.6545385048274552, 0.640755371479151, 0.6444315721359162, 0.6381721306979039, 0.292735600592398, 0.2774946488230686, 0.28262877736303904, 0.30105504813538797, 0.23125117562838454, 0.2255151640929005, 0.14931134083433928, 0.0748267864917625, 0.0727208452526367, -0.047610882346060535, -0.027187285867302523, -0.12531212799189678, -0.09023135694116528, -0.12727562509463458, -0.08085733322756715, -0.08200985511025426, 0.003957383100944808, -0.01179141815615921, 0.006218808153341145, 0.00395856965778835, -0.2736020026438694, -0.277369367060279, -0.26456894047994334, -0.3255726937993854, -0.22579485005130226, -0.2444213173101443, -0.1148054506174027, -0.10198663988561213, -0.04027549451721054, 0.004805647367418173, 0.07617614207795709, 0.09268713546323434, 0.1257895065537993, 0.10959052092904929, 0.08851140436688615, 0.05288855969336108, 0.013810191435897482, 0.014180835078977766, 0.025722141198253796, 0.025955257848234336, 0.7586633424419432, 0.7431013898185714, 0.7873138936419692, 0.7090166255635088, 0.7928657978426057, 0.77655300630943, 0.7987886492100504, 0.8036361753241091, 0.7798124897549992, 0.7633768350809919, 0.7398309407235362, 0.7305271066225777, 0.7130449103167794, 0.7121265797879587, 0.7248499939843255, 0.7177001194134511, 0.7297584154176805, 0.7348536132590612, 0.7355677666473378, 0.7372975213126347, 0.6684431979939421, 0.6744216819885308, 0.6587880116527189, 0.6470743069229125, 0.6824261824124078, 0.6871124867646823, 0.7210785237106104, 0.7661599283150154, 0.7661791415900486, 0.8040646055171263, 0.8158921669712882, 0.8315318156289551, 0.8390321994710708, 0.8594428986750484, 0.8738704025455944, 0.8647125135136957, 0.8625617400493527, 0.8381549525139235, 0.8517860511023921, 0.8382869420269751, -0.48485301737690606, -0.44072657303422835, -0.49013979497509114, -0.40077263562106946, -0.46964693264343527, -0.4507343829186064, -0.40949020583031853, -0.4202792717401544, -0.3667708984459823, -0.368888117817255, -0.31864476071506265, -0.32843616227675776, -0.30390418257544416, -0.31872791138839546, -0.29177682097931135, -0.30673154352505816, -0.2806637336889239, -0.300028164647907, -0.284743878073115, -0.29196357336677625, 0.7823600837423162, 0.7881899400525355, 0.826191387411656, 0.7763604181151008, 0.8403064023986411, 0.7921607707889559, 0.9305066908710898, 0.8769094316226708, 0.9497137980039395, 0.9266982298746368, 0.9377583475519097, 0.894620746223609, 0.8620953767921243, 0.8001729247979029, 0.7281365452451418, 0.6600379044876812, 0.6068565857996722, 0.6099916958739529, 0.613424405414106, 0.6288733703365582 ],
  "covariance" : [ [ 0.003520094363201859, 0.0027331277650514177, 0.00401606647499502, 2.4690851542947016E-4, 0.003110149528920399, 0.0012372168733121621, 0.0013575153216566823, 6.595895696053048E-4, 5.327790114952256E-4, -4.325295409636212E-5, -1.7521942785774923E-4, -6.118519670251839E-5, -2.8764587368988503E-4, -7.794163971136121E-6, -2.1568584457712893E-4, -7.321147754631995E-5, -4.2425544858246887E-4, -3.267094782572733E-5, -2.034017554574288E-4, -1.0546982062944949E-4, -0.004677386405336752, -7.494268898189157E-4, -0.004855568016098873, 6.274151545544304E-4, -0.0035274524778809583, -0.0013734449393635587, -0.001548943593166065, -0.001614009827507101, 7.556434221007424E-5, 0.0011750445103719043, 3.7595424298644234E-4, 0.0033095208562917474, 0.0018466234122675202, 0.0026386865835676234, 0.002386921068850633, 0.0020223701991659454, 0.002309122828755097, 0.0015635604605712644, 0.0021922859058156764, 0.001823556115875206, 4.231236065327619E-4, 5.910889024989495E-4, -0.0019193754108578025, -0.0030667753384924336, -0.002263860986726391, -0.004151459583136139, -1.2429371435957576E-4, -0.0034364276767961735, -0.002119913336772016, -0.0033302312790045516, -0.00289797481161257, -0.004457627283172252, -0.0041325517290861325, -0.004799194544822041, -0.0031673669940787174, -0.004583477435894962, -0.00257424928970334, -0.004355746703766382, -0.0030316171287181003, -0.003958965174616729, -0.0017504256739358946, -0.0015938335568027415, -0.0013742365007006787, -0.0019180599485436808, -0.001476009585231904, -0.002525594258948719, -5.815460235801763E-4, -0.001409813489809445, -0.0012096638502081293, -0.0011716234446905878, -5.109177995413805E-4, -0.0011950062455260526, -1.9920274482125295E-4, -0.0013913622180960327, -6.279229890270881E-4, -0.001356625387967277, -5.037985570246009E-4, -0.0012971142594551798, -8.203385403785368E-4, -0.0010963559685724358, 4.9703341479511844E-5, -0.001388184007200578, -0.0018105307429993696, -0.00395460744805981, -0.0015926611199587114, -0.005257398534678058, -0.0013839978403751257, -0.0026510025998894753, -0.0027741702197505752, -0.002051931964444614, -0.0027620097981372236, -0.002271604823025902, -0.0027741196495237787, -0.0035639007690005833, -0.0029783618822261477, -0.003619971861973486, -0.003144944880229845, -0.003447542028288247, -0.0032406179884344926, -0.0033095760105210717, 9.262618555179866E-4, 0.001107179016819666, 0.0019927757323112134, 7.300824174737128E-4, 0.0024067810567717056, -5.786308855449888E-4, 0.0028519472811475675, 2.7135763983295E-4, 0.0016224122854806191, 8.738276021812667E-4, 0.001774428972752689, 0.0013920913585557186, 0.0016886625526480322, 0.0014232068958606962, 0.001957546146724354, 0.0016143276884218877, 0.0020139819967235407, 0.0017322686174855522, 0.001981176800306754, 0.001769785776591885, -0.0021934503278136534, -5.96209396029264E-4, 0.0012324147038041122, -0.0016323241056034588, 0.0011808085674354814, -0.0014521696315682841, 0.0012316129776023226, -6.587077040544169E-4, -6.783790422661132E-4, -0.0010458500713006634, -0.0010803285929917384, -6.576019935194542E-4, -7.547746599335394E-4, 1.7260757262398567E-5, 8.474494418497489E-4, 5.09973616511086E-4, 0.0016029777114146783, 8.561780810633671E-4, 0.0012690559141608105, 0.0011244166279706386 ], [ 0.0027331277650514177, 0.020345473704530166, -0.006671363379547075, 0.014614936036838657, -0.004266113322108357, 1.0297288754621047E-5, 1.5154568828992012E-4, -0.0024355388682177105, -0.002729604178488989, -0.0017038964638980518, -0.006264144936429487, -4.376672822746181E-5, -0.0060461920049883055, -0.004092535788284975, -3.2616600368236894E-4, -0.001922906927779354, 0.0023896709482892006, -0.001337435470316128, 5.153675757629218E-5, -7.628864775842017E-4, -0.011206273764123238, -0.010469835052548053, -7.469131963001856E-4, -0.010467156722552232, 0.0034807340796476315, -7.22572066926937E-4, 0.0032440865569725065, 0.005680621890374915, 0.0069628237159417945, 0.009254330340166426, 0.012700610372280896, 0.012686328493968283, 0.014554245981262889, 0.014983686692670506, 8.880629717904077E-4, 0.011883526222548766, -0.003326545257814326, 0.010672075362774924, 0.0045141503490255235, 0.0074080673887798746, 0.005994357469024539, 0.016545009200297032, -0.0016351892532937798, -0.023226961815993832, 0.00732640236164465, -0.007344792880146462, -0.008158028102038193, -0.0051898547284653755, -0.010182994030349191, -0.00893041177231361, -0.013841077369485814, -0.013733887315431724, -0.0172101366534763, -0.018182758122810644, 0.002569592723867917, -0.01111049302454215, 0.011898768567128846, -0.013474654610954593, 0.004169677617944834, -0.0059146109026235825, 0.002240951090408487, -0.014811089915530026, 0.015077153472970428, -0.025133652167739023, 0.011053363948338073, -0.006814415481224107, 6.999760889004537E-5, -0.003484731866001109, -0.0012114265681245004, -0.0019127346002381657, 3.506742496074949E-5, -6.532985404560232E-4, -0.0014557255751601664, 0.004320898345427738, -8.114651612405648E-5, 5.620818863347395E-4, -0.006513713480929897, 0.0019370658631273029, -0.0035162410501725534, -3.5927393213346434E-4, 0.007243246478745195, 0.0012680407576648746, 0.003252793352400198, -0.017484943082355694, 0.00413519734660031, -0.0113612993362366, -0.0024259779582873355, -0.007094890950366171, -0.007317689294640398, -0.007372031152652988, -0.009503540578993296, -0.008020637302970318, -0.010871793807558094, -0.010160331243534574, -1.241240206937441E-4, -0.011170131708850376, 0.0014593702082515256, -0.006079511641847456, -0.0036096446471914376, -0.004478110447902791, -0.0066643102832217435, 0.02787638361629192, -0.02207895941041598, 0.04237848478054746, -0.019594394488432684, -0.013208168940740365, 0.00154119247739335, -0.015735636562493438, -8.489798539967656E-4, -0.014289486836700529, -0.0035912273333661136, -0.01346418715929722, -0.005304359183884086, -0.015002831327690772, 0.0023155950274455833, -0.003937727609938645, 0.005720812860199692, -6.328019874327195E-4, 0.002754646486636609, 0.0013177518008589196, -0.008404241983949715, -0.005414072813049018, 0.00765467086456655, -0.009522967370029091, 0.00436722589428827, 7.333483041532544E-4, -0.003986695930005961, 2.7660697515718936E-4, -0.006256532367747753, -0.0012958121023282179, -0.007366169158410864, 1.3103754445173134E-4, -0.005452255984971756, 0.0014263925618383157, 0.011433042600048078, 0.00258775000596038, 0.01685757672772966, -0.009049989674460806, 0.008722057083985676, -0.0016825256257126519 ], [ 0.00401606647499502, -0.006671363379547075, 0.010141479837847266, -0.0071810519842482635, 0.007558919425489073, 0.002547421943837523, 0.001793457436091596, 0.003006784808825612, 0.0020278037786637844, 8.386173723733221E-4, 0.0031381394688184475, -1.7359806655085889E-4, 0.0027906293459215004, 0.001938042292508164, -4.083729606109203E-4, 5.658693362318272E-4, -0.0023672403929850564, 3.693422281175582E-4, -7.375189522216474E-4, -3.8284326535496506E-5, -7.011838940678513E-4, 0.0038178389908107946, -0.007378338929302493, 0.0067998692140442615, -0.008432170453903574, -0.0013258396121454852, -0.0037850777250202556, -0.006329344530365236, -0.002319819472891522, -0.0033286204681715966, -0.004956892062781088, -0.0011463672789719687, -0.003939865284817653, -0.003055834870796068, 0.003846182771822148, -0.0019943988523394946, 0.005853357017798048, -0.0024444527873965995, 0.001558828112769862, -3.6965670386395784E-4, -0.0020348469761690656, -0.007821500035261744, -8.944966680348967E-4, 0.009333748062395253, -0.006895812692863881, -0.0018605131060203206, 0.00605284716364967, -0.0022620587493762468, 0.0017520747431402416, -5.392166630373022E-4, 0.0021516636742800865, -2.009827699396435E-4, 0.001678432356626404, 0.001376793168535139, -0.007248063844130322, -0.0024351537711302484, -0.011196338107186416, -2.90238521076296E-4, -0.007875246084619853, -0.0038229279460446223, -0.003997993107255783, 0.005991788044814235, -0.01017131644254675, 0.010440041279208535, -0.00832041655800687, -3.208192212041812E-4, -0.001508672474922599, 2.3295919700119244E-4, -0.0020726420474271546, -5.258180758304987E-4, -0.0014123897054820866, -0.0014280583329130308, 1.148589456761971E-4, -0.004374499506014148, -0.0011849641609143504, -0.0021671761209822523, 0.0026015848691695407, -0.00305424651588598, 5.571052259004633E-4, -0.001568506213770643, -0.003698264553109186, -0.0022584963965240393, -0.004283080641431217, 0.004040258414337212, -0.004152939061598028, -0.0015742279652819526, -9.750766966119653E-4, 3.8842077615227076E-4, -8.262669880614544E-4, 7.78139534692254E-4, 4.560163706031953E-4, 6.419035835726902E-4, 0.0011490025016803308, -3.696954933413844E-4, -0.005154884020952766, 6.25864613216019E-5, -0.0064576435803623145, -0.0024145409928607686, -0.0037228246957322314, -0.0031820727901651527, 0.004294600598840531, -0.014624970712960258, 0.01507285992163054, -0.02248787669801354, 0.01453951422214242, 0.00642554821650075, 0.0032751799436679502, 0.008113556823501705, 0.00237922923544426, 0.008184969262176997, 0.004196529714678842, 0.008588677052894865, 0.004789377816760333, 0.009522409739442192, 9.367329448338502E-4, 0.00373383950480659, -8.559889701229804E-4, 0.002050696951925829, 6.657530962236242E-4, 0.0010849283052315768, 0.0010422913276861916, 0.002009659238391192, -0.0017291045644445273, 0.0026396515378162995, 1.1145943278546953E-5, -0.004408639100997834, 0.006170241605174415, -0.0022691930813141157, 0.0028918609175050737, -0.001355571414565987, 0.0021949473070805225, -0.0013236005986340168, 0.0016707973557664657, -7.717081166702102E-4, -0.004684215312485057, -8.177035973949702E-4, -0.005916943650338136, 0.006755906641835719, -0.002215903378737984, 0.003188373122459331 ], [ 2.4690851542947016E-4, 0.014614936036838657, -0.0071810519842482635, 0.015780772196910955, -0.004028730398794843, 0.004857647541608879, -0.0050868901980840354, 0.0043233473246653085, -0.006677731197596614, -8.388179998954368E-4, -0.006522581545652907, -0.001024751382333338, -0.006078071233923832, -0.004884902765270035, -0.0012713335156397747, -0.0031739985637709955, 9.217275319216861E-4, -0.0025322330999320124, -0.0013806850946133584, -0.0019176109291941033, -0.0019719842315976954, -0.01329805365997636, 0.00158016636251693, -0.009576144973877064, -0.0036405710652885163, 0.002598492846341439, 0.0025695095115590466, 9.050078129656865E-4, 0.010210467453144887, 0.003506052861500021, 0.01405301057082485, 0.007367969923087229, 0.014105637975937441, 0.012091692841276905, 0.001602263657244739, 0.00892182077763548, -0.002145207617564762, 0.00895705574780506, 0.004096939965867724, 0.00622364465962446, 0.0032496021256719866, 0.010730820198732352, 0.004113159801245501, -0.008614166058470166, 0.008024780802729049, 4.920055094067367E-4, 0.004024088540671155, -0.0026632622684421847, -0.00874177617860982, -0.008031295166795403, -0.01100971164092703, -0.011285837077881326, -0.014518836788157366, -0.013813315331727322, 0.0016994004163130127, -0.007725792446900317, 0.009919525050132695, -0.010514971104401078, 0.0038653134260360185, -0.004341254407164892, 0.0013055071710544501, -0.00912709978691035, 0.013562242858634894, -0.021984421713117624, 0.009817628645425808, -0.004117426247368951, -0.0019729062237485305, 0.0012049194757900472, -0.0038049318101591014, 0.0021120770407416665, -0.0018468962628774305, 0.0025555817235489095, -0.0018797075173623973, 0.006124891449984761, 1.904558162852562E-4, 0.0024790965932248816, -0.004846127447533277, 0.0031400948976122883, -0.0019048501168654414, 0.0010030383900278893, 0.0026143642780659007, 0.0031856891478915556, 0.002266218387066691, -0.00719314835997341, 0.004038702711150625, -4.6359026338918416E-4, -0.005778119311813717, 0.001251485462685031, -0.007185449294912034, -0.0029255238324008537, -0.007553811167913097, -0.004037494599484074, -0.008238446954970323, -0.006066520377219074, 9.359882505541856E-4, -0.007144974445923606, 0.0031023669731646327, -0.0033152857460599606, -0.001022684739246931, -0.0019857581859665206, -0.010842980029385146, 0.016703609505687746, -0.021363153008624725, 0.035311544849710025, -0.01901012914043031, -0.007194801059733309, -0.002993881493228141, -0.01950756455218786, -0.005389679805749016, -0.019446160207719054, -0.007728010953903449, -0.018199178861085408, -0.010008061799882062, -0.018662127959148057, -0.0037897203658881383, -0.009328804205465897, -0.0012440631886539353, -0.006363714360092591, -0.003875715676365587, -0.00475401201859192, -0.004815735284316496, -0.004350251171884214, 0.008002392724900897, -0.005573426594639511, 0.005206342352530123, -0.007748308697730198, 0.008385771328707778, -0.005973512433058212, -9.506771526506278E-4, -0.0021718696538114424, -0.004570886469730829, 3.9441536951883297E-4, -0.0037548158358712957, 0.002023184593089318, 0.010189487726054512, 0.003765222562897558, 0.014744255877256921, -0.0066780228690832355, 0.008226611736153352, -6.122557188260522E-4 ], [ 0.003110149528920399, -0.004266113322108357, 0.007558919425489073, -0.004028730398794843, 0.007714881851908262, 0.002170739132050639, 0.002901693088062454, 0.0021723407491969246, 0.002042690458321757, 8.647453446893616E-5, 0.00199392639996888, 4.5950595221725885E-4, 0.0014731745669546185, 0.001878966679047837, -4.0990039621518847E-4, 8.786189121423228E-4, -0.0019153756199761392, 6.871110496259691E-4, -5.81136947976498E-4, 2.7638416074387336E-4, -1.403626290196413E-4, 9.424716963148227E-4, -0.005998710056943746, 0.0035399313571871393, -0.00855722652414526, -0.0011450669824088888, -0.004025472296816848, -0.005817839185145287, -9.731718632046901E-4, -0.0021209840247122524, -0.00223750707208108, 0.0014878914141273453, -0.0013711318680649123, 3.349567377294612E-4, 0.0036338882006470355, 6.792488741825786E-4, 0.005370810769278371, 9.051327913625824E-5, 0.0026423199989222324, 0.001474433553170356, -0.0033198719432568895, -0.006835040200210349, -6.201331415081861E-4, 0.006969032745358161, -0.005025542283854354, -8.956739124466482E-5, 0.00482886380966313, -0.0010720331864672635, -1.9057867787656042E-4, -1.6698545900846988E-4, 1.968380533003975E-4, -0.00115625724252208, -7.305356399658213E-4, -5.229359300234919E-4, -0.0052938197585815335, -0.0029540773833904447, -0.007072939414535691, -0.0014445159232471646, -0.005262506215928884, -0.003326882762231296, -0.0032108185668898413, 0.004111873742613795, -0.006909457520790504, 0.006431876313191491, -0.006574350435461078, 5.341800343102409E-4, -0.0032202720235111637, 0.0012912782604859092, -0.0032891013339305794, 1.0170967344777827E-4, -0.001937879687102178, -0.0010712923906394242, -3.677072924779836E-4, -0.0033704249776371374, -0.0014527113676916627, -0.0019171889464040688, 0.0012411945604142076, -0.002606885582936029, -1.6939872992881698E-4, -0.0016775596983129345, -0.0048770120247411414, -0.0023854723293837564, -0.004361818598113914, 0.0031665700772164507, -0.0035787448122037153, -3.491431042238819E-5, -0.002313471970068823, 4.317749291428604E-4, -0.001504498990329414, -2.374057529060588E-4, -4.590247172863802E-4, -1.5511767405054668E-5, 2.974207272034362E-4, -0.0011965777829694702, -0.00416198672810774, -8.525702052378422E-4, -0.004912131485238199, -0.0023117877922362996, -0.0031960849696123254, -0.0028351318507256603, -1.3132454935581193E-5, -0.011981384063413428, 0.006808468241361523, -0.014938842341845952, 0.0064859319099849905, 0.0039021084380080795, -8.40781260562547E-4, 0.002323384157957041, -0.0010572314929494968, 0.0021981473715207735, 5.185132484207979E-4, 0.003033611282874959, 9.556752428818017E-4, 0.003960600678814518, -0.001103523715232572, 4.435127251523403E-4, -0.0022393447174415973, -5.718957180048988E-4, -0.0011888987935302446, -0.0011787224072527854, 0.0016050408575924704, 0.0010322045332124324, -3.0111686889050385E-4, 0.0021078439198560744, 4.701889219509654E-4, -0.004017128627066898, 0.006079552681386044, -0.0020134827438996338, 0.0019472109111921482, -9.434619280668616E-4, 6.923243283997128E-4, -9.47732641468878E-4, 4.784425816668457E-4, -5.146510884091895E-4, -0.0027118481074549484, -7.345211625046274E-4, -0.002747902157400393, 0.004265104585147098, -7.975641931732369E-4, 0.0023696379836441873 ], [ 0.0012372168733121621, 1.0297288754621047E-5, 0.002547421943837523, 0.004857647541608879, 0.002170739132050639, 0.010442218542518887, -0.0065120240924288674, 0.012430385230011293, -0.0055056420958134455, 0.002962869038337763, -8.647436538899321E-4, -5.026116943354328E-4, 9.668532500700384E-5, -0.001416486540699525, -2.9037619913459647E-4, -0.0020837058162871637, -0.0012787206651450776, -0.0015801989893395095, -0.0016312861433806663, -0.0012965992260184356, 0.004604965642037061, -0.006197361171107959, -0.0024156750075903064, 0.0010611083708166901, -0.013621659979862267, 0.0030432725758831047, -0.003234002767292701, -0.006365559602674285, 0.005550906343788975, -0.005826095593060077, 0.006517088607085361, -0.0020919469725605667, 0.005415958251198345, 0.0012268056441375646, 0.0055807558059523185, -1.4911526145202307E-4, 0.0053819891593268505, 0.0013640281064293664, 0.0036374086545325167, 0.0023404345850721983, 3.092470213395589E-4, -0.0019703937572701676, 0.006093473835949773, 0.012360914066174183, 0.001160613530591213, 0.005034677740958675, 0.017190287957709223, 6.550884273407263E-6, 6.81103888011811E-4, -0.003308785500925554, 8.91480480703674E-4, -0.004178224965976044, -0.002737615617279956, -0.0021302438129815163, -0.004432143737580448, -0.0019696094271975714, -0.004150819192677298, -0.002380078944826286, -0.003434817292660527, -0.0030740358473134543, -0.00248620732271596, 0.003054096128633048, -5.333422146500137E-4, -0.0028105390162569653, -7.590520139280361E-5, -0.002463037364104338, -0.0016837051277864778, 0.0016688906398196399, -0.004540943272039582, 0.0018074129000568311, -0.0036739634600626487, 0.0018824909827197644, -0.0022835850860152347, 0.0010777597297326673, -0.0011187714779212347, 8.637675009345649E-4, 2.052057744821547E-4, 3.9798121448307825E-5, 2.95740170983113E-4, 5.4999870441102083E-5, -0.001454566881706358, 0.003173709757586492, -1.301485833771171E-4, 0.006315661121154244, 0.0016273354264420739, 0.005881678364890293, -0.004124644781983814, 0.007190567252439058, -0.003784027203406523, 0.0027428976802092446, -0.0020781718672969, 0.001660266773173204, -0.0013939176688322766, -1.9223257004178488E-4, -0.0017850833516630667, -7.757171530929811E-4, -0.0013981182418307072, -0.0013955651002947234, -8.008598094859703E-4, -0.0014372913107174841, -0.005982573123787243, -0.009306607824690076, -1.6729954398006578E-4, -0.0030045024970075103, 9.513306420395486E-4, 0.0034232529454232222, -0.0016247053732722115, -0.007110724929573608, -0.003796621952837308, -0.007606527369043316, -0.003093282537950461, -0.006381822092786855, -0.004413369986563326, -0.0048161543669928124, -0.005189367501965799, -0.0051279490820566155, -0.005650301410512892, -0.005195409690862783, -0.005773382413657786, -0.005217629526991603, -2.664981310770405E-5, 2.473403507069885E-4, 0.003448416367133467, 0.0013860625997584792, 0.004267134072592389, -0.012767988233442084, 0.018598523832509723, -0.00887528168953821, 0.006258503707741905, -0.002736164126778419, 0.001793216723576364, -0.0015126864431379175, 3.813686061909423E-4, 3.888811048155897E-4, -4.878896280187609E-4, 0.0019682750206293843, 6.913028994204012E-4, 0.002864433333259711, 0.0013068931361735958, 0.002142470265564866 ], [ 0.0013575153216566823, 1.5154568828992012E-4, 0.001793457436091596, -0.0050868901980840354, 0.002901693088062454, -0.0065120240924288674, 0.014199924450211765, -0.008955004719784243, 0.011874503252276713, 0.001210488642816947, 0.005785514513690022, 0.00464577922385897, 0.004774621638078166, 0.005329436697697288, 0.0043267536444761695, 0.0050080874602576935, 0.004260077749679826, 0.005014568778024858, 0.0050161386402694024, 0.0047333524280527665, -0.0062708308997497225, 0.007437865618852354, -4.624233059375986E-4, -6.685209954865823E-4, 0.010171637052637336, -0.007931537579244412, -0.002650942600819045, 1.4285568474875328E-4, -0.0100873658855676, -6.040312026713952E-4, -0.009272338896273116, -0.0011163335256263649, -0.007662643520724594, -0.0034810338533899855, -0.004697084547443265, -0.002150203284784197, -0.002966343001238487, -0.002732575719231284, -0.0029194637046527916, -0.0021793915749418738, -0.0029777047621405116, -6.109651280038217E-4, -0.009215877452163715, -0.011583323301003827, -0.003191434803498395, -0.003543175551617414, -0.013899344707874614, 0.004519933710844981, 0.006447027296756843, 0.010068251062614374, 0.004595487193927526, 0.01058847561100812, 0.005944599648403343, 0.007746319820359639, 0.004868969387351873, 0.00567292185343715, 0.0048211452391476225, 0.005476769089244774, 0.004795466722717384, 0.005255988397040683, 9.596685623876368E-4, -0.0026573406292592743, -0.003456011619347408, 0.005725939817171271, -0.0027237825093284432, 0.0015566870607008718, -8.8289590650906E-5, -0.004801069859443065, 0.002512016916044453, -0.006320527690446695, 0.0016629416460937803, -0.006280918402951006, 5.58129471870175E-4, -0.005057455346622834, -0.0014551745441336726, -0.003302197993263493, -0.0017058189546906592, -0.002792523826720567, -0.002423876363613791, -0.0025010993043449205, 1.569867696490764E-4, -0.005116969451625266, -7.148051510287162E-4, -0.006467030801822663, -0.0020006023853830573, -0.00563537527217928, 0.004847485810717351, -0.007413075003382402, 0.005412931943857636, -0.0024453726202022814, 0.0048387394844800775, -0.0014324544132810696, 0.005246077779049373, 2.1720156812480952E-4, 0.0021106130211726755, 0.0014685704335685292, 0.0012072315065426952, 0.0017080412813470398, 9.701860917520957E-4, 0.0014683922265083752, 0.006635924011795759, 0.005772949390988189, 0.0019206634521921858, -0.003209076326687269, 8.234961577798133E-4, -0.002166001280598179, 0.0011665465823057944, 0.011036637340830366, 0.004578286325705276, 0.012084994472319565, 0.004894380470956155, 0.011573576243689357, 0.006522569083772348, 0.010353077135169104, 0.0071555670238251405, 0.008833119517495087, 0.007649838675235892, 0.007851140801757021, 0.00856161177256861, 0.0078688702726849, 0.0024338201759580395, 0.001127489928245133, -0.0033934683731390893, 1.7307351782013165E-4, -0.0034561138507874225, 0.017703582386318705, -0.018792685232788254, 0.013378845812839954, -0.00591048183361822, 0.004399836450701516, -0.0028646641162724867, 2.486846265910568E-4, -0.004247739092180511, -0.0019259043499888061, -0.0051956644537283015, -0.005523280191766994, -0.0054932657905437075, -0.003998068156452751, -0.005894136859532206, -0.003884266592712209 ], [ 6.595895696053048E-4, -0.0024355388682177105, 0.003006784808825612, 0.0043233473246653085, 0.0021723407491969246, 0.012430385230011293, -0.008955004719784243, 0.018405903168531846, -0.007878576013140197, 0.00589761361076145, -6.991947802035251E-4, 7.875144458549558E-4, 4.5895910092166387E-4, -5.141497280480139E-4, -4.1786351247757777E-4, -0.001540508817381366, -0.001232054703191552, -9.411480854671976E-4, -0.001536872016414264, -7.938623974175218E-4, 0.0069923888287117915, -0.0056074007434793495, -0.002801211597370524, 0.002991425100087068, -0.016982537044618478, 0.004778006485419978, -0.005206946406472258, -0.00818659312400083, 0.007346854541678741, -0.00949484885271647, 0.008162316635876027, -0.004811672705599172, 0.004043733914264697, 2.645143932510381E-4, 0.006036179071068559, -6.038673333923122E-4, 0.006544931927031874, 5.246520733282762E-4, 0.00458558366808656, 0.002166377747646351, -5.002525979919491E-4, -0.004372083513057897, 0.007844678882820158, 0.017247641683440736, 0.0012136357879388143, 0.007518720247855171, 0.020025352466589694, 0.002345580057617548, 0.0019290436692887107, -0.0014144623966187444, 0.003339169528785608, -0.002205772923661617, -2.282086638747989E-4, 0.0013560893783378112, -0.004681787159790653, 4.592823797852437E-4, -0.005794404970428334, 2.1432935917685563E-4, -0.004050129588894539, -0.001915564834711736, -0.0027674388815181394, 0.005118651519086498, -0.001695022367488235, -6.718279424844675E-4, -4.2704917080929687E-4, -0.0023241030376678013, -7.844161085388906E-4, -1.7430041223894047E-4, -0.00361634686449262, 6.706658944449641E-4, -0.003818694595538467, 0.0014776253621960615, -0.0024551441482131933, 5.423167781093767E-4, -7.539645135841875E-4, 5.361439301369175E-4, 7.586655079005966E-4, -4.7927311244876623E-4, 6.8643245352882E-4, -1.3410151491065204E-4, -0.002711241944139421, 0.003822648784295325, -3.104515890879153E-4, 0.010341674115879107, 0.0014645254384579615, 0.009195466816437679, -0.0047415806284591445, 0.009181695535927866, -0.003533172452904659, 0.004374070226531128, -0.001338159130549497, 0.003375129883610394, -3.8451053618078425E-4, 0.0014832773970688523, -0.001290298415956493, 6.481447104754839E-4, -0.0013516985459519747, -2.13526136383224E-4, -1.801296903666949E-4, -5.760018372942508E-4, -0.005892874630457314, -0.012996472780113164, 0.002013178226333604, -0.006814304378426228, 0.0032039529011722682, 0.006349080178374034, -0.002103094502850808, -0.006720362656617722, -0.004022537808152566, -0.007624944563440892, -0.003105278877431405, -0.006080736268556528, -0.005020444054693121, -0.004132067501025592, -0.006857635687152072, -0.005572761811760139, -0.007652710023210037, -0.006174588729043453, -0.007382247605123808, -0.006515034969570651, 0.0019801882941372613, 0.0010960977053551995, 0.0035250016981596137, 0.003287927205896439, 0.004539127521560237, -0.01427858933084671, 0.021592315339620104, -0.010012614571908574, 0.007494695769270737, -0.0024932417909139387, 0.0028125343073619985, -0.001406920168925004, 0.002344902499992891, 9.071460418431694E-4, -0.0014994393840273902, 0.0015428629257628178, -0.0013135291290753805, 0.004583741345421478, -1.1245693012334194E-4, 0.002760295525232099 ], [ 5.327790114952256E-4, -0.002729604178488989, 0.0020278037786637844, -0.006677731197596614, 0.002042690458321757, -0.0055056420958134455, 0.011874503252276713, -0.007878576013140197, 0.014306464391255092, 0.0011844298049033166, 0.008279681656885099, 0.004775587260440975, 0.006372172005038938, 0.006890944028382079, 0.00504576786119364, 0.0059089119425461, 0.004881418625094853, 0.0059691880460882125, 0.00567745891636557, 0.005639021288608599, -0.0036033439131919593, 0.009233017701573087, 4.867772178027948E-4, 0.0019537056251532838, 0.008985471570001485, -0.006518808249206289, -0.002665718633316543, 9.051225452082747E-5, -0.011277164530306654, -0.002947879382388677, -0.011127774252992701, -0.003890619228868836, -0.010107670883477728, -0.006601654313580802, -0.005569531175440882, -0.005279750105052093, -0.004136725991028767, -0.0036440121168255135, -0.005335567300178633, -0.0033272919705292147, -0.0026355215788642686, -0.0020126934436381382, -0.007932101988711072, -0.006424812668937668, -0.0038405149408727384, -0.0015319723886374954, -0.009972983558064898, 0.0056487897509162836, 0.010160449492235366, 0.012860585965056508, 0.00929295546154361, 0.014502233682210293, 0.010375460640259782, 0.012984707160093712, 0.006287464242258299, 0.010381215902551352, 0.005097347541213647, 0.0084770133520003, 0.006359780753308749, 0.007511024940756513, 7.485728342901139E-4, -2.797948274409755E-4, -0.005308745367642976, 0.009118414040259768, -0.003499819327272162, 0.0021665816831933707, 0.0012759275285117925, -0.0037966920596488644, 0.001413270850521756, -0.005132871749702517, 8.763077311804363E-4, -0.005648105362880602, 5.989010377253034E-4, -0.005852286717095373, -0.0020010727064119493, -0.0035446082592111594, -0.0012510034757857137, -0.00319702937187546, -0.002175345392014391, -0.0026376291556342176, 1.5920280146360487E-4, -0.004482927785530572, -2.3638004913725786E-4, -0.003484940327822451, -0.0015924953035204483, -0.003377614323346472, 0.005715923548040924, -0.005217357417657889, 0.007192426322029279, -8.311688301966553E-4, 0.007219693126921922, 5.710536363442407E-4, 0.007386738279767471, 0.00309611462631253, 0.002887882925006368, 0.004281064289969737, 0.00291379921899352, 0.0027567864484717617, 0.0030206847178334594, 0.002914778152881293, 0.00769424853954326, 0.0011751314868658311, 0.00603922774787666, -0.010190452617469835, 0.0044409079962294115, -6.613363430789594E-4, 0.0016133005524775115, 0.012958915102033782, 0.004928531826175238, 0.014040591957260594, 0.006298452092223189, 0.013447124881202062, 0.008287760028173568, 0.012788614667597493, 0.007621135845349437, 0.009782531985072465, 0.007143775469947149, 0.008752051416092504, 0.00816535384102199, 0.00834604589150416, 0.00308509179243353, 0.0021825993121641196, -0.0048647679459819975, 0.0016829911054223891, -0.004086238428449085, 0.017111347991013798, -0.0166108435082651, 0.013075950820086007, -0.004037087355543311, 0.005675937639671213, -0.0022243422025904212, 0.0020692879143218235, -0.004533161639354238, -0.0012860833889800204, -0.007600127027030016, -0.004937491858720878, -0.00838188232913054, -0.003868135666485133, -0.007311089000273885, -0.004450719451528206 ], [ -4.325295409636212E-5, -0.0017038964638980518, 8.386173723733221E-4, -8.388179998954368E-4, 8.647453446893616E-5, 0.002962869038337763, 0.001210488642816947, 0.00589761361076145, 0.0011844298049033166, 0.008002644729316466, 0.0017411743487828633, 0.004615155396585139, 0.003198378053438631, 0.0037494801809681254, 0.003635736246353793, 0.003084999850337094, 0.0037406172916374723, 0.00326490807444308, 0.0035159098247633893, 0.003411668107005002, 9.761907903399603E-4, 0.002950440051034006, 1.5204520602259562E-4, 0.0021341687981869654, -5.710478375013905E-4, -0.0019081795667552101, -0.0030573788480347946, -0.002798565397570187, -0.003035309191315869, -0.00729752766808167, -0.004140646253251175, -0.008073733811755874, -0.005046826198118223, -0.007084031377456419, -0.0018234731020400272, -0.005023695511353449, -5.390347275212736E-4, -0.005158094587195427, -0.0016088477815420319, -0.0034099551467116416, -8.331793642292985E-4, -0.0010278445017402127, -7.676404716064006E-4, 0.001887493563957858, 4.901275464732738E-4, 0.0032664267403801077, 0.003471112902351398, 0.004185808299993564, 0.01044887482056442, 0.0051414230681853775, 0.011486557665235, 0.007328010859735392, 0.010542631741840162, 0.008725040141757307, 0.005174414833420416, 0.006590604137914808, 0.0035083549775047677, 0.007606529434477492, 0.0041445036336467895, 0.00609735094627441, 2.1410915519158905E-4, 8.378900505649469E-4, -0.0016418058048420752, 0.0028132326484226135, 9.777884067418959E-5, -1.1746149143691904E-4, 0.0021303340703392117, -0.004297664609873731, 0.0025197414920333397, -0.005465536025038844, 6.053789395527016E-4, -0.0032818136900429657, -4.620628715858017E-4, -0.002525433304698615, -7.658621438146916E-5, -0.0012676454498840872, -4.6242505424679605E-4, -0.0012614965625198555, -6.066968432279398E-4, -0.0010149355329306128, 0.001799674041251326, 0.001421368207823169, 0.0025606695589237595, 0.003583198017811915, 0.0017058927587760649, 0.005019365335241752, 0.001008624900160239, 0.0028356953526702455, 0.0024608238837288397, 0.0038325883249714894, 0.003014666010383255, 0.003678928749505219, 0.0047666689239204895, 0.00376290163109838, 0.004331735787338544, 0.0033025927699552333, 0.0027390555111183996, 0.003679691262111126, 0.0030194603732939217, 0.003228885170697879, 0.0032086551656294263, 0.001347485654306979, 0.002775301372395643, -5.622272636120585E-4, 0.002664792045818652, 0.0040613429794165365, 0.0018657905027998061, 0.005743438062130685, 0.003786557008861833, 0.005083123766201356, 0.004016363442147924, 0.005196142532501628, 0.0033919516319234643, 0.005240530793968605, 0.0025611184649860542, 0.004335684957938107, 0.0030879173474022284, 0.003453809033209234, 0.003248701986255903, 0.0034462279977229495, 0.0029457160002074913, 0.0012119249984886508, -3.855825309701864E-4, 0.0017222189219208573, -1.3948769236000856E-4, 0.005693581719603506, -0.002124279778239364, 0.00411348672892082, 0.0012609857245373494, 0.0013457283051116786, 0.0018435829152671302, -6.917490609888077E-4, 3.1169296471404543E-4, -0.0022915729198057745, -0.005475102525029104, -0.005576341525630469, -0.0056853104597094145, -0.0017436635398262582, -0.005474719384916053, -0.0027320048194465867 ], [ -1.7521942785774923E-4, -0.006264144936429487, 0.0031381394688184475, -0.006522581545652907, 0.00199392639996888, -8.647436538899321E-4, 0.005785514513690022, -6.991947802035251E-4, 0.008279681656885099, 0.0017411743487828633, 0.009746470614487406, 0.0028620120555626996, 0.0073208402095808625, 0.004912919607391753, 0.0037856531100943346, 0.00332946613201162, 0.0027578755059666743, 0.0037638743130048798, 0.0033252710529906816, 0.0035380796050904282, 0.002096550920715632, 0.00790935023953256, 9.781080944222227E-4, 0.004697217052488869, 0.002970249822285836, -0.0035413445214259216, -0.0018385225410841833, -0.002584137589166872, -0.0048030383946626376, -0.0066418486922607605, -0.004739651536760208, -0.008107182506913458, -0.008811302168124912, -0.007829450586791296, -0.004011640172662254, -0.006669076956702625, -9.321757295914381E-4, -0.0037361472704535476, -0.0038635109804609435, -0.002888407524089905, -0.002234631296521041, -0.004381896050115835, -0.0032124971854700095, 0.004688833561053747, -0.003234173449279201, 0.0028308862225166374, 9.023617863707698E-4, 0.007181287247663904, 0.011281501041378747, 0.0125571729239563, 0.010410844439943012, 0.014465044258227297, 0.011317576404390281, 0.015185881484321788, 0.004508525195588621, 0.011515771613440837, 3.396780244299076E-4, 0.010070267531163073, 0.0033808057112538273, 0.007528391093656286, -6.958169239577846E-4, 0.0038262997889127164, -0.007265130560942569, 0.011066568493017235, -0.004283228761265389, 0.002046982960486116, 0.0015810296489821086, -0.002410967469104735, 0.0013285726719047643, -0.002518854941085867, -0.0013686467013455778, -0.002975077315931444, -8.810643626776802E-4, -0.004197095829045189, -0.0019012052020007581, -0.001551706028495116, 9.428202425516991E-4, -0.002141193345445228, -1.0904446478381603E-4, -0.001261561415539189, -4.602544660624497E-4, -0.0014935157098601602, 3.434712939308919E-4, 0.003962327411944903, -3.939798154382044E-4, 0.0026183527996677105, 0.00468569761485117, 7.051084394173163E-4, 0.0064159171899709, 0.0025424722396248326, 0.007633873979630897, 0.0026768738384364095, 0.0074799860285533724, 0.00447180442650674, 0.0023808578676453797, 0.006111551429640836, 0.0022343501853050235, 0.0033328840905003662, 0.003382454795728694, 0.0033006477047472973, 0.002041510009991121, -0.011336523199027608, 0.006079479775139254, -0.021436202538636057, 0.004912069401418003, -7.367480091139465E-5, -0.0017660351218440596, 0.00878991884717863, 0.0017845634857065011, 0.010554131994814059, 0.0044219998679499, 0.010995768717693663, 0.006814103351284302, 0.011833408835984525, 0.004304745039607388, 0.007101838734707957, 0.0026183096773165463, 0.0057085609911256595, 0.003828019558614543, 0.004909943651573411, 0.0038539962036069964, 0.0029815823852596024, -0.004323734814688549, 0.003699313157696835, -0.0027305301731309593, 0.008656678811430483, -0.006138841530978861, 0.006837914660179568, 6.0183159381099196E-5, 0.004751789942749206, 9.619538386843693E-4, 0.0022863037884499693, -2.6260246933683027E-4, 5.587266593317825E-4, -0.006965808410537618, -0.0025479133098268336, -0.010363183954809802, -1.370467553847803E-4, -0.007144507357236627, -0.0024374106682823046 ], [ -6.118519670251839E-5, -4.376672822746181E-5, -1.7359806655085889E-4, -0.001024751382333338, 4.5950595221725885E-4, -5.026116943354328E-4, 0.00464577922385897, 7.875144458549558E-4, 0.004775587260440975, 0.004615155396585139, 0.0028620120555626996, 0.00848211368162422, 9.026668405869091E-4, 0.007818339792621256, 0.00268509598631363, 0.006508079156794952, 0.004000408842112059, 0.005583892560606326, 0.0044916379453414715, 0.004885686619666947, -0.0011629022653396502, 0.004177003250854109, 1.7145383219148644E-4, 0.0015788814802761943, 0.0018052693976226377, -0.0018587730044270043, -0.004462694758250744, 0.0015325618168999927, -0.0075666997096173454, -1.5019031119375213E-4, -0.007020466776778103, -9.271883354820427E-4, -0.009602237088195761, -0.0022824624310862837, -0.007735718092320371, -0.002800628632778788, -0.003804031352874762, -0.0031950906577099753, -0.002850900401924589, -0.0024390379085952162, -0.0027341279250078826, -3.7920218203882025E-4, -0.00460952076794881, -0.003088907332174224, -0.0024358029399267796, 0.0037140898390544963, -0.004702361484760256, 0.00806855464502186, 0.006998672965637184, 0.009999283508689909, 0.00931650016054297, 0.010177727485328223, 0.010382488368450148, 0.009632122535662986, 0.009367058794897383, 0.008829112656381324, 0.0071083201386268925, 0.008563413777729883, 0.006990910823534286, 0.007803800682862346, 6.400883575542609E-4, -0.0015074243769367757, -9.346304234712164E-4, 0.0016560509452011774, -1.4501597479590415E-4, 8.752212648322266E-4, 0.0015959971418606992, -0.004068693082256977, 0.002469485087352376, -0.004664258851849533, 0.0015404807457480329, -0.005481542801080923, 0.0015353921310844588, -0.004368283208524884, -1.5542620589232214E-4, -0.002902843531398091, -0.0010265532623920963, -0.0019084861341920533, -0.0013491723238650975, -0.0014541099584888504, -3.3656730909021904E-4, -0.0023586086601413182, 5.795808166368168E-4, -0.00200396544604944, -6.394669841103372E-4, 0.0013563147368988024, 4.744195134693