{
  "weights" : [ 0.16335925931373577, 0.16763195633381214, 0.1475949665663319, 0.15744046390043395, 0.1433130273144541, 0.11914690768746491, 0.13406022517746255, 0.09448750211988756, 0.11342471809971075, 0.07404215019861614, 0.09099595390602258, 0.06891054390452792, 0.05167087808019612, 0.06159663891665225, 0.010407665948516212, 0.03176887567855348, 0.007253229027004163, 0.02924033817215003, -0.010599425485108695, 0.019850448158416786, -0.04113868634387251, -0.045678302152175505, -0.041707560436557885, -0.0432666862838044, -0.04361151086234943, -0.03712349984158742, -0.041974315757139766, -0.031692649489619744, -0.032534327715489184, -0.029335922596842496, -0.03259685922439429, -0.03474431934600412, -0.043379054976370325, -0.052001569350247495, -0.045246787755873874, -0.05105735460754954, -0.03887484953539752, -0.051152899647486455, -0.03312803391207402, -0.04146704434832731, 0.974314864321904, 0.9752644862414246, 0.9801534786152631, 0.9793935487433233, 0.9845600203995504, 0.9851520657649045, 0.9847820589556119, 0.9818101249064782, 0.9725907258892522, 0.962587102308864, 0.9529066701753499, 0.9306174197215726, 0.9349057110285648, 0.9127999110511094, 0.9234436590498123, 0.8968942053357014, 0.9024668695971785, 0.8893638776793574, 0.8976625567210219, 0.8986853886310003, -0.0946456236256427, -0.08155479807722876, -0.06640979786270378, -0.04184774231274693, -0.017549121606613767, 0.04055489774832796, 0.06886675963484033, 0.13540335073761528, 0.1986394042399468, 0.24084037086676713, 0.2921484509521848, 0.3474511885356149, 0.3478753567213573, 0.39214453587004255, 0.3833533966783364, 0.4326820052550656, 0.42927790956019746, 0.443778305679117, 0.43996016033062946, 0.4272664578070646 ],
  "covariance" : [ [ 0.0025875343675512883, 0.0014543054520732858, 0.0031952937498627067, 0.0014590155443832888, 0.0031993872621995487, 0.0020746039060717436, 0.0017317608651492658, 0.001764239909132536, 8.711402171422152E-4, 0.0018176959777410104, 0.00111100587790977, 7.078372611949869E-4, 0.0010541587265003437, 0.0011009656374319486, 0.001501874329646726, -0.001722924646334693, 0.0026830174269966882, -2.716015530299039E-4, 0.0010457071116055383, 9.348370185566818E-4, 0.0017840735748479802, 0.00166162886764611, 0.0014950225002383012, 0.0015424850982126564, 0.0014603829368928349, 0.001198015673300636, 0.0012582352805638767, 9.676203395938081E-4, 9.370862562477062E-4, 0.0010237483231836557, 4.746343615840495E-4, 0.0010908723805375144, 1.018846966218819E-4, 3.8636166293439303E-4, -4.0418575106248363E-4, 0.0016929577891888177, -7.482018960841794E-4, 0.0010256568377230578, 1.2983296829059433E-4, 5.034921801006327E-4, -4.633379958496976E-4, -1.975078082100702E-4, -6.14982065675466E-4, -9.293390731369603E-5, -5.97433057418579E-4, 1.75983760068325E-4, -2.198867370962951E-4, 7.014351163127884E-4, -4.836920012296441E-5, 0.0010765633918038428, -7.748652713511516E-6, 0.001149258611228441, 2.8024383283470225E-4, 0.00130445578469652, 2.638920999147426E-4, 8.810787515845888E-4, 3.8550637009287646E-4, 9.792002593687016E-4, 6.143140150975856E-4, 9.593390995380654E-4, -0.002200092682917592, -0.002407999437941072, -0.00265438987901778, -0.002885256530014987, -0.00258768492142092, -0.003944645354164933, -0.0014752210073326031, -0.00523651117080764, 2.8859393628425972E-5, -0.0055072153364132855, 5.684447231217196E-4, -0.004068605312223592, -3.8265345276754855E-4, -0.0038508440406871975, -3.251668552629337E-4, -0.0018757861139441095, -8.719620483659031E-4, -0.0021151699945429086, -0.001169049665306047, -0.0022070122164591717 ], [ 0.0014543054520732858, 0.002870084705657396, 0.0016583890697603836, 0.0025589417018426455, 0.0024056941406566837, 0.00190612484225982, 0.002351682405396457, 9.566263126718087E-4, 0.0020208223555910356, 0.0012154150857724717, 0.0010658771346942308, 0.0019523726242702188, 8.24131624776843E-4, 0.0017037000971797025, 0.0014839348061675356, 1.3803835089336774E-4, 0.0020790386137010063, 0.0015659793066032373, 0.0014528797882942545, 0.001688193355711671, 0.0010661868333908392, 9.449904340701269E-4, 6.806865618320265E-4, 8.943798168224652E-4, 5.338437801761782E-4, 7.171633007379804E-4, 2.6931402762748254E-4, 5.615325826416758E-4, 1.4718916248153535E-4, 5.46165657080853E-4, 2.72992631642911E-4, 4.492990755514002E-4, 1.171194626555295E-4, 3.7228482516172656E-4, -4.41540311000557E-4, 0.0015618312201966592, -3.537660126434444E-4, 3.433748747446134E-4, 1.6883490364184576E-4, 2.3005202316160684E-4, -1.287481096047106E-4, -4.94872169718488E-4, -2.598883468756421E-4, -4.8719141534418536E-4, -4.2749496567273345E-4, -1.1470004933563533E-4, -2.0516138122224275E-4, 3.9925104418183917E-4, 4.205790414051272E-4, 4.6119772972386233E-4, 8.845409415142705E-4, 4.731780625002991E-4, 8.954666659496747E-4, 5.760021125580171E-4, 8.101919991996384E-4, 3.194209867784076E-4, 9.655364162259684E-4, 9.12481790806765E-4, 8.217674812132165E-4, 0.0011428494787142076, -1.991699835466983E-4, -0.0021720517723535235, -4.053944659961145E-4, -0.0035702527162301176, -9.575560783733807E-4, -0.004637554530218143, -0.0014320310495013434, -0.004500154010239101, -0.0025777205181544745, -0.0026714872125290705, -0.0031472027905901858, -0.0015594793717681097, -0.002698743874456457, -0.0015714525303078038, -0.002044321705654601, -4.2605462580138135E-4, -0.002337666923091505, -0.0016795508286922022, -0.0017905269963484818, -0.0024368917927139852 ], [ 0.0031952937498627067, 0.0016583890697603836, 0.004258210043586174, 0.0014595730329188975, 0.004200336636130135, 0.002332632351251592, 0.002011151992804701, 0.0023729625087052174, 7.501009692793522E-4, 0.002172663985477258, 0.0015784827064660905, 4.6399813823568936E-4, 0.0012588693450531717, 0.0013986349334699517, 0.0017003086491957184, -0.0021306730543340464, 0.0035274913733025007, -7.190726319263018E-4, 0.0017819167085446925, 8.803134896619575E-4, 0.0019773400504632128, 0.0018086763263605826, 0.0017120108146715558, 0.0016360662536273338, 0.0016822855591537651, 0.0012268839459430277, 0.001457855147218245, 9.62414055645972E-4, 0.0010560782935531779, 0.001147700055442101, 3.7101907255684377E-4, 0.0013399533842875571, 4.133838343165907E-6, 3.71674985940417E-4, -5.375436249360121E-4, 0.002033153038802419, -0.0011876595783571599, 0.0013926921178623972, -1.8987102646682871E-4, 6.679004361400925E-4, -5.857734144796031E-4, -2.114204474688998E-4, -8.519863614426642E-4, -5.483103749312658E-5, -8.304232603264006E-4, 2.4310432395485817E-4, -3.5416587598953106E-4, 8.28457245557066E-4, -1.2630673689591326E-4, 0.0013000716209038425, -1.0992873614329028E-4, 0.0013911580688943325, 2.87485262273852E-4, 0.001445884745244868, 3.1263892498626517E-4, 7.757034209446662E-4, 4.3212122098823004E-4, 0.001025404351731839, 6.851612599697008E-4, 0.0010779077171480013, -0.0025334748770409945, -0.0026880572962343485, -0.0030888156146137075, -0.003291086338163849, -0.0029600402295108783, -0.004573136054014909, -0.001487081068408625, -0.00634928225262073, 3.837931496794946E-4, -0.006711682796438245, 9.188804046533072E-4, -0.004832109333541569, -3.141849580251099E-4, -0.004311167600354676, -3.6264236284837454E-4, -0.0015873282260186266, -0.0010554879886861533, -0.0021245690592834716, -0.001384221942000439, -0.0024116335482426247 ], [ 0.0014590155443832888, 0.0025589417018426455, 0.0014595730329188975, 0.0027249117939199107, 0.0018193895644880386, 0.0024296215193181296, 0.0019927625648775518, 0.0010275202681189223, 0.0019577041303109263, 0.001238530382937569, 6.901545675648121E-4, 0.0018274186050728398, 8.198589056533502E-4, 0.0012056397540893566, 0.0013099156834980345, -5.2191759605679656E-5, 0.0014604538778097116, 0.0012097931884442344, 8.329349435230878E-4, 0.0013486558296033205, 0.0014941813751266247, 0.001415448744410747, 0.001138590325137428, 0.0013175272520858556, 0.0010357108161035118, 0.0011102949471090897, 6.833828532608166E-4, 0.0010294084643793077, 4.7932032182018165E-4, 8.718443375885165E-4, 6.3051279965301E-4, 6.540957886279951E-4, 2.6424773760556794E-4, 5.763360601526917E-4, -2.507306800936847E-4, 0.0014373532521487885, -7.010904394491077E-5, 4.7907872030116666E-4, 4.1445250793635275E-4, 3.6805120963514045E-4, -1.7285072857246836E-4, -4.883297510262986E-4, -2.115048757151898E-4, -5.139260662463238E-4, -2.6552110135250203E-4, -1.5666354048476027E-4, 1.9948144481726353E-6, 4.3098851260693584E-4, 5.135453220642651E-4, 5.214236681422839E-4, 9.220856911783281E-4, 5.336997523672724E-4, 8.323416496417535E-4, 7.305979615788818E-4, 7.228345042122752E-4, 5.878074409503501E-4, 8.888236733655547E-4, 8.502870463444214E-4, 8.008449567302142E-4, 9.616420122861624E-4, -0.001110910236607361, -0.002783650001614111, -0.0013138679047990675, -0.003973322089635196, -0.0017854332455830974, -0.004908223321457514, -0.0023475115977712835, -0.004446463261819483, -0.0029673317840738685, -0.002700314070076794, -0.0031821767968593664, -0.0016576718618929805, -0.00258170650460442, -0.001811679907155693, -0.0018927918148129007, -9.867270580847574E-4, -0.0021125268603848584, -0.0015995335104101664, -0.001709506135591267, -0.0020945584997824895 ], [ 0.0031993872621995487, 0.0024056941406566837, 0.004200336636130135, 0.0018193895644880386, 0.004807450511104095, 0.00210384219261009, 0.002735069712185585, 0.0022938456861287836, 0.0012524670830687695, 0.002654280292302565, 0.0016948284861476664, 0.0016023846235637279, 0.001275585271375019, 0.0024076612803567506, 0.0020552280346477097, -0.0014726340391979368, 0.004100262134921016, 4.251275247461286E-4, 0.0022954358449349182, 0.0017798423576537265, 0.0016181030137113648, 0.0014583137921706634, 0.001206619460535397, 0.0013703669456628506, 0.001105800659284281, 9.794981370830225E-4, 9.445412753285511E-4, 6.035375361161595E-4, 6.607336449217104E-4, 7.933360793845399E-4, 1.9097800530209244E-4, 0.0010356245270248942, 3.954249164871918E-6, 2.45624020921246E-4, -6.735077453455919E-4, 0.0023356374061176883, -0.0011806249386719688, 0.00115201732287139, -1.0409080087113594E-4, 5.245532826527282E-4, -5.23445900815849E-4, -3.0517433038378924E-4, -8.370084471945488E-4, -1.395384670456083E-4, -9.833823314793907E-4, 2.2665077205435863E-4, -5.624670135782506E-4, 8.183835923225424E-4, -1.925897373839677E-4, 0.0012774934656735162, -5.535945682075434E-6, 0.0013744843700691134, 5.260364211513046E-4, 0.0014219746084086753, 5.517400363165446E-4, 7.388961687722022E-4, 6.77571757436591E-4, 0.00137234626726214, 8.982189909304138E-4, 0.0015400379117722072, -0.0015761427119236854, -0.0022810307631995932, -0.0021896293673796933, -0.00318946664688336, -0.0023006717446799807, -0.004705045498796043, -9.161610341139987E-4, -0.006539851504153565, 2.567475672811516E-4, -0.006825580321352532, 4.1625311549738303E-4, -0.004988642553188335, -9.723132876051624E-4, -0.004449972713314856, -8.899965090376273E-4, -0.00157786641829884, -0.0015904330835079185, -0.0028614249120274366, -0.0017965785790533973, -0.003410521756957134 ], [ 0.0020746039060717436, 0.00190612484225982, 0.002332632351251592, 0.0024296215193181296, 0.00210384219261009, 0.0030742363057258398, 0.0015349781215920504, 0.0018889756599507345, 0.0014433037308575634, 0.001852198379343345, 7.392907938250221E-4, 0.0013414846114080652, 0.001170154772086337, 9.01705532563159E-4, 0.0012737690533455527, -6.090826240220833E-4, 0.0015411825284934813, 4.388195783869442E-4, 7.392777316270964E-4, 0.0010086232864034627, 0.0017850202650828324, 0.0017312141614040908, 0.0015307749577115899, 0.0015499144097986, 0.0015443008333180237, 0.0012496662665195586, 0.0011806170339449856, 0.0012500817463386433, 8.22672643876705E-4, 0.0011559269496788955, 7.433207119644398E-4, 0.001030571749777932, 2.144074258825933E-4, 6.352023165429986E-4, -7.174676777977091E-5, 0.0014133626734351241, -8.510738160090936E-5, 8.95121466275973E-4, 4.2984638719435823E-4, 6.104969156407902E-4, -3.686459984582011E-4, -3.8204975209857615E-4, -4.354076862325607E-4, -3.8547648832246297E-4, -3.64071533069138E-4, -7.834396609038262E-5, 1.9252151236089852E-5, 5.796677945549524E-4, 3.122584983766564E-4, 8.504000137747144E-4, 5.434228129744626E-4, 8.88388170046456E-4, 5.259045550545891E-4, 0.0010569818178275642, 4.468008570407139E-4, 7.681088538643158E-4, 6.190025728293924E-4, 7.752926856182187E-4, 7.759207450973663E-4, 7.93313283447755E-4, -0.002275548016290785, -0.00316531227952738, -0.0026021049275585465, -0.004127190781686534, -0.00269666646083333, -0.005245614931373296, -0.0025518340978954094, -0.00521139163529082, -0.0019098743439840658, -0.004271519101231511, -0.0016329988709236172, -0.0029353723795729632, -0.0015480195831903342, -0.002770718662757499, -0.0010866310306234677, -0.0014550025169348664, -0.0014436421658199604, -0.0015497387115457543, -0.0016009475781317078, -0.001796782870916714 ], [ 0.0017317608651492658, 0.002351682405396457, 0.002011151992804701, 0.0019927625648775518, 0.002735069712185585, 0.0015349781215920504, 0.0022922632721182677, 8.503058759444944E-4, 0.001633539411044168, 0.0011420806418103381, 0.00109673144623781, 0.0014047605507232753, 8.622075131203559E-4, 0.0014873599405433081, 0.001515624394293548, -5.724922789491891E-4, 0.0023673809744406294, 8.14951827021878E-4, 0.001330162007005384, 0.0013454115021863595, 0.001351504985445942, 0.0012498044360167767, 9.449085394338594E-4, 0.0012355394142574405, 7.888707514217416E-4, 0.0010020471584106867, 5.852453689481472E-4, 7.003519645679533E-4, 4.524732432968679E-4, 6.700793052415832E-4, 3.564793963372566E-4, 6.349476088285045E-4, 1.4250085427733693E-4, 3.9699445047072297E-4, -4.7493862465222523E-4, 0.0016336486794785471, -5.277845879757713E-4, 6.215264395233926E-4, 1.398576933049625E-4, 3.410412773477409E-4, -2.1345701320982498E-4, -3.731904628510318E-4, -3.235446521806162E-4, -3.1628319950966166E-4, -4.662612752727721E-4, 1.468094463161718E-5, -2.517579895121817E-4, 4.997533182072672E-4, 1.814184435886555E-4, 6.318919832449576E-4, 4.957278387148071E-4, 6.697084977931968E-4, 6.848473397480828E-4, 8.364989395186652E-4, 6.346092740208791E-4, 5.983577524760398E-4, 7.423867104006364E-4, 0.0010154477949852522, 7.129183022009664E-4, 0.001156173966240073, -8.013067538523796E-4, -0.002048013534790023, -0.0010287039224053944, -0.002945083927644823, -0.0013487530701308003, -0.003878927119119114, -0.0011948185148924133, -0.004313118603834638, -0.001393978126525195, -0.0033198578295897093, -0.001646910866287009, -0.0023094212455740636, -0.0018859733830312068, -0.0024036471840961173, -0.0014694519233855513, -0.00115088492805277, -0.0017659851435974836, -0.0020300231449269803, -0.001491805832384559, -0.002535035719136724 ], [ 0.001764239909132536, 9.566263126718087E-4, 0.0023729625087052174, 0.0010275202681189223, 0.0022938456861287836, 0.0018889756599507345, 8.503058759444944E-4, 0.002328816727050582, 3.3200197213013177E-4, 0.0028116993474983283, 4.6538896829281226E-4, 0.0018666344498872427, 7.357106621643755E-4, 0.001831377067919375, 8.530549705182987E-4, 1.1666483341077078E-4, 0.0017563760161588412, 0.0010233096518730913, 0.0012357431904290233, 0.0014418183814300773, 1.7239096708170575E-4, 1.5788981817403452E-4, 1.008146074345076E-4, 2.7114096078332964E-5, 2.0623598372306983E-4, -1.585223172066106E-4, 1.4497383013382123E-4, -6.875190330296051E-5, -5.809044363444397E-5, 9.497368139274582E-5, -5.3586708521691565E-5, 3.268929990867538E-4, -7.734637669102397E-5, -7.816776273665571E-5, -4.2053743494547096E-5, 9.676274363538934E-4, -2.3500035162488418E-4, 4.141633032542504E-4, 1.1623857238921579E-4, 2.2914114716062134E-4, -3.468350175024024E-4, -1.3422762510253874E-4, -5.835538974694441E-4, -8.631226400495181E-5, -6.232085163583046E-4, 5.00002581568425E-5, -3.2123989788806356E-4, 3.6080262772006963E-4, -2.248912342810805E-4, 7.821129514748842E-4, -1.3971062439025047E-4, 8.449068809190555E-4, 1.2592739504908434E-4, 7.03041815013213E-4, 1.604304087228521E-4, 1.7563554669715878E-4, 2.713846211448416E-4, 5.972585330907142E-4, 5.868176025279516E-4, 7.050637131673017E-4, -6.900191261255326E-4, -8.79866734363509E-4, -0.0012522914414485927, -0.0015790733368245785, -0.0012882739717946154, -0.002708676188815779, -4.368234168356663E-4, -0.0035512319938100223, 4.1334418643721067E-4, -0.004403199685833258, 7.137205251416868E-4, -0.003261261064172358, -6.992734906328913E-5, -0.0023552021142337573, -7.68637102614583E-5, -4.665378359837857E-4, -5.612161876553688E-4, -0.0012981221685084293, -0.001120758847168462, -0.0015785524907744714 ], [ 8.711402171422152E-4, 0.0020208223555910356, 7.501009692793522E-4, 0.0019577041303109263, 0.0012524670830687695, 0.0014433037308575634, 0.001633539411044168, 3.3200197213013177E-4, 0.001824220824080033, 2.5917983082694143E-4, 0.0010153541515461283, 9.232690887227054E-4, 9.960848540033474E-4, 5.585537537373997E-4, 0.001211443004159288, 9.651796839178557E-5, 0.0010519380165507038, 0.0012662593912774738, 4.6905045854481187E-4, 0.0012518082600539713, 9.241593667453213E-4, 8.192445390436847E-4, 5.954136120515168E-4, 8.196381833782468E-4, 5.057486360763433E-4, 6.886557604632278E-4, 3.2520553255757883E-4, 5.798125682155769E-4, 2.3179740000639387E-4, 5.903654006617447E-4, 2.7003499023141954E-4, 4.271138248216214E-4, 5.409833520616943E-5, 4.033017337147811E-4, -2.0211106563323186E-4, 9.044800420484285E-4, 8.46760046763453E-5, 1.0597238731021528E-4, 4.250807121660316E-4, 1.1939620462765216E-4, -3.972957519396825E-5, -3.5149886288157647E-4, -5.141564518902149E-5, -3.7703114997413506E-4, -1.6780232917355963E-4, -9.316043520047178E-5, -7.457460252547878E-5, 3.1852066855385435E-4, 3.6043284388837915E-4, 2.222776198291867E-4, 7.27179025880659E-4, 1.9612213609838456E-4, 6.05453023504983E-4, 4.025157304749463E-4, 4.7938402131274683E-4, 3.879978303971002E-4, 6.181570840792027E-4, 6.176387500888558E-4, 5.784942575767054E-4, 7.21551498109478E-4, -1.8341554330581893E-4, -0.0018155373461513217, -9.929451160209005E-5, -0.0029583510645873096, -2.2158115678108436E-4, -0.003850166945250562, -6.148715369060302E-4, -0.00347404007175703, -0.0017797322135467554, -0.0014796227152116211, -0.0024074451490318496, -7.563890297518523E-4, -0.001877529082825634, -0.0010616586418448679, -0.0012767486532693055, -7.020336310164392E-4, -0.0014668459804130535, -0.001233084377901889, -0.0012053111760815126, -0.001627941089620766 ], [ 0.0018176959777410104, 0.0012154150857724717, 0.002172663985477258, 0.001238530382937569, 0.002654280292302565, 0.001852198379343345, 0.0011420806418103381, 0.0028116993474983283, 2.5917983082694143E-4, 0.005008909584959208, -5.993007819186358E-4, 0.004832456971529245, 1.8199693225987425E-4, 0.0038958075111120045, 9.936980891210323E-4, 0.0012555790218428595, 0.002156592084428531, 0.0030239318009552653, 0.0014829215096545398, 0.00293345186820122, -8.620739115305849E-4, -7.331515262768696E-4, -0.001045499706206267, -7.869264218482567E-4, -9.42632216801023E-4, -9.304295882615951E-4, -8.655917510733685E-4, -8.31900954109566E-4, -8.900212328489873E-4, -8.35148659002391E-4, -2.2355635004046637E-4, -4.7624700007483094E-4, 4.6751151829760285E-5, -5.134254781647801E-4, -7.650142053333074E-5, 0.0012552324115573182, 8.74847709857233E-6, -1.2598066702301986E-4, 4.5759757598989485E-4, -8.559704584305095E-5, -3.4893664501971114E-4, -1.5120836820590257E-4, -6.361840107931382E-4, -1.2129849752866891E-4, -8.308484487488713E-4, 4.3022760851454345E-6, -5.352680490439254E-4, 2.4122745607649718E-4, -5.182806603935709E-4, 9.836961443134618E-4, -3.895352904119065E-4, 0.0011242571517728363, 1.8101283817587125E-4, 9.143972180185169E-4, 2.6041531913489565E-4, 3.357735191565481E-4, 4.0484862593176077E-4, 0.001167029242265975, 8.348609078468649E-4, 0.0013040794189737638, 4.645828214985338E-4, 4.414864075439807E-4, -6.759696748362809E-4, -1.7121097200103238E-4, -0.0013543629861012963, -0.001456926434724453, -3.189496861341053E-4, -0.0026193473187835666, 6.71066072730262E-4, -0.005510595272273964, 0.001491105055603768, -0.004697117736889562, -1.2339957962772359E-5, -0.003390407418023246, -7.24728951867178E-5, -0.001095797798902228, -6.523694359326925E-4, -0.0026791718663911487, -0.001422672853342194, -0.0029324501974726525 ], [ 0.00111100587790977, 0.0010658771346942308, 0.0015784827064660905, 6.901545675648121E-4, 0.0016948284861476664, 7.392907938250221E-4, 0.00109673144623781, 4.6538896829281226E-4, 0.0010153541515461283, -5.993007819186358E-4, 0.0019539522193390635, -0.00119142400176377, 0.0015357758688934527, -3.679885468731576E-4, 0.0012110961316035222, -8.402456613711114E-4, 0.0015750645072246869, -1.184840254519507E-4, 8.926685921619256E-4, 4.308497574227371E-4, 5.752581296283927E-4, 3.9355839620337167E-4, 4.072945143984252E-4, 3.899028612698313E-4, 3.903151002813455E-4, 2.375592712350043E-4, 3.778892054522437E-4, 1.07712164717353E-4, 2.4761776703268926E-4, 5.126136071416425E-4, -2.7233676933784064E-4, 6.235356395472948E-4, -4.050649396719304E-4, 1.8810685170148845E-4, -3.0109660847529315E-4, 5.82698876944175E-4, -4.619434025465302E-4, 3.810428837562624E-4, -1.7637910449451918E-4, 1.5930415598468944E-4, -1.1683868911036107E-4, -1.2592535397859834E-4, -2.4251121077958085E-4, -8.494735254003452E-5, -3.155585540855488E-4, 8.733026441748824E-5, -2.592798758910262E-4, 3.544369788587714E-4, 2.632163419725894E-5, 2.685496090770053E-4, 1.2497232206114928E-4, 2.4774934500816994E-4, 8.824567190618513E-5, 3.017243158704189E-4, 1.5664821596826764E-5, 5.0115328412112525E-5, 1.2972745511885796E-4, 1.9664948522915275E-4, 2.3209644385009158E-4, 3.1906282824802344E-4, -6.0494257024453384E-5, -0.001000671795589853, 1.5511480439234316E-4, -0.0020102310542033587, 6.228749088102445E-4, -0.0030391289061706345, 0.0011901264916755882, -0.003592204516503914, 5.220640429177074E-4, -0.0019471136158062947, -1.4464483359827676E-4, -0.001024788377271328, -2.022601653117093E-4, -9.813589228030123E-4, -1.3257652647537222E-5, -4.735006615713849E-5, -4.4601102727010334E-4, -3.852922799174707E-4, -5.506437427551793E-4, -7.461802176410902E-4 ], [ 7.078372611949869E-4, 0.0019523726242702188, 4.6399813823568936E-4, 0.0018274186050728398, 0.0016023846235637279, 0.0013414846114080652, 0.0014047605507232753, 0.0018666344498872427, 9.232690887227054E-4, 0.004832456971529245, -0.00119142400176377, 0.006489350434519095, -2.233053399677177E-4, 0.0046090338289195955, 0.0010046751099450151, 0.002794167222404411, 0.001557704353157384, 0.004967078063235, 0.0014443730939412867, 0.0037904307546107008, -0.0020082357535734473, -0.0018077073084146978, -0.0023058102290333072, -0.001740110351706067, -0.0022906494856764115, -0.0017138926391519213, -0.0021461276543472785, -0.0015600228497166038, -0.0018934709157384375, -0.001694932377226109, -4.996949621283204E-4, -0.0014254816959522758, 3.0259011400659614E-5, -7.524428380613401E-4, -1.6703780358707804E-4, 0.0010278719871446291, 4.2850191673968137E-4, -0.0010140280574398065, 6.163719534664059E-4, -5.327669818001771E-4, -4.398274634912552E-5, -3.0997650791052457E-4, -2.7120728738012E-4, -3.8720989062768256E-4, -6.348101882377748E-4, -2.3901296319520026E-4, -5.324181452970784E-4, -1.1513764262218453E-4, -2.9451176170869006E-4, 5.192471940859772E-4, 4.179544644448448E-5, 6.586176209709214E-4, 4.6636517895469085E-4, 4.393968766078758E-4, 4.897463109738074E-4, 7.538162085112741E-5, 6.972729464559002E-4, 0.0012339753831677267, 8.874614083991127E-4, 0.001492730810756767, 0.002673884613839601, 0.0016482917876224075, 0.001502060349431606, 5.6750819139835E-4, 8.077995299207594E-5, -6.225462487084426E-4, 5.651684801682825E-5, -8.636835717271056E-4, -8.980229820718772E-4, -0.0032920992318234165, -4.2748073759999285E-4, -0.003171105735890357, -0.0011634516540994465, -0.0020409475337129033, -8.530883426489317E-4, -5.204603354507305E-4, -0.001324550669441794, -0.0027501374360738157, -0.0015574925490177114, -0.003276074003284095 ], [ 0.0010541587265003437, 8.24131624776843E-4, 0.0012588693450531717, 8.198589056533502E-4, 0.001275585271375019, 0.001170154772086337, 8.622075131203559E-4, 7.357106621643755E-4, 9.960848540033474E-4, 1.8199693225987425E-4, 0.0015357758688934527, -2.233053399677177E-4, 0.0019394354163134494, -7.026193607980667E-5, 0.0013844095740774389, -1.942153956418612E-4, 0.0013043118155509068, 6.704110746263626E-4, 8.02925574932696E-4, 8.340064386034539E-4, -1.1119521248415437E-4, -1.3706783320777984E-4, -3.1573020023210625E-4, -9.252249039751653E-5, -2.601411446419755E-4, -2.5237305630325255E-4, -1.7971953396860057E-4, -3.0105415677585937E-4, -2.3299789778800678E-4, 4.900879688319931E-5, -3.602043426865773E-4, 2.5169609272214993E-4, -5.254667323775562E-4, 8.330304472644877E-5, -1.259834513186393E-4, 4.0551769847896335E-4, -3.0145450673876605E-5, 2.505190116439032E-4, 5.716998530987766E-5, 1.6776788896743486E-4, -1.2840672838502023E-4, -1.2061990670009165E-4, -2.1453845735914455E-4, -1.512304101087786E-4, -2.9506809736361815E-4, -2.8619773075373477E-5, -2.9725727302257486E-4, 2.6685249589344196E-4, -1.9056987470335632E-4, 3.8668947511034864E-4, -1.792980475917316E-4, 4.2705478278800245E-4, -1.5235886728901088E-4, 4.8252868634893583E-4, -2.3160070842987704E-4, 2.56591549183256E-4, -4.374092331164552E-5, 2.9365471807742507E-4, 2.7230671738303085E-4, 3.865810486063268E-4, 3.340631941165475E-4, -2.4615573788140427E-4, 3.267031605509332E-4, -0.0013151394927207018, 6.862724762831029E-4, -0.0026215996517455595, 0.0015415062166102473, -0.003017463130540674, 0.0010208990346549595, -0.0024167678763111346, 8.153386288878376E-4, -0.0018898795461940883, 4.000084822282638E-4, -0.0015847378130690944, 5.992548355825036E-4, -6.80741839951619E-4, 5.813752764897328E-5, -7.633474834826493E-4, -5.442070384928669E-4, -9.755679032980658E-4 ], [ 0.0011009656374319486, 0.0017037000971797025, 0.0013986349334699517, 0.0012056397540893566, 0.0024076612803567506, 9.01705532563159E-4, 0.0014873599405433081, 0.001831377067919375, 5.585537537373997E-4, 0.0038958075111120045, -3.679885468731576E-4, 0.0046090338289195955, -7.026193607980667E-5, 0.0039048657039408756, 9.525230872694508E-4, 0.0016725289663959714, 0.00218124122558717, 0.0032733601972741505, 0.0019177143498835922, 0.0028389927429145574, -0.0013086298382665542, -0.0012137491392482987, -0.001536006492221652, -0.001181998307702587, -0.001554046870986503, -0.0012200125706997972, -0.0014359716363127545, -0.0012201763681999947, -0.001291799011426751, -0.0011896018831194406, -5.1515605127326E-4, -8.448387568791171E-4, -4.875418277906139E-5, -6.094179510969949E-4, -3.1093489494586846E-4, 0.0011679121459426435, -2.0007853125313167E-4, -4.0100655221592016E-4, 1.115120341685831E-4, -2.6318508307073994E-4, -1.3795355626901887E-4, -2.287653629784872E-4, -4.3148178456499907E-4, -2.0871779250512497E-4, -7.444526502728557E-4, -6.643955389844703E-5, -5.972339134940597E-4, 4.7894979225071315E-5, -3.5840793908435367E-4, 5.825697305104536E-4, -1.0786141143717665E-4, 7.005500377467689E-4, 3.951061421297665E-4, 4.412638595420168E-4, 4.6946206877202597E-4, -6.176848454322867E-5, 5.879611519637484E-4, 0.0010411267023169185, 7.341411641640648E-4, 0.001324461017926843, 0.001812652219547187, 0.001106904035065552, 8.732083384235046E-4, 2.6912476114318356E-4, -1.1030302472134389E-4, -7.735809833483728E-4, 2.932208551731238E-4, -0.0015868533813831682, -7.057839726924697E-5, -0.0035395507889743956, 1.4035930582348226E-4, -0.0030577445395155566, -8.501960375930029E-4, -0.001974672250780538, -7.629302464525426E-4, -1.0207970054356059E-4, -0.0012109088313247746, -0.0022264280840021953, -0.001370143985516182, -0.002846484248431989 ], [ 0.001501874329646726, 0.0014839348061675356, 0.0017003086491957184, 0.0013099156834980345, 0.0020552280346477097, 0.0012737690533455527, 0.001515624394293548, 8.530549705182987E-4, 0.001211443004159288, 9.936980891210323E-4, 0.0012110961316035222, 0.0010046751099450151, 0.0013844095740774389, 9.525230872694508E-4, 0.0016466336325423215, -5.11091816067907E-4, 0.0021040678392430703, 0.0011801575363992217, 9.890106254333893E-4, 0.0014631895250144353, 1.8299837040234185E-4, 1.094799986166846E-4, -1.4061265605541066E-4, 1.4034181654698377E-4, -1.7385195107191072E-4, -4.3786962314866604E-5, -1.539373773367252E-4, -1.818836505215684E-4, -2.0067716914043816E-4, 3.577875979658563E-5, -2.125791480636306E-4, 1.8582031816625743E-4, -3.0798965703213724E-4, 1.261612291310457E-5, -4.3605093839248357E-4, 0.0010429199143124348, -3.6183345308971504E-4, 1.4875312256633683E-4, 1.1724072735731593E-4, 2.757765656138724E-5, -1.7596282957179076E-4, -2.0342181159277008E-4, -3.01276371544524E-4, -2.0241376703405615E-4, -4.331088703676693E-4, 8.44346618066261E-6, -3.2961885803186745E-4, 3.483557247530772E-4, -7.948909411308984E-5, 5.96459688719543E-4, -3.70088260685843E-6, 6.653281353249678E-4, 1.2846081465882743E-4, 7.604998654817565E-4, 5.212334499384621E-5, 4.741843455122139E-4, 2.631566157163027E-4, 7.453105821260064E-4, 4.496404564658056E-4, 8.339906712397801E-4, 3.3539768772104675E-4, -5.058717336497363E-4, 6.856664837307699E-6, -0.0015398221336804302, -1.4394696914951996E-4, -0.0028025479826987517, 5.891638053783192E-4, -0.0035812298306678435, 2.0734242445848692E-4, -0.0034752193545167244, 3.1575410485389446E-4, -0.002717111910053376, -2.0800753563790297E-4, -0.0024772952197225284, 2.9627678191189357E-5, -0.0011215903564479749, -6.108179224759106E-4, -0.0016826819262921234, -8.414033924209885E-4, -0.00193488274354324 ], [ -0.001722924646334693, 1.3803835089336774E-4, -0.0021306730543340464, -5.2191759605679656E-5, -0.0014726340391979368, -6.090826240220833E-4, -5.724922789491891E-4, 1.1666483341077078E-4, 9.651796839178557E-5, 0.0012555790218428595, -8.402456613711114E-4, 0.002794167222404411, -1.942153956418612E-4, 0.0016725289663959714, -5.11091816067907E-4, 0.003788547581345412, -0.0013060399276381234, 0.003432761704136297, 5.42010309449689E-4, 0.0016251656790255563, -0.002995189391486336, -0.002777292004254207, -0.00288598116450681, -0.002639357382447336, -0.0027749117246731, -0.0023460039793338676, -0.0024810091764597164, -0.001989327475476081, -0.00209390491326594, -0.0018741594653917534, -9.824551738569884E-4, -0.0016495560286695283, -3.332586117153559E-4, -7.394225098910491E-4, 4.459601425979507E-4, -0.001014862147366878, 0.0010748835200769407, -0.0013428563835181033, 1.822950984251514E-4, -5.959077910386449E-4, 3.64131318635645E-4, -5.610548850216726E-5, 2.8120354320825767E-4, -1.9576794485776338E-4, 8.644629526345312E-7, -3.222371480820407E-4, -2.9271666740156814E-4, -6.280641515626137E-4, -2.3652957730936408E-4, -6.74740629650318E-4, 3.960205764590367E-5, -6.878974573942384E-4, 1.6645925732287418E-5, -0.0010551398857338592, 4.208067910001902E-5, -0.001040022209180669, 6.908913527191767E-5, -2.877049043457208E-4, 1.2503570325512748E-4, 2.189043455529581E-5, 0.0037560704770082487, 0.002933113064332744, 0.0036921089421045245, 0.0021172550455715576, 0.0032295336299486455, 0.00178444543725912, 0.002412476911232155, 0.002953846924998949, -7.854626704880872E-6, 0.002704001261946285, -9.002591116612473E-4, 0.0018111423026178648, -4.5539347363530704E-4, 0.002601753631606246, -2.2744086798457525E-4, 0.002010249210347563, -7.196035034079883E-5, 6.018732564741116E-4, -2.710136427246713E-4, 5.322750867975111E-5 ], [ 0.0026830174269966882, 0.0020790386137010063, 0.0035274913733025007, 0.0014604538778097116, 0.004100262134921016, 0.0015411825284934813, 0.0023673809744406294, 0.0017563760161588412, 0.0010519380165507038, 0.002156592084428531, 0.0015750645072246869, 0.001557704353157384, 0.0013043118155509068, 0.00218124122558717, 0.0021040678392430703, -0.0013060399276381234, 0.003931828353546133, 8.010134755057702E-4, 0.0022488240390367287, 0.0017632893847842569, 5.900275192565639E-4, 4.60570397556275E-4, 2.0304705113952093E-4, 4.366721556382635E-4, 1.0881330841231747E-4, 1.3399939185600174E-4, 9.436425686721553E-5, -1.716295021546505E-4, -3.177942002203428E-5, 1.1310615365105507E-4, -2.642285481212784E-4, 4.514412340099128E-4, -2.964489114723733E-4, -7.390864012621503E-5, -8.276578282599115E-4, 0.001973146549750802, -0.0012253901209927317, 6.89549323659652E-4, -3.209428785944503E-4, 2.1947507823617563E-4, -3.965093970549155E-4, -2.5017970054955023E-4, -7.055585120852177E-4, -1.4384673842030992E-4, -8.79856807799313E-4, 1.4627488452672568E-4, -5.893157296044859E-4, 5.823691370164871E-4, -2.39470482803766E-4, 0.0010996620142902397, -1.939515636145393E-4, 0.0012331064164943656, 2.632813624791454E-4, 0.0012142084484793876, 2.709967126637556E-4, 5.434491350030184E-4, 4.7333264726631685E-4, 0.0011749676945285925, 6.511846097245647E-4, 0.001357844158543733, -1.6536510253791091E-4, -8.380882289854458E-4, -8.893326187926935E-4, -0.0018568462036039697, -0.0012824592066453097, -0.0033592865916614863, 7.757191135415113E-5, -0.005214006414560086, 5.739700492084826E-4, -0.006002508310673245, 9.869558138916872E-4, -0.0046095181768822015, -3.0518641729201164E-4, -0.003958784096517382, -2.6640888188942573E-4, -0.001222272331154121, -0.001153189099365672, -0.0024832113007697307, -0.0012936552977408347, -0.0030006715186135795 ], [ -2.716015530299039E-4, 0.0015659793066032373, -7.190726319263018E-4, 0.0012097931884442344, 4.251275247461286E-4, 4.388195783869442E-4, 8.14951827021878E-4, 0.0010233096518730913, 0.0012662593912774738, 0.0030239318009552653, -1.184840254519507E-4, 0.004967078063235, 6.704110746263626E-4, 0.0032733601972741505, 0.0011801575363992217, 0.003432761704136297, 8.010134755057702E-4, 0.005822660086439437, 9.273010176100753E-4, 0.004061973808714686, -0.0033398843784331646, -0.003256304700439364, -0.0035736242806783582, -0.0030779434030475086, -0.0034724348996174616, -0.0029025042600105124, -0.003070256763356109, -0.0025798250034704214, -0.002671096003945104, -0.0022331746761877066, -0.001374329850769175, -0.0018836406869776239, -5.945579748312495E-4, -0.0010889123656910827, -9.478123513712998E-5, 9.920578625917234E-6, 8.341062727415697E-4, -0.001958775211071598, 6.577532821781249E-4, -0.0011057633642555743, 2.2858050568685771E-4, -1.9282480893547432E-4, -6.315459983611486E-7, -3.395460588454961E-4, -4.7016130436690394E-4, -2.5739431873316804E-4, -6.420272721889925E-4, -3.391299203025125E-4, -3.1218561121840465E-4, -7.018504771307872E-5, 4.351989731707454E-5, -2.1349926029815344E-5, 1.350182039732851E-4, -2.7958387248075173E-4, 4.9333466692454305E-5, -5.278261331716623E-4, 3.4591402992648334E-4, 6.626187083475033E-4, 6.023212509983767E-4, 9.878197160936453E-4, 0.004960833464623904, 0.0031107256385219666, 0.004314574652431116, 0.0012330077700431147, 0.003442248849190389, -4.3401516094874104E-4, 0.003346621891994038, -4.159218549369902E-4, 3.226959160554261E-4, -0.001284179436170685, -1.9834259647522837E-4, -0.0013400945190515218, -3.1478517376780704E-4, -2.7749263992465033E-4, 1.1516497154552801E-4, 6.299099198970595E-4, -5.643278507483516E-4, -0.001678288574480378, -9.507949022021645E-4, -0.0022577759258058543 ], [ 0.0010457071116055383, 0.0014528797882942545, 0.0017819167085446925, 8.329349435230878E-4, 0.0022954358449349182, 7.392777316270964E-4, 0.001330162007005384, 0.0012357431904290233, 4.6905045854481187E-4, 0.0014829215096545398, 8.926685921619256E-4, 0.0014443730939412867, 8.02925574932696E-4, 0.0019177143498835922, 9.890106254333893E-4, 5.42010309449689E-4, 0.0022488240390367287, 9.273010176100753E-4, 0.0024847187844673777, 9.84271430161532E-4, -7.228955913495168E-4, -6.870284872352549E-4, -8.532349298455365E-4, -6.846719446446251E-4, -8.999135952847011E-4, -7.77302245559602E-4, -8.535406955665515E-4, -8.693301188554507E-4, -7.989370143106972E-4, -6.246396645847405E-4, -5.945896914284023E-4, -2.3609501167267332E-4, -4.0651137972796806E-4, -2.4084810056703663E-4, -4.2166613991304075E-4, 9.386576809091354E-4, -7.47025838413416E-4, 4.265321725296724E-4, -7.01748465784237E-4, 2.2941814335627984E-4, -1.342215746747389E-4, -2.3438590076873332E-4, -4.154957183116724E-4, -2.0739423712533086E-4, -5.975597333143288E-4, -8.930778788837821E-5, -5.108831262743814E-4, 8.502638334424403E-5, -2.2238833331496538E-4, 4.251798299946491E-4, -1.2350410568528615E-4, 5.310570264963818E-4, 1.9307653760270796E-4, 2.4315704857481282E-4, 2.672880114255745E-4, -3.255609677466122E-4, 3.670985296476314E-4, 4.1382770850485436E-4, 3.8848627783026824E-4, 7.642680778509299E-4, 0.001130600167061389, 5.182954018153398E-4, 6.673097587504026E-4, -4.372841968988428E-4, 1.4397355867885766E-4, -0.0013685707810050449, 5.98555885070694E-4, -0.0019691269870868427, 4.514452742564504E-5, -0.0023655387426265535, -1.0012422416178467E-4, -0.0018480559885006283, -6.645160342868944E-4, -9.26720383221432E-4, -5.972644039453877E-4, 7.805322211180558E-4, -0.0010245306174012253, -6.460327578287986E-4, -0.0010003271307500638, -0.0014969185927246628 ], [ 9.348370185566818E-4, 0.001688193355711671, 8.803134896619575E-4, 0.0013486558296033205, 0.0017798423576537265, 0.0010086232864034627, 0.0013454115021863595, 0.0014418183814300773, 0.0012518082600539713, 0.00293345186820122, 4.308497574227371E-4, 0.0037904307546107008, 8.340064386034539E-4, 0.0028389927429145574, 0.0014631895250144353, 0.0016251656790255563, 0.0017632893847842569, 0.004061973808714686, 9.84271430161532E-4, 0.003399075240455859, -0.00154497900014267, -0.0015683562272091245, -0.0018408904170301981, -0.001483312057730761, -0.001788457287868527, -0.0015021843581049159, -0.0015698917634408283, -0.0013975659000194864, -0.0014260643548878714, -0.0011081628555662864, -7.792508716279488E-4, -8.390374012790302E-4, -3.425540201604519E-4, -6.379647527714633E-4, -2.4656670813186655E-4, 7.387645018480407E-4, 2.662027205950116E-4, -0.0010266900815015048, 5.954895591075032E-4, -6.404687254405887E-4, -3.5535566463547494E-5, -1.882767463549836E-4, -2.6843704831856644E-4, -2.263038802505216E-4, -6.135829350590474E-4, -5.020871273708847E-5, -5.747425166879583E-4, 8.894528294600398E-5, -2.7159656428336963E-4, 4.012838430427306E-4, 1.537966098247366E-5, 4.511813479004201E-4, 2.2976978679021948E-4, 3.5217138240120383E-4, 1.6224937246945973E-4, 1.2598857886261538E-5, 4.0487015703775584E-4, 9.342058201955316E-4, 6.955487899433649E-4, 0.0011407251791942224, 0.0025807605980848755, 0.001174509300961503, 0.0019649759423551482, -2.9616576042352914E-4, 0.0014623413640874143, -0.0019134542024432204, 0.001942741287129856, -0.002607054679688088, 4.90874592496218E-4, -0.0033333408016722704, 2.5839170824615895E-4, -0.002695775444170987, -3.193778651198495E-4, -0.00190882313588342, -2.5907121935683265E-5, -4.193640754574045E-4, -7.289610252552863E-4, -0.0022300090272670955, -0.001140953977932904, -0.0026347785385109866 ], [ 0.0017840735748479802, 0.0010661868333908392, 0.0019773400504632128, 0.0014941813751266247, 0.0016181030137113648, 0.0017850202650828324, 0.001351504985445942, 1.7239096708170575E-4, 9.241593667453213E-4, -8.620739115305849E-4, 5.752581296283927E-4, -0.0020082357535734473, -1.1119521248415437E-4, -0.0013086298382665542, 1.8299837040234185E-4, -0.002995189391486336, 5.900275192565639E-4, -0.0033398843784331646, -7.228955913495168E-4, -0.00154497900014267, 0.004782373384700872, 0.004579240555548195, 0.004576993092169474, 0.0043537499863304276, 0.004392913365714755, 0.003990759382198659, 0.003718387781152144, 0.0035701666972823335, 0.0031373185068208735, 0.003049970634101051, 0.0020418491070554596, 0.0024280644915115838, 0.0010627669463194476, 0.0015208424369640597, -2.016726297698809E-5, 0.0014635849042950152, -4.788618134856918E-4, 0.0019099559980391995, 4.2339542140748033E-4, 0.0011371041335927836, -3.915788887198066E-4, -2.3275139783587238E-4, -1.9644039625425227E-4, -7.772832934123145E-5, 1.0597866661713162E-4, 2.297935573456199E-4, 5.421716549239852E-4, 8.567850265620642E-4, 6.90580950051157E-4, 6.068985453232263E-4, 8.956137654163146E-4, 5.212655465136962E-4, 8.18709004429582E-4, 0.001072720215049511, 7.715054440952057E-4, 0.0012963669438061157, 6.117484391517369E-4, 5.579796214047068E-4, 4.11522093819908E-4, 2.7975217881738253E-4, -0.005819366967491013, -0.005838231945316301, -0.0053672276030142605, -0.005099668486643792, -0.004771896798534143, -0.004534745619830809, -0.005074229913199968, -0.004370226206422717, -0.002652842756270216, -0.002003408927966061, -0.002623664158965106, -7.62649875367275E-4, -0.0022437572734032452, -0.002111799383200001, -