{
  "weights" : [ 0.19874791112642537, 0.19339832340864285, 0.19019795006256407, 0.17840336452606817, 0.18057883420797813, 0.16530856675592906, 0.16344390837435582, 0.14608602431952963, 0.1534499869176769, 0.1145684402952586, 0.12206399441805695, 0.07469449374028622, 0.04734577148486943, 0.036489730868777256, 0.009458788981830703, -0.04624065215073067, -0.01792643265341019, -0.031105050576910327, -0.03490168361483948, -0.026325949678037835, -0.0704062401259051, -0.07083490728167116, -0.08082575892716469, -0.08409247614640186, -0.09043202611146069, -0.09597495938748295, -0.10165624990455593, -0.10339698923180302, -0.11182702368946885, -0.10758346384906194, -0.10933348169057926, -0.09672999832727118, -0.07976610869090933, -0.056498826900701835, -0.07247940604394165, -0.025195501505098642, -0.03508793279702367, -0.020936306909806676, -0.021024875232633175, -0.022765018182909557, 0.9700070393201295, 0.9705318027498127, 0.9712755222033687, 0.9691744139303976, 0.9683843272065759, 0.9614937834229502, 0.9637252739967193, 0.955424413925231, 0.9609944853036312, 0.950647568182863, 0.9585831109524291, 0.9346243491407328, 0.9229275242827124, 0.8424853207340744, 0.8175447436531469, 0.7576368506835125, 0.7234844485399865, 0.7628592467562982, 0.7407008988615978, 0.7722416040357234, 0.12004548397084494, 0.12280992037377907, 0.11731972319369162, 0.12934455419691318, 0.12830942087317249, 0.15216614281875326, 0.14855132136752067, 0.17380890447151762, 0.1676436606931427, 0.22036696554822127, 0.2231676629653182, 0.3206001176902197, 0.38834292606572357, 0.5350087179333628, 0.5748670684929105, 0.6463204734407957, 0.6858172706088621, 0.639506239929762, 0.6676982540671248, 0.6283099713791592 ],
  "covariance" : [ [ 1.0225753049986658E-4, -4.430231221579168E-5, -3.500234094118342E-5, -5.056085799717631E-5, -1.332619193347029E-4, 8.550628185307352E-6, -1.0902406798639992E-4, -1.3742726605963504E-4, -1.4642205446113577E-4, -1.8887424592061537E-4, -2.2183757770707186E-4, -1.2578389468693616E-4, -2.595030024524367E-4, -1.8012056474259926E-4, -1.0534957941334954E-4, -5.605117215216654E-5, -1.121356549955795E-4, -5.428588454846062E-5, -7.215904815825093E-5, -3.993874507850985E-5, -1.3910506970188991E-5, 1.8943934908252456E-5, -4.944889502074537E-5, -2.5189243505416635E-5, -4.884577075336048E-5, -5.393092575942843E-5, -1.0211072840006674E-4, -1.0519033958866887E-4, -2.099995812219747E-4, -1.498479500741208E-4, -2.0909156606635778E-4, -1.0454153507042819E-4, -1.629491690576075E-4, 1.4206126565972132E-5, -1.4253499839784033E-4, 5.31048669332225E-5, 9.393030465643581E-6, 4.8602095707874744E-5, 5.141565439828732E-6, -4.474062818772572E-6, -1.9429339720617956E-5, 1.1010227715360951E-5, -1.4798032627305393E-5, -2.6303020045436345E-5, -3.401666018335627E-5, -9.430373714702892E-5, -8.054458650918549E-5, -1.3510772056977716E-4, -1.1933365970996562E-4, -1.6673168825558738E-4, -8.9118224682346E-5, -1.663606704685709E-4, -9.655585932214018E-6, -1.679252018159255E-4, -2.1911361346379523E-5, -9.940789684274534E-5, -1.012027511616579E-4, -7.753659775477813E-5, -1.2962812312482084E-4, -2.4993960386726897E-5, -1.565628069281293E-5, 1.0287491188682935E-5, 1.015883671071781E-4, 1.983142118187324E-4, 2.458514866351878E-4, 3.635372320169291E-4, 3.8011029775522165E-4, 5.572689443390797E-4, 4.702491637896048E-4, 6.11748685904518E-4, 2.9068058982629065E-4, 4.008260991828477E-4, -1.3275086767713481E-5, 3.193936192234035E-4, -1.9680606906747576E-5, 1.1723476786261562E-4, 1.0281671732298602E-4, 8.859175832486031E-5, 1.4080793713502833E-4, 3.13281961093975E-5 ], [ -4.430231221579168E-5, 5.282140845833949E-4, 4.2767049097706044E-4, 7.437685992534112E-4, 5.916001707974096E-4, 7.934920462660422E-4, 7.198977600215133E-4, 9.501158428068192E-4, 6.815105610546055E-4, 5.588230519021428E-4, 7.573478295343469E-4, -2.352172194415621E-4, 6.740021479501253E-4, -7.959350070624052E-4, -1.3572207412998897E-5, -0.0012644764029989255, -7.955484977754368E-4, -0.0010061477790875469, -7.333634975359922E-4, -9.554243115126291E-4, 1.9824439328270413E-4, 1.3019673043795295E-4, 2.7099183294150217E-4, 4.6670573330736783E-4, 4.829701236037264E-4, 7.290082199398882E-4, 7.590279446528651E-4, 8.605897641030321E-4, 8.557564231698418E-4, 0.0010070714456616447, 8.786057279486608E-4, 0.001036666648928791, 0.001031998916728033, 9.93188449670461E-4, 8.038760152812748E-4, 7.273707012080894E-4, 8.645306030455511E-4, 7.998156467539311E-4, 8.68780142582343E-4, 7.543343890670911E-4, 2.510175580978825E-5, -8.52682603911564E-5, 4.292049726543662E-5, 3.776342302097513E-5, 2.1732337422853096E-4, 2.491353264865868E-4, 4.0840618137616175E-4, 4.0891165687964457E-4, 5.538910175950874E-4, 4.795173130284376E-4, 5.122678662973153E-4, 4.2651370230797355E-4, 3.7687602885170206E-4, -1.6217475328616523E-4, -2.388971094821472E-4, 4.4115839763340204E-4, -2.8113310391231217E-4, 3.4604122489478375E-5, -2.6417405520083186E-4, -1.7857500880666313E-4, -9.113735938106798E-6, -1.5172680439329435E-4, -7.506811380965049E-4, -9.197897327353344E-4, -0.0015666011225007662, -0.0015885911982967064, -0.0019770377480213593, -0.0019582776251363876, -0.002031386355721179, -0.00154268177952505, -0.001468795174835373, -8.540931376755788E-4, -4.591806813114341E-4, 4.309649195984546E-4, 3.239911110581829E-4, -5.899504055350093E-4, 3.829536163550173E-4, -1.285747791557314E-4, 3.124485866673989E-4, 1.437953663165762E-4 ], [ -3.500234094118342E-5, 4.2767049097706044E-4, 5.504933256389576E-4, 6.321989682468133E-4, 7.142583139745051E-4, 7.969322365129726E-4, 8.635943467338482E-4, 9.959697698779702E-4, 9.831959811404758E-4, 5.198250126208144E-4, 9.67286760702851E-4, -4.8059268389088794E-5, 9.073827051300225E-4, -4.268084155718938E-4, 8.608416378462594E-5, -5.015030422361637E-4, -6.288895135235554E-4, -4.288039090884346E-4, -4.884977908170878E-4, -3.9775649617214274E-4, 1.5248609518791906E-4, 1.147021098318004E-4, 3.1477135810583946E-4, 5.012403479314643E-4, 5.901716255095317E-4, 8.260547104543198E-4, 8.871008125030911E-4, 9.543157066200549E-4, 9.55529798173162E-4, 0.0011616169468147857, 0.001046616074935281, 0.0011489031250722101, 0.0010911658653419622, 7.466070959599213E-4, 8.269788285874013E-4, 4.6025727290316333E-4, 7.833861120319741E-4, 6.034298331137589E-4, 8.331972840880995E-4, 6.019431317226859E-4, -2.8023649652069813E-6, -6.406049294599364E-5, 5.101523154741993E-6, 1.0157439414897554E-4, 2.1840885408522462E-4, 3.4660868572087227E-4, 4.311027124986454E-4, 5.222936657654454E-4, 5.444228351142016E-4, 6.550076304096975E-4, 5.028470453985491E-4, 6.010371589386244E-4, 3.6616295131193576E-4, 2.600042602435785E-4, -6.685556521360072E-5, 8.016276006148093E-4, 1.437565549112035E-4, 3.6593004654002616E-4, 6.330038462734109E-5, 1.8151659064900852E-4, 1.6659771016704541E-4, -1.2025185059363986E-4, -6.526234422307294E-4, -0.0011057682172111263, -0.0017830072832480154, -0.00208724590904627, -0.0023233278889265028, -0.0024203300057605522, -0.0024131067876880918, -0.0020090640669181655, -0.0017437520195364774, -0.0011717877933272271, -7.622508909476033E-4, -1.5246145220702828E-4, 3.197207770441219E-5, -9.237182510643321E-4, -9.861358496401206E-5, -4.642306015943055E-4, -5.074497486414183E-5, -2.585981146613067E-4 ], [ -5.056085799717631E-5, 7.437685992534112E-4, 6.321989682468133E-4, 0.001535586483413163, 0.0010248238177485653, 0.0019242135378253378, 0.0015743990061908484, 0.0020651062759576653, 0.0015626775626121907, 0.0013733903572707954, 0.0016872048691982658, 2.3374147868039465E-4, 0.0012660817184326006, -7.207316011332593E-4, -4.0614562258261796E-4, -0.0016360207995609968, -9.860223501590515E-4, -0.0014023822673196354, -9.287860844462595E-4, -0.0013717400475369188, 3.449373795123371E-4, 2.478597829972057E-4, 5.047422703430737E-4, 7.170072239707849E-4, 9.065588384908133E-4, 0.0012761105775922236, 0.001450167545435841, 0.0016157271007192651, 0.0016922025719780865, 0.0019193524451030387, 0.0018797298218476742, 0.002020443130862841, 0.0020796490271969637, 0.001963665657405375, 0.0012501836381339714, 0.0015514555488336552, 0.0010272755634963054, 0.001451409370957718, 0.001201068688066829, 0.001386159819667876, 3.224943682118761E-5, -9.646652349342184E-5, 5.905545995465998E-5, 2.991459717814345E-5, 3.71914022569157E-4, 4.1460665468019713E-4, 7.601232264899534E-4, 7.856164497989853E-4, 0.001041131118747154, 0.0010002620654710698, 0.0010979117384322628, 9.570564718124732E-4, 0.0010113398243783702, -1.5067941100130252E-4, -2.7537638933973474E-4, 3.793430768814056E-4, 4.3706197480773004E-5, -1.4792425963904257E-4, -2.738156483452276E-4, -1.884837087415886E-4, -1.660581549772232E-6, -2.931262222829296E-4, -0.0011078711560308903, -0.001681097840373915, -0.0028351200814716987, -0.0032130965722587594, -0.00395920864033915, -0.004195432350604168, -0.004232398126233024, -0.003712450662239691, -0.0033777047426656335, -0.002198680222972477, -0.0013879916150030187, 6.524888534558735E-4, 4.1781956070463836E-4, -4.854015375788079E-4, -4.939574616007144E-5, 1.009390462157286E-4, 2.745473372616757E-4, 1.4009071699058035E-4 ], [ -1.332619193347029E-4, 5.916001707974096E-4, 7.142583139745051E-4, 0.0010248238177485653, 0.001164753836084804, 0.0012307218904783134, 0.001430881862013275, 0.001583481377864002, 0.0015809012320791012, 0.001111031021359078, 0.001460069977290325, 3.98231440330674E-4, 0.001247182206050634, -2.478658065868418E-4, -2.955315110848146E-4, -7.861972624492009E-4, -9.299415759116861E-4, -8.519468931302836E-4, -7.507493669103518E-4, -8.894503687132479E-4, 2.364099754857172E-4, 1.5868427831417664E-4, 4.8424625517634395E-4, 6.454225719462669E-4, 7.938915315837168E-4, 0.001151097803048924, 0.0012819328107771745, 0.0014340545481539946, 0.0016049447720554643, 0.0017797115798884274, 0.0018598195077922134, 0.0017657876054902515, 0.001923556399255233, 0.001232645164781407, 0.0013326511209365275, 9.116074189556186E-4, 7.294084639406773E-4, 0.0010605351600455086, 0.0010045596949108484, 0.0010659323391394222, 2.4532207898074232E-5, -7.880143388333157E-5, 3.644907792527263E-5, 1.2977546049088072E-4, 3.198021456690584E-4, 5.396746990934904E-4, 6.981276043809873E-4, 8.450466943432701E-4, 9.341138176792036E-4, 0.0010498592820458916, 9.169002316614287E-4, 9.747245150268526E-4, 6.46517385421814E-4, 3.0329914619254113E-4, -1.4220596650428327E-4, 5.904855321998625E-4, 2.6923550773107153E-4, 5.450896104140328E-5, -2.7600840673868836E-5, -9.6456634768352E-5, 1.4506604477892334E-4, -2.3851376195642494E-4, -0.001062908358606478, -0.0017258622801653526, -0.002867147320400767, -0.0033974629770532343, -0.003911092999671935, -0.004061200497481292, -0.004137335536736255, -0.003465415231701659, -0.0030868782270891265, -0.0020739560066416808, -0.0011570479098601618, -1.4662964833317928E-4, 2.4252227618702237E-4, -6.780226261769785E-4, -3.057314145107139E-4, -9.409263360141148E-5, 3.029245600602668E-6, 6.428864216672219E-5 ], [ 8.550628185307352E-6, 7.934920462660422E-4, 7.969322365129726E-4, 0.0019242135378253378, 0.0012307218904783134, 0.002652998641163498, 0.002072020386454042, 0.002738212273902449, 0.002152886116346957, 0.0016867916561928717, 0.002359839549909046, 5.16959859347705E-4, 0.00178273242606328, -5.693729961447904E-4, -4.973276465591181E-4, -0.0013130851293983257, -0.0010252832846913682, -0.001157504948450443, -9.004533590776023E-4, -0.0011566942566359354, 3.859327945747216E-4, 3.1571985667496675E-4, 6.340996172502569E-4, 8.652388889645176E-4, 0.0012028746478632525, 0.0016040611925371112, 0.00187198806839668, 0.002030459517513163, 0.0020793257698257525, 0.0024337194568784053, 0.0023537715039489977, 0.002559000234668464, 0.002480772724589812, 0.002391511405039543, 0.0013461317541669624, 0.0017504701659594322, 0.0011886447188793226, 0.0015846644034342029, 0.0014033886928008761, 0.0015603798087386017, 5.578525573512042E-6, -9.384546740411527E-5, 3.636083093604903E-5, 3.743737720761135E-5, 4.5172275605177386E-4, 4.948024068806684E-4, 9.298114552818654E-4, 9.729718667035993E-4, 0.0012511364860521017, 0.001306519042988312, 0.0013899326498302074, 0.0012846405629269259, 0.0014737241661982444, 1.7058700131187724E-4, -1.6172958930185574E-4, 7.691487240942339E-4, 4.973113952833502E-4, 4.891640081284086E-5, -6.450853814825546E-5, 1.2917800685270002E-4, 1.2177938370678248E-4, -2.975497105481202E-4, -0.0011508513060737515, -0.0020507605650638794, -0.003478069949056347, -0.004167473783097511, -0.00499161255378757, -0.0054097207968054, -0.00540739506679214, -0.004933761019680984, -0.0045602068019794115, -0.0030283596598899786, -0.002392998502060446, 4.333111039392013E-4, 1.723355479066045E-4, -8.405875542526561E-4, -5.841427062778687E-4, -7.765446484852882E-5, 2.8151606181221506E-5, -2.2261343899792252E-4 ], [ -1.0902406798639992E-4, 7.198977600215133E-4, 8.635943467338482E-4, 0.0015743990061908484, 0.001430881862013275, 0.002072020386454042, 0.0020293318000038185, 0.0023905518882446457, 0.002211082394711929, 0.001655786816834864, 0.0021230809346149664, 7.063982077890248E-4, 0.0016286429748260736, -1.9276776508479166E-4, -5.46623426517857E-4, -9.479502027358773E-4, -9.747647654151437E-4, -0.0010088081461904763, -8.172871025891313E-4, -0.0010404365618606908, 3.3151200352531633E-4, 2.4281219202204515E-4, 6.424501201794546E-4, 8.209342498484094E-4, 0.0011130844909979446, 0.0015436343790439886, 0.0017847565743428849, 0.001966034210094845, 0.002172484539339999, 0.0024233833385470574, 0.0025520926007134995, 0.002463358371412197, 0.0026435510409013804, 0.0018939387028588774, 0.001594591704722497, 0.0014981861172792578, 8.615244368746094E-4, 0.0014854019643479649, 0.0012329240383276733, 0.0014627849578111639, 1.740083316180242E-5, -8.122977471397078E-5, 3.3198730466127855E-5, 1.2579010134850156E-4, 4.215198607751752E-4, 6.468366612133107E-4, 9.298793102282795E-4, 0.0010971401895885425, 0.0012435173152169038, 0.001412154158985264, 0.0012926691837378138, 0.0013429025463250674, 0.0010833575348059943, 2.960169632813881E-4, -1.1239777064672161E-4, 5.59796705255449E-4, 5.722012991357263E-4, -2.5680419421373288E-5, 3.547875616609537E-5, -1.5937281619551226E-5, 1.924049878214835E-4, -3.259678062981311E-4, -0.0012296515732233679, -0.0022386801981094558, -0.0036722568836271554, -0.004496294482828947, -0.005211950717241603, -0.005571312393670243, -0.0055786592723881985, -0.004950263275686692, -0.0043192717279424255, -0.002988806205335131, -0.0018052309327833552, 3.297283447028585E-5, 2.1362443662611635E-4, -6.06519318597872E-4, -6.922027682701087E-4, 2.1938377295968813E-5, -9.846353158985099E-5, -3.4165917062403645E-5 ], [ -1.3742726605963504E-4, 9.501158428068192E-4, 9.959697698779702E-4, 0.0020651062759576653, 0.001583481377864002, 0.002738212273902449, 0.0023905518882446457, 0.003177001070539781, 0.0025476507943226106, 0.0020324489852822634, 0.002836414805636008, 6.700367831143655E-4, 0.00225406598882348, -4.5174808246241843E-4, -3.4634222399902996E-4, -0.0013161623442281985, -9.794381972281782E-4, -0.0011182738418006113, -9.157985528447838E-4, -0.0011052962007407198, 4.253322923817633E-4, 2.9312495026739664E-4, 7.768735217243162E-4, 0.0010285355044949377, 0.0014119044053034096, 0.0018929138858432254, 0.002234562061481644, 0.002420141386410565, 0.002678822247611636, 0.0029631465007892615, 0.0030313077702102727, 0.00302429958187495, 0.0031456603000040912, 0.002499090294993977, 0.0018154222920274425, 0.0018551533507238484, 0.0013808732608214783, 0.0017149650263955907, 0.0016174716515949448, 0.0017300502077321539, 2.9780606989878763E-5, -1.2243226986245197E-4, 6.0541252531639075E-5, 1.2449361557596888E-4, 5.680708198663598E-4, 7.527934957720558E-4, 0.0011803453566845948, 0.0013114139124420566, 0.0015948257446423298, 0.0017200424636295193, 0.0016362680967452843, 0.0016205755931256746, 0.0014800992553269643, 3.1636636471858243E-4, -1.0041529489585446E-4, 9.406669259107481E-4, 8.080265023572407E-4, 7.958618643226864E-5, 2.5114463422032786E-4, 1.344546383698005E-4, 1.921048717264792E-4, -3.675104237313127E-4, -0.0014839325097377348, -0.0026744022004881914, -0.004313972090192408, -0.005290932343723302, -0.00616957058016315, -0.0067843030548013425, -0.006681056623949455, -0.006171715596746883, -0.00526161364199324, -0.0036565884273066893, -0.0023450106190297196, 1.3595170312519087E-4, 1.518239971721499E-4, -0.0010394739949310416, -9.282040976639028E-4, -1.0014958527792945E-4, -3.2697113783950534E-4, -2.2935871827494368E-4 ], [ -1.4642205446113577E-4, 6.815105610546055E-4, 9.831959811404758E-4, 0.0015626775626121907, 0.0015809012320791012, 0.002152886116346957, 0.002211082394711929, 0.0025476507943226106, 0.0025377898396068462, 0.0017170128902515036, 0.0024863879376701603, 8.791560043677902E-4, 0.002054670987914386, 1.5056134622062743E-4, -3.4341584657432086E-4, -3.132264712780652E-4, -7.986894205347745E-4, -4.928918375937308E-4, -5.877491295669003E-4, -5.525520664968195E-4, 3.079630832089606E-4, 2.3210772947609564E-4, 7.050075122101317E-4, 8.724601189912144E-4, 0.0012450214480802487, 0.0016578724609388707, 0.001956878787703607, 0.002101211030052416, 0.002328016212333776, 0.0026211470792948744, 0.0027220669001278277, 0.0026007679242101077, 0.0026750195019778857, 0.0017344251788758479, 0.0016328909371240972, 0.0012015966361945867, 8.734155425491061E-4, 0.0012461432442271928, 0.0012388659872909931, 0.001311641368104909, 2.441977756384757E-6, -7.650767124296199E-5, 8.129108943676511E-6, 1.7786217298467293E-4, 4.428764174472593E-4, 7.515799092042004E-4, 9.828209275630163E-4, 0.0012410189308511628, 0.0012873200288186393, 0.0016292336037255042, 0.0013356413080491119, 0.0015818010417021928, 0.0011565095392954263, 8.056707673680603E-4, 3.828676007869796E-5, 0.0010722604601331618, 9.419822777732564E-4, 3.9787981194331777E-4, 3.6147474605529266E-4, 3.6513553130540206E-4, 3.51384605679688E-4, -2.787011930643325E-4, -0.0011792342702087969, -0.0024464323751804233, -0.003931422577009276, -0.005022089330271953, -0.005622237969108238, -0.006206520489794097, -0.006089253686698236, -0.005668176260190792, -0.004749510039162566, -0.0035308024404845676, -0.0022194293104225928, -6.828927734069335E-4, -4.401913814167777E-5, -0.0011262565801618762, -0.0010846747794112433, -4.341635794501644E-4, -4.4591627825345335E-4, -4.696615078881789E-4 ], [ -1.8887424592061537E-4, 5.588230519021428E-4, 5.198250126208144E-4, 0.0013733903572707954, 0.001111031021359078, 0.0016867916561928717, 0.001655786816834864, 0.0020324489852822634, 0.0017170128902515036, 0.0017175811326535753, 0.0016374142891172508, 8.376558999332888E-4, 0.0010130409579099686, 8.521858177631858E-5, -6.998305621390174E-4, -0.0011162048922150232, -4.107214539689224E-4, -0.0010893254495020137, -5.149481906386317E-4, -0.0010854229253025528, 3.002277976860703E-4, 1.6707167018983502E-4, 5.052600884357052E-4, 5.490789480102399E-4, 8.071490285686503E-4, 0.0011341538459799605, 0.0013970720850406675, 0.0015726010883008127, 0.0019417634768263993, 0.0019521954820322695, 0.0023274671399107455, 0.0020044801129342144, 0.0024882720163386758, 0.0016580860714613416, 0.001355361530459492, 0.0016628106018550701, 3.3404915193006315E-4, 0.0014059767704785483, 7.239359993633845E-4, 0.001320360159597611, 5.0035576853733696E-5, -5.118667281083034E-5, 5.669949447666231E-5, 7.322979559785866E-5, 3.3298750480508725E-4, 5.320992944036831E-4, 7.870220288410978E-4, 9.373812922231452E-4, 0.0010950175309519243, 0.0011842496311535887, 0.0011108908232162651, 0.0011109424101066654, 7.842346675691088E-4, -2.1381140575458467E-4, -1.0454230420084621E-4, -4.4506751230228485E-4, 4.5188692852861655E-4, -5.642855045929905E-4, -5.158070184193737E-6, -3.74619876950019E-4, 3.1523398480093163E-5, -3.5665071288522933E-4, -9.883168934378477E-4, -0.0018515362850622674, -0.0028494786205773897, -0.0035829966862673023, -0.004269772800854185, -0.004737218044562072, -0.004620091582914263, -0.004370110198256216, -0.0033401772050479254, -0.002549417286506806, -7.789717251041077E-4, 4.587412511056216E-4, 3.9613484376198067E-4, 4.850538237062598E-4, -6.201551048404144E-4, 6.527825378892723E-4, -8.628776746664805E-5, 4.059700973110703E-4 ], [ -2.2183757770707186E-4, 7.573478295343469E-4, 9.67286760702851E-4, 0.0016872048691982658, 0.001460069977290325, 0.002359839549909046, 0.0021230809346149664, 0.002836414805636008, 0.0024863879376701603, 0.0016374142891172508, 0.003143058203876074, 6.943604661656332E-4, 0.0030535515838865527, 1.4718960720531954E-4, 4.4947325190170244E-4, 8.161756240484416E-5, -5.67068726453698E-4, 1.1123500859746741E-4, -3.6409969715948053E-4, 1.4722070810811966E-5, 3.005877310465036E-4, 2.1812271825690047E-4, 7.182999909855166E-4, 9.117420754804889E-4, 0.0013412597854084022, 0.0016410704069243368, 0.002024875670204601, 0.0020767590038011084, 0.002250922359807794, 0.002574318652890782, 0.002361551650806331, 0.0024771381569574542, 0.00208493153978456, 0.001734167666090601, 0.0013364678314494087, 5.33832797168046E-4, 0.0013870399274004174, 6.206563095291617E-4, 0.0013853616007321495, 9.466994349627189E-4, 1.3993959156833883E-5, -1.228590464536976E-4, 2.848992164578485E-5, 1.5424988952037594E-4, 5.116339960844093E-4, 7.210406838508879E-4, 0.0010162366798769486, 0.001232674828390722, 0.0013472766794198313, 0.001693483494280918, 0.0014143994774611743, 0.0017193861658171578, 0.0015450289614799954, 0.0015873813915106654, 1.3047111647442904E-4, 0.002382387854041897, 0.0011839703324666047, 0.0012198541676185256, 7.866284526405835E-4, 9.789441779042374E-4, 3.893734364885507E-4, -1.035147212248125E-4, -0.0011257071354754367, -0.0023063970549814655, -0.0037586466046503108, -0.0048543958004943705, -0.005366169372214471, -0.006366614453496417, -0.006073155051135738, -0.006209038016496928, -0.005210478017456869, -0.00408105189877798, -0.0032134819981821617, -0.001677899936631874, -3.602260543212555E-4, -0.002570246855402856, -0.0012244959556592112, -0.0013807299422008584, -8.386853062801042E-4, -0.0012040017069732867 ], [ -1.2578389468693616E-4, -2.352172194415621E-4, -4.8059268389088794E-5, 2.3374147868039465E-4, 3.98231440330674E-4, 5.16959859347705E-4, 7.063982077890248E-4, 6.700367831143655E-4, 8.791560043677902E-4, 8.376558999332888E-4, 6.943604661656332E-4, 0.001469050517401774, 3.504924483796059E-4, 0.0014543675603540455, -8.468239962967951E-4, 0.0011872563372347029, 2.8562403400836606E-4, 5.483988678500428E-4, 3.307712791709485E-4, 3.035700284471736E-4, -3.748188635301937E-5, -2.1611292399060734E-5, 1.3036181346972087E-4, -1.5538012422758096E-4, 6.734014999854488E-5, 4.257742443259097E-5, 2.3728379048083029E-4, 2.8862945247508994E-4, 6.632180328182924E-4, 4.948326354418534E-4, 0.001050335571923997, 4.576486864201095E-4, 8.22007204243723E-4, 1.6233069649587597E-4, 1.6936196176032625E-4, 1.8460335203951942E-4, -0.0010007843890215233, 4.818679046377953E-5, -5.217507381950044E-4, 1.7456090553723253E-4, 9.40171903715784E-6, 6.550803741248634E-5, 1.2632696536495516E-6, 1.723731089366131E-5, 2.1801785976575084E-5, 1.753524527073088E-4, 2.1857930986259676E-4, 3.3549320632851056E-4, 3.496962868373998E-4, 4.994397549665843E-4, 5.035278020877048E-4, 5.268266583075379E-4, 5.3174060847839E-4, 5.586088251850935E-4, 2.466918390988212E-4, -6.508776667349679E-4, 9.936289162759408E-4, -5.866982598477972E-4, 3.3221504528760284E-4, -1.626905501373743E-4, 6.699708915965863E-5, -4.8710175451826285E-5, 6.740745400223079E-8, -4.72713650463992E-4, -8.963793574094118E-4, -0.0015964608028698325, -0.0017744400252161585, -0.0020503142310478654, -0.002125517711555498, -0.002163082316661911, -0.0020185992983247007, -0.0015394569544084356, -0.0011373854840071623, -7.066866500473513E-4, -1.8329852013255563E-4, 9.355978156129874E-4, -0.0013583381460224708, 8.571996556417103E-4, -5.016587373854998E-4, 2.8230364775576046E-4 ], [ -2.595030024524367E-4, 6.740021479501253E-4, 9.073827051300225E-4, 0.0012660817184326006, 0.001247182206050634, 0.00178273242606328, 0.0016286429748260736, 0.00225406598882348, 0.002054670987914386, 0.0010130409579099686, 0.0030535515838865527, 3.504924483796059E-4, 0.0035471534231076756, 1.6388680577844795E-4, 0.0011683010535740194, 7.326738804321525E-4, -6.198076818422939E-4, 7.190856702177591E-4, -2.355357260426952E-4, 5.357674772907776E-4, 2.016408679272295E-4, 1.593227190001835E-4, 6.115158099194904E-4, 8.221979127635756E-4, 0.001160240599473616, 0.0013415093256599956, 0.0016543647083990603, 0.0016222137270172127, 0.0016424072965036452, 0.0020075475500766576, 0.0014504027922929862, 0.0018063699968511988, 9.381239522111058E-4, 0.0011081777585930715, 9.14689202521344E-4, -6.284177208397238E-4, 0.001606112892452698, -2.1459106268217594E-4, 0.001336872601918592, 3.5198030570776585E-4, 1.5471030256949203E-5, -1.4690457382773582E-4, 3.2633204592099634E-5, 1.536180988910369E-4, 4.604513193465403E-4, 6.103188561378698E-4, 8.212949125300603E-4, 0.0010121881700830117, 0.0010810037621847707, 0.0014335264275137333, 0.001155725047607118, 0.0015391863786949225, 0.0015133426164607956, 0.0024335617245713845, 1.3094840040577034E-4, 0.003636294202274189, 0.001072159443402402, 0.002061340427081634, 9.359392661150415E-4, 0.001445749283828804, 4.146841575190522E-4, 1.1540233267270906E-4, -9.798170163424183E-4, -0.0017870915253898586, -0.0031332600632811847, -0.003970336566694311, -0.004246247640109995, -0.0052519383795116515, -0.005000097946670068, -0.005315083764753012, -0.0047917635744476935, -0.0037834751672163967, -0.0037652745284826295, -0.0028319614047820478, -5.649197731738336E-4, -0.003966487359126749, -9.599678950771444E-4, -0.0023744774271827838, -9.184285949260448E-4, -0.0017651024770152025 ], [ -1.8012056474259926E-4, -7.959350070624052E-4, -4.268084155718938E-4, -7.207316011332593E-4, -2.478658065868418E-4, -5.693729961447904E-4, -1.9276776508479166E-4, -4.5174808246241843E-4, 1.5056134622062743E-4, 8.521858177631858E-5, 1.4718960720531954E-4, 0.0014543675603540455, 1.6388680577844795E-4, 0.002435791060679738, -5.370730866919026E-5, 0.0030317107535807438, 0.0016002537413695658, 0.0022545340270371784, 0.0015241619479311691, 0.0020152660422165045, -2.752974985548734E-4, -2.084629020020182E-4, -1.4809987070584754E-4, -6.036928994084927E-4, -3.652105659684481E-4, -7.262041876199218E-4, -5.143432657499721E-4, -6.645909756518028E-4, -3.105437950971856E-4, -6.2433518282594E-4, -1.3611324428707775E-4, -7.999234502029232E-4, -6.760736121772658E-4, -0.0013307336358786464, -7.754360365499638E-4, -0.0012013021534904756, -0.0016462132579366973, -0.0013485870722029715, -0.0014201572350012234, -0.0010507767942800627, -1.900868152139027E-5, 1.3735428518722465E-4, -6.444624731037198E-5, 3.735313553271162E-5, -2.0124366433453293E-4, -1.1403041666736866E-5, -2.5152004742821633E-4, -2.3086520765082972E-5, -3.293881514170115E-4, 1.0471728538324741E-4, -2.1831381167909802E-4, 2.2895154403383973E-4, -5.1955394171641466E-5, 0.0012934827709147655, 6.448606075145388E-4, -2.1257384969330958E-4, 0.0014501361991267488, 2.446031702247812E-4, 0.0010617553203135582, 6.488337216885762E-4, 2.3914202300592507E-4, 2.1489825822376747E-4, 9.378460724953125E-4, 4.780825140539997E-4, 0.0010048156229293336, 2.0051464863501424E-4, 7.074160463459702E-4, -1.7523732695629674E-5, 3.330521471899299E-4, -8.530079675446202E-4, -6.540477674411214E-5, -9.291837228979213E-4, -5.16919673977841E-4, -0.002139187737222883, -7.901920452862174E-4, 5.264227171192249E-4, -0.0018022184199704345, -3.434654773229619E-5, -0.0012521152679897162, -6.190869012049667E-4 ], [ -1.0534957941334954E-4, -1.3572207412998897E-5, 8.608416378462594E-5, -4.0614562258261796E-4, -2.955315110848146E-4, -4.973276465591181E-4, -5.46623426517857E-4, -3.4634222399902996E-4, -3.4341584657432086E-4, -6.998305621390174E-4, 4.4947325190170244E-4, -8.468239962967951E-4, 0.0011683010535740194, -5.370730866919026E-5, 0.001821973732786733, 0.0010626723366995914, 8.140073754064083E-4, 0.0014483305338079577, 7.663012939961493E-4, 0.0015636644440345376, -8.640994936607958E-5, -9.21727801713358E-5, -5.5527241213959274E-5, 7.702189105974986E-5, 1.0125835531646624E-4, -9.990909814004752E-5, -5.3338023749660736E-5, -2.7982318680221406E-4, -4.7973198412878276E-4, -3.77961641621043E-4, -0.0010020189761117933, -5.659038795086659E-4, -0.001326278754236822, -8.924936073960581E-4, -4.989904708503914E-4, -0.0015211684029028782, 8.47452387137275E-4, -0.0013250156579670534, 1.544773826611782E-4, -0.0010203708481505973, -1.7086775276938397E-5, -5.0361824560051776E-5, -3.60698755680609E-5, 7.847420226549408E-5, 1.2043159195934579E-5, 1.4157095419049974E-5, -1.5980652746287272E-4, -5.789228361453593E-5, -2.9646495067589356E-4, -5.600158669850683E-6, -4.358791629458453E-4, 8.217288476443112E-5, -2.2692002740207608E-4, 0.0012333096606097858, 2.693489126859674E-4, 0.002312981645031114, 2.7075991037054807E-4, 0.0019502689829108398, 9.200761289935978E-4, 0.0014245061381061345, 2.795553934065868E-4, 2.9717580524594376E-4, 3.7281806161819494E-4, 3.019098737287769E-4, 8.7766493700996E-4, 8.449812323942868E-4, 0.001439668281675803, 7.186954429904901E-4, 0.0013115421476019777, 1.1740468845049566E-4, 0.0010074348901030089, -1.1747371623456362E-4, -1.8070070320649661E-4, -0.0019290544421281333, -6.672056988046135E-4, -0.0026189000412786844, 2.224700896423718E-5, -0.0023046319421136936, -8.299518627501896E-4, -0.0017151688117934675 ], [ -5.605117215216654E-5, -0.0012644764029989255, -5.015030422361637E-4, -0.0016360207995609968, -7.861972624492009E-4, -0.0013130851293983257, -9.479502027358773E-4, -0.0013161623442281985, -3.132264712780652E-4, -0.0011162048922150232, 8.161756240484416E-5, 0.0011872563372347029, 7.326738804321525E-4, 0.0030317107535807438, 0.0010626723366995914, 0.005530347572823883, 0.0021976549568823995, 0.004519609543078505, 0.002382570337915247, 0.004175501399685055, -5.631749491960443E-4, -3.3085928335619194E-4, -3.685711335230893E-4, -8.536948460375488E-4, -5.737225891941962E-4, -0.0012497884124013938, -0.0010749821035210365, -0.0014710332826847973, -0.0014287205793227494, -0.0015565189262492496, -0.0015573474376815097, -0.0019110851841168033, -0.0026326375383422026, -0.0027570038240715216, -0.00186309883290677, -0.0032861778493250547, -0.0015764743699166796, -0.003115285068485431, -0.001782411791970443, -0.0024657777978705467, -1.1210639483117459E-4, 1.692149710365959E-4, -1.7424613861276392E-4, 7.473187936680663E-5, -3.6614083407800386E-4, -2.1583140674361921E-4, -6.877550529372223E-4, -4.366851398158571E-4, -0.0010045406553302776, -2.804045371353499E-4, -8.599518202675089E-4, -3.418324735078593E-5, -1.3071946644839538E-4, 0.0028867465818263813, 0.0011551171359368568, 0.0018320437748473933, 0.0021572767168927475, 0.0018511550155443138, 0.0019526316250159485, 0.002031464560997254, 6.394580473482058E-4, 6.823482595945684E-4, 0.001851815556363168, 0.0014660780181767062, 0.002519578323718422, 0.0016319838812525736, 0.0029257946406111702, 0.002024462929821389, 0.002517208155724545, 6.915343230667083E-4, 0.001022089456003032, -4.2099637894497726E-4, -0.0017319852582120786, -0.0042842000924133835, -0.0019492658411747142, -0.0015736637708690263, -0.002439154806577719, -0.0017796031671999228, -0.002120951900168502, -0.002173019686793664 ], [ -1.121356549955795E-4, -7.955484977754368E-4, -6.288895135235554E-4, -9.860223501590515E-4, -9.299415759116861E-4, -0.0010252832846913682, -9.747647654151437E-4, -9.794381972281782E-4, -7.986894205347745E-4, -4.107214539689224E-4, -5.67068726453698E-4, 2.8562403400836606E-4, -6.198076818422939E-4, 0.0016002537413695658, 8.140073754064083E-4, 0.0021976549568823995, 0.0026396213903525844, 0.0022400237562901744, 0.0020526342233296397, 0.0024208996719015255, -2.5064527008743047E-4, -2.641251371987375E-4, -3.279227232820608E-4, -6.197934962312716E-4, -4.5498870358186684E-4, -9.117887828274647E-4, -7.363919706253267E-4, -0.0010035803500039932, -7.751159597650531E-4, -0.0011537413297065444, -8.646615197931723E-4, -0.0012542300570261402, -0.0010774623571814768, -0.0016493628179034305, -0.0011070350693557778, -8.62742408860672E-4, -0.0011606562077064004, -0.001392504471526796, -0.0014250550415993882, -0.0013617006178390065, -2.5211289116483778E-5, 1.3670121998112514E-4, -8.497100488858298E-5, 3.178504170918284E-5, -2.5470342040512716E-4, -1.5732487253644061E-4, -4.8480820791511317E-4, -2.8187263997199924E-4, -7.11074421821383E-4, -2.6606798910461054E-4, -8.284657849576312E-4, -2.20162192842338E-4, -9.005298745137049E-4, 1.8320839191398957E-4, 6.793394198977693E-4, -6.431454965577305E-4, 0.0010504459359361746, 4.959810763308078E-4, 0.0013037490573642343, 9.559131409199756E-4, 1.922032365706097E-4, 1.565621497471555E-4, 0.0013567313571910058, 8.899366290509714E-4, 0.002494081908404737, 0.0019651615593268904, 0.002820996641447842, 0.0017893944624050757, 0.0027500785206486596, 6.556545197122054E-4, 0.0027580570853879037, 5.164788045881107E-4, 0.0018674334250843572, -0.0010458130249490739, -7.72946876544677E-4, 8.190500601072278E-4, -0.0011986612118211335, -4.416691107224175E-4, -0.0014358302542560064, -0.0010406875169118503 ], [ -5.428588454846062E-5, -0.0010061477790875469, -4.288039090884346E-4, -0.0014023822673196354, -8.519468931302836E-4, -0.001157504948450443, -0.0010088081461904763, -0.0011182738418006113, -4.928918375937308E-4, -0.0010893254495020137, 1.1123500859746741E-4, 5.483988678500428E-4, 7.190856702177591E-4, 0.0022545340270371784, 0.0014483305338079577, 0.004519609543078505, 0.0022400237562901744, 0.0040163279016056635, 0.0022297676948506095, 0.0038589522849667825, -4.643354924868653E-4, -2.970802858650026E-4, -3.399161515594767E-4, -6.735025238750211E-4, -4.298756935047352E-4, -0.00105153185666312, -8.798385538649159E-4, -0.0012812580306823967, -0.0013018084758718693, -0.001396076823678203, -0.0015670786774029544, -0.0017129996141633038, -0.002453148049418563, -0.0024231503384234427, -0.0016990737510309407, -0.002867019661604358, -9.396014370223082E-4, -0.0028320723296959252, -0.0013915014670151846, -0.002292414333692286, -9.896857458003835E-5, 1.2105927263774184E-4, -1.5707552915064684E-4, 6.958291304856637E-5, -2.9486566226367836E-4, -1.995425153566004E-4, -6.194637254221554E-4, -4.0640744313991367E-4, -9.270708042279305E-4, -2.7581852756763963E-4, -8.946712235330284E-4, -7.53350170922492E-5, -2.774703314480264E-4, 0.00234546219603721, 0.0010499536728858535, 0.0018881385213793118, 0.0017854335102566203, 0.001961035301322906, 0.0018932629154321194, 0.002037986113922833, 5.930558915974171E-4, 6.173095177236515E-4, 0.001702716636884586, 0.0013263744708728407, 0.0025550740871654737, 0.0018414637139427471, 0.003095494659189473, 0.002084555447264908, 0.002778713433507248, 7.822750533064194E-4, 0.0016056153888598487, -1.542223503402571E-4, -0.0010013969161987604, -0.0036177495928704888, -0.0017904606140403455, -0.001765012676667626, -0.0019155905353647439, -0.0019989093868905644, -0.0020031885693653933, -0.0022338127148166663 ], [ -7.215904815825093E-5, -7.333634975359922E-4, -4.884977908170878E-4, -9.287860844462595E-4, -7.507493669103518E-4, -9.004533590776023E-4, -8.172871025891313E-4, -9.157985528447838E-4, -5.877491295669003E-4, -5.149481906386317E-4, -3.6409969715948053E-4, 3.307712791709485E-4, -2.355357260426952E-4, 0.0015241619479311691, 7.663012939961493E-4, 0.002382570337915247, 0.0020526342233296397, 0.0022297676948506095, 0.0017345625286422034, 0.002286549246606697, -2.58418936603556E-4, -2.207959018923966E-4, -2.808643088401052E-4, -5.407527784474387E-4, -3.9394917978646305E-4, -8.094868308343198E-4, -6.774041084699144E-4, -9.252169611331343E-4, -8.141563313023123E-4, -0.0010552318002921893, -9.293589244365415E-4, -0.0011802813152110786, -0.0012610089893922906, -0.0015633737452036027, -0.001073322587836976, -0.001195089727287551, -9.87868230541236E-4, -0.001474210052903529, -0.001212725336658406, -0.0013319631361010968, -3.7538557826836655E-5, 1.1657737406342046E-4, -8.737840911488184E-5, 2.9944448321739413E-5, -2.344790129577355E-4, -1.5742203237353717E-4, -4.5572202945105703E-4, -2.805037595853439E-4, -6.707231110567274E-4, -2.4866481846023947E-4, -7.104749247920027E-4, -1.5877364766504819E-4, -6.004986846896705E-4, 6.840744484738701E-4, 6.154371700225124E-4, 3.079772910386414E-5, 9.932455132347078E-4, 7.522147414623756E-4, 0.0011458854808180487, 0.0010317249470156865, 2.3485292285574356E-4, 2.3141875963937874E-4, 0.0012076407671788901, 8.708431938252104E-4, 0.002091943962762852, 0.0016366660698336733, 0.0024241614104338915, 0.0016021805412416755, 0.002309716765747768, 6.165152331646058E-4, 0.0019864028114114506, 2.746541228644352E-4, 8.515204518061018E-4, -0.0014937566645011268, -8.258146448957232E-4, 1.0589662726253734E-4, -0.001111897722982787, -7.345249050922539E-4, -0.0012463461254864352, -0.001130664789963632 ], [ -3.993874507850985E-5, -9.554243115126291E-4, -3.9775649617214274E-4, -0.0013717400475369188, -8.894503687132479E-4, -0.0011566942566359354, -0.0010404365618606908, -0.0011052962007407198, -5.525520664968195E-4, -0.0010854229253025528, 1.4722070810811966E-5, 3.035700284471736E-4, 5.357674772907776E-4, 0.0020152660422165045, 0.0015636644440345376, 0.004175501399685055, 0.0024208996719015255, 0.0038589522849667825, 0.002286549246606697, 0.003825396978792669, -4.2783546493707403E-4, -2.933641775514984E-4, -3.3044435133732213E-4, -6.002043001233693E-4, -3.6299082262103134E-4, -9.521268408040216E-4, -7.842783984958782E-4, -0.0011892275179643504, -0.0012106185615040604, -0.001311306258695215, -0.0014782329297003268, -0.0015921315152997953, -0.0022258772107188064, -0.0023637812494650143, -0.0015870041906752928, -0.0025600256519007878, -7.909555800186336E-4, -0.0026202793865596646, -0.0012954626016150957, -0.0021921544749803, -9.869521738536606E-5, 1.2097244413232293E-4, -1.5940057960274075E-4, 9.152105426847378E-5, -2.7485332973505304E-4, -1.6392911898426268E-4, -5.96389512116624E-4, -3.6515532092376926E-4, -9.191886497197629E-4, -2.4639008115664106E-4, -9.539995128835239E-4, -9.293574583047521E-5, -4.900415265006713E-4, 0.0019706384436286796, 0.0010302648626139977, 0.00166506207397602, 0.0017183336500558616, 0.001932971850780096, 0.001934005808018832, 0.002055440034937326, 5.863715563319697E-4, 5.379429834385364E-4, 0.0016756962036967194, 0.0011873763864954767, 0.002575707429191837, 0.0018577437842839282, 0.0031352712688643668, 0.002062968209195795, 0.0029052120975249637, 7.972046528225849E-4, 0.00205029412626597, 6.943546805516354E-5, -3.32832898495269E-4, -0.0032006358579153857, -0.0017144372192029794, -0.0015712218981915062, -0.001818908527053185, -0.0020014741916442452, -0.00204142141010609, -0.0022779413693633033 ], [ -1.3910506970188991E-5, 1.9824439328270413E-4, 1.5248609518791906E-4, 3.449373795123371E-4, 2.364099754857172E-4, 3.859327945747216E-4, 3.3151200352531633E-4, 4.253322923817633E-4, 3.079630832089606E-4, 3.002277976860703E-4, 3.005877310465036E-4, -3.748188635301937E-5, 2.016408679272295E-4, -2.752974985548734E-4, -8.640994936607958E-5, -5.631749491960443E-4, -2.5064527008743047E-4, -4.643354924868653E-4, -2.58418936603556E-4, -4.2783546493707403E-4, 9.242128610027857E-5, 5.7812959521212466E-5, 1.1522108385474799E-4, 1.851566774734706E-4, 2.050158467686155E-4, 3.104782797885014E-4, 3.3334321330073997E-4, 3.8097880708514847E-4, 3.9885970499355886E-4, 4.424345644749169E-4, 4.376098362287844E-4, 4.768974723033992E-4, 5.374356480044735E-4, 4.655347495616626E-4, 3.4705817047336836E-4, 4.4719451613656777E-4, 2.7334474094333025E-4, 4.258217247881134E-4, 3.125773188479838E-4, 3.745963140941721E-4, 1.2393272749740558E-5, -2.4990637168529716E-5, 1.9112649298063638E-5, 1.2269627191213992E-5, 8.930938029265233E-5, 1.0358917129069338E-4, 1.7790027898650213E-4, 1.839625354028345E-4, 2.4151913157129223E-4, 2.1637462120395974E-4, 2.3289655568249043E-4, 1.902410019809801E-4, 1.4703552092006086E-4, -1.7322969368796523E-4, -1.0711664870925508E-4, -1.1772872981604311E-5, -8.756191225102006E-5, -8.529335697628805E-5, -1.180710950113397E-4, -1.0763765514269502E-4, -2.6301983851145675E-5, -9.798692921697824E-5, -3.047117031885565E-4, -4.1843945126753945E-4, -6.640054408773876E-4, -7.050014181002747E-4, -8.91610726118543E-4, -9.120447492589063E-4, -9.150340790269677E-4, -7.564008244835921E-4, -6.26218322273103E-4,