{
  "weights" : [ 0.001851943424676925, 0.017526879468752476, 0.017886044627056393, 0.027067238512340545, 0.02342816474586014, 0.0444511499664954, 0.032042844248642385, 0.061373336016836554, 0.03194396400781019, 0.08137510082947164, 0.04738812683507425, 0.08568838302868766, 0.08788946139737047, 0.10070008979002146, 0.10969599579457169, 0.13298618034089807, 0.12435203755539387, 0.13357953613057985, 0.1402658589019969, 0.13254055312626284, 0.06829013665009714, 0.06851020186367135, 0.06379723120397891, 0.061086054854359965, 0.059767400792778945, 0.05277268233899531, 0.05274996727852402, 0.04203760588645267, 0.04558402056018989, 0.0308076540411534, 0.04190482895175577, 0.033154027072582755, 0.03164039893572791, 0.027812813728695953, 0.017518723476748793, 0.005923146589439525, 0.00958097745032738, -0.001820682778732399, -0.0035361217969510934, -0.0076252244887540475, -0.9777023582751738, -0.9761166455944503, -0.9774751734597353, -0.970219840553933, -0.9711922696775637, -0.9613782947549213, -0.9551550700807141, -0.9485702066198782, -0.932067018209421, -0.9243807944708666, -0.8986823009285758, -0.8952159884287298, -0.8698693125271839, -0.8559145095377918, -0.8539577891752772, -0.825789925462248, -0.8377937437395063, -0.814247457093076, -0.8303191644777603, -0.8248569077967601, -0.09365294104037941, -0.13159914068649742, -0.12144621407040138, -0.17876260176435121, -0.17606687210337327, -0.22996042457422097, -0.258112224194224, -0.28471395437400254, -0.3396233781571548, -0.3603133329872068, -0.4242647753651979, -0.4278901347007839, -0.47962327648356795, -0.4986853271708871, -0.505353146130447, -0.5437779798087025, -0.5297626213445068, -0.560838589111469, -0.5371428077332707, -0.5450984304053931 ],
  "covariance" : [ [ 0.006830517582022559, 0.004844899946226929, 0.006204725255994462, 0.005270741939664749, 0.004990164380021704, 0.004504678290645865, 0.0047854259269035394, 0.003224941820650601, 0.004177862305473829, 0.002976472911405646, 0.002163803284857746, 0.0037121894236609386, 0.0026423462957743432, 0.0019639709601792237, 0.0038752187130728097, 4.174290726923764E-4, 0.001506705948670884, 0.001886875090111932, 3.540933187412051E-4, 0.001980692641041636, 0.005844209770667736, 0.006073805848443106, 0.005718868705623471, 0.005508929888841868, 0.005536675162799202, 0.005169099094089909, 0.0044374573548755574, 0.004454167769121798, 0.0032034581655472683, 0.0032473437759094285, 0.0033907616270579147, 0.0018852411879779582, 0.0021225987142807806, 0.0021936508400046953, -2.359093761965565E-4, 0.0018032830248724248, 9.89683994708836E-4, 5.206514889369941E-4, 0.0016404631318880107, 4.820073167855984E-4, 0.002296152841702744, 0.0022829849813712126, 0.002395539388957834, 0.002289489191437028, 0.002618804365645682, 0.0022757674290316238, 0.0027040067404915623, 0.00218707534922321, 0.0028602723512159258, 0.0018686813793757542, 0.002779656715745909, 0.0021555191968701264, 0.0025644414500026573, 0.002087837054640174, 0.0028378967931825773, 7.894907104160363E-4, 0.0017827384501447369, 1.2235500406506357E-4, 0.001040696437185013, 6.20032746790016E-4, -0.01080707626531503, -0.010071025989545596, -0.00992176728820561, -0.008933922147415401, -0.008900363075050943, -0.007952466987452533, -0.00724348007777331, -0.006553342653612336, -0.006817232495305789, -0.004369876701225258, -0.005439804885700089, -0.003977775031983263, -0.0038945961390806473, -0.003497249114951601, -0.0038373548469434753, -9.818799877678106E-4, -0.0025575089645161527, 3.14550308976892E-4, -0.0016260260346587772, -5.606288410203964E-4 ], [ 0.004844899946226929, 0.004212357648791219, 0.004068304372148245, 0.004588796122498633, 0.003405951464517698, 0.003974251809337601, 0.003192390208891542, 0.0032811453745561926, 0.0026705996820515763, 0.0030879290820162207, 0.0016459583904537935, 0.0033663254102579126, 0.0021630554479481366, 0.0023634208185365773, 0.0030667366197743807, 0.0013353162046007734, 0.001416183599463008, 0.0024778657163494013, 8.612759077449027E-4, 0.0021906484095887643, 0.003908983902104698, 0.003912024034914254, 0.00393801880204951, 0.0035948318589190897, 0.0038429180454008787, 0.0034571861041633907, 0.0030316026017355147, 0.0029643300326188974, 0.0021012956600366243, 0.0021490782103932523, 0.002123838979535678, 0.0011996646857464746, 0.001275120975364875, 0.0013192312992712522, -3.4411045818485693E-4, 9.111931183596379E-4, 5.760673765066382E-4, -1.7828209307579605E-4, 9.402671526372755E-4, -7.935937894910544E-6, 0.0015365102125337632, 0.0015242489427958067, 0.001584049448809068, 0.0015288957299386162, 0.001659059640449219, 0.0015466324899151018, 0.001647419946773566, 0.0016012258860479708, 0.001756665274862969, 0.0015231862914464364, 0.001867596850480976, 0.0017088824431555085, 0.0017653982611794978, 0.001638337643152174, 0.00213403511472249, 6.338211377492443E-4, 0.0015526351941410302, 3.058435636579355E-4, 0.0010873478230798556, 7.84899487809591E-4, -0.006925254990475462, -0.00652861350966154, -0.006327411154632965, -0.005749887300131725, -0.005460767534515366, -0.005325125864109782, -0.004323426311189438, -0.004705819985179384, -0.0042568428411638, -0.003507978536070218, -0.0036448905013021673, -0.0031441527045556715, -0.0026123220613578, -0.0026210779331904783, -0.002903462773425492, -6.033605061338443E-4, -0.0022057868390711853, 9.717913797992146E-5, -0.001512592706161518, -7.849034855810756E-4 ], [ 0.006204725255994462, 0.004068304372148245, 0.005970292447206343, 0.004276909382400338, 0.00479107391660522, 0.0036548712062047448, 0.004508830839243184, 0.0025329877931710015, 0.004015680075973848, 0.002316605882774433, 0.002052720902100862, 0.0030258118436519593, 0.002173705876358785, 0.0015426019177018496, 0.003127978840355263, -1.6885211328898425E-4, 0.0011176907397299725, 8.107964795837768E-4, -8.88839544586651E-8, 0.0011582669986975437, 0.005365254480660537, 0.005640297213310383, 0.005147487529612902, 0.005112209842546981, 0.004937024717794342, 0.00472846269851183, 0.003992833211860832, 0.004040288409613004, 0.0029594584097488654, 0.002973035136067913, 0.0031976505607116848, 0.0017524621742186408, 0.002165066719812154, 0.0019781655706262334, 2.7508931784729444E-5, 0.0018264837721589508, 8.64362974592375E-4, 9.455465759146713E-4, 0.0014688660416519994, 6.875245169997664E-4, 0.0020955592490167646, 0.0020465761559486755, 0.0022178354321192475, 0.0020790167094221447, 0.0024958647086291007, 0.002105760743021728, 0.002697212224752961, 0.0020149192611796153, 0.002930520419978557, 0.0017546895740650937, 0.002758943136340738, 0.0020611269804518204, 0.002547210548230822, 0.0020620795335000576, 0.002646501678842185, 8.793908669070885E-4, 0.0016738640946277012, 4.7867978955830016E-5, 9.406693494789344E-4, 4.560309303548476E-4, -0.010182848656576492, -0.009337662457446641, -0.009609130789480991, -0.008536588395811664, -0.008855978017633824, -0.007781680359941204, -0.007470726707708588, -0.006324280531031151, -0.007116553779765923, -0.004217089770924017, -0.005491515964005361, -0.003869187713631913, -0.003991988160481498, -0.0035081206882754323, -0.0036513980580564023, -0.0012757717027992044, -0.0024042227887259198, 1.791599513500636E-4, -0.001516729725932684, -4.8067492360207953E-4 ], [ 0.005270741939664749, 0.004588796122498633, 0.004276909382400338, 0.005211491708221317, 0.0034298758162185547, 0.004588922858277499, 0.003316998388877845, 0.003729249177552557, 0.0028466566283625893, 0.0035577748633661265, 0.0017384102890182053, 0.003913739596338763, 0.0025733973216666055, 0.002649243883479564, 0.0036722292325709577, 0.0017903224213627828, 0.001765747655430136, 0.003245661009761679, 0.0012302328517138845, 0.0027398231432373774, 0.003859011035835725, 0.003808894208814309, 0.003968881980273297, 0.003464160240498136, 0.003932393743610309, 0.0033829242193082385, 0.0030756797052050155, 0.0029353656366626463, 0.0020465507606078227, 0.0020689439962754412, 0.0020591809060556713, 0.0010688883880180977, 9.669406133576971E-4, 0.001288128887173287, -7.737977632853963E-4, 7.033826584953359E-4, 4.7960138616765863E-4, -6.225200681972314E-4, 8.108198870959334E-4, -2.9230065615902496E-4, 0.0015605814713577043, 0.001642549263305012, 0.001599589792420542, 0.0016835548641794833, 0.0016888482519592139, 0.001716568082117729, 0.001679224620176563, 0.001797009083884618, 0.0017636087666913734, 0.001716325871032551, 0.001896116674286854, 0.001848014508474236, 0.0018019068636814396, 0.001665233134306402, 0.0022254615448515135, 5.59081921593877E-4, 0.00158237661024701, 3.4432805937936105E-4, 0.0011639018209078991, 9.451300616279241E-4, -0.007205955139696824, -0.007227448376358404, -0.006507744973658059, -0.006451330366279296, -0.005630480863522305, -0.005888055721277899, -0.004461018313843413, -0.005205382525021693, -0.004315648207882216, -0.0038970748963557587, -0.003697878622151069, -0.003375456718582083, -0.0025942258701862507, -0.0026464531464267973, -0.0029572553753925133, -3.4362343124323306E-4, -0.002227541017879418, 2.4533453597521125E-4, -0.001563427413985654, -8.97698562319495E-4 ], [ 0.004990164380021704, 0.003405951464517698, 0.00479107391660522, 0.0034298758162185547, 0.004155045295111458, 0.002760588093736244, 0.003962500198413752, 0.0018917892024076521, 0.003365331705827688, 0.0016977272171231589, 0.0018229138159320552, 0.002125203750023745, 0.0017603680179719354, 0.0010667175198867593, 0.0025002196850522507, -3.69155695133116E-4, 8.835894726613138E-4, 3.904247864295219E-4, -1.8870789211474287E-4, 8.631568243792148E-4, 0.004724157288047917, 0.004971362697427581, 0.00453963182378418, 0.004609486245581834, 0.004290699028163325, 0.004284970999636107, 0.003475037125472799, 0.0036779667516650422, 0.002609564150625227, 0.0028134478462321375, 0.0027074845144556166, 0.0018241206115823857, 0.002045377388167042, 0.001978202188860696, 3.188074117255442E-4, 0.0018642108320804404, 7.771496896165002E-4, 0.0011234181920372116, 0.0014168808596022545, 7.565854355524732E-4, 0.0017820563517992292, 0.0016407696200508772, 0.0018984900728459305, 0.0016075525652112543, 0.0020673596240434675, 0.001570277776484776, 0.0021489868798047094, 0.0014761152602798906, 0.0023186502050618306, 0.001239830172601309, 0.002177129715848212, 0.0016107092045606769, 0.0020701321583711306, 0.001649282223502277, 0.0022367171447690067, 6.695247725777674E-4, 0.00154523897242491, -1.0119334871769279E-4, 8.36289634901571E-4, 1.9605842566681065E-4, -0.008479465659467987, -0.007181652583377282, -0.007889422134205066, -0.006269735284786283, -0.007015199101877342, -0.0055933078860713374, -0.005711562614022452, -0.004584932481735118, -0.005466992004282386, -0.0029694560506449913, -0.0042798494835308626, -0.003017381349328137, -0.003229865695712864, -0.002802174494198331, -0.003110968139907537, -0.0010366289792327775, -0.002222440197428179, 2.535499599459712E-4, -0.0013797321447983227, -1.6837397495471197E-4 ], [ 0.004504678290645865, 0.003974251809337601, 0.0036548712062047448, 0.004588922858277499, 0.002760588093736244, 0.004339235197229622, 0.0025109937581019033, 0.0038413871155735025, 0.00227115684468314, 0.0036923126483731548, 0.0015146765447302437, 0.004020536427616809, 0.0021212035319305837, 0.0030387513344827285, 0.002912486515528975, 0.0025321354713189028, 0.0012981489626252337, 0.003622672181884309, 0.0012789826644587978, 0.002836006623468192, 0.0025963119029827567, 0.0025475529723055054, 0.002693563886399294, 0.0022514148780727215, 0.0027306168787438927, 0.0021654541706478746, 0.0021772073614206343, 0.0017609830622462505, 0.0014261945721599886, 0.0011380499606187193, 0.0013858150948748377, 3.700795379844047E-4, 4.3967973333340106E-4, 4.580373934897759E-4, -8.82193222876816E-4, -2.55355573844467E-4, 3.29445200979148E-4, -0.0012709514285506498, 3.6970441778732573E-4, -7.955846221725644E-4, 0.0011828522246947568, 0.0013706010862300484, 0.0011925271968720843, 0.0014966740941656331, 0.0012918508834071116, 0.0016326633940906912, 0.0013573422836143868, 0.001814714611993342, 0.0015058078245755958, 0.00186842655120282, 0.0017144876139426762, 0.0018624606531502273, 0.0015662093263933698, 0.0015614311180993945, 0.00201987080879367, 4.288393284796747E-4, 0.0014854031893745615, 3.334227501382253E-4, 0.001195192884806503, 0.0010888572299050253, -0.005658201583180317, -0.006478798302072792, -0.0053054268074038576, -0.006221266535477593, -0.004788710420469215, -0.006054850352991646, -0.003952508598331433, -0.005522204665011792, -0.003956450326483474, -0.00440249783991791, -0.0034268041546535767, -0.0034827846872485086, -0.002283148611670178, -0.0024698139049449575, -0.002785864256837752, 3.20615317921389E-5, -0.0021947499517229008, 4.205501795614492E-4, -0.0015842878741508903, -0.001042075986951952 ], [ 0.0047854259269035394, 0.003192390208891542, 0.004508830839243184, 0.003316998388877845, 0.003962500198413752, 0.0025109937581019033, 0.004120619501238152, 0.0013595008474827275, 0.0034806802416495163, 0.0013395218135660283, 0.0016564292821272073, 0.0019139901307053404, 0.0020014820245410985, 4.339679078231722E-4, 0.002957647035292267, -8.207976398628446E-4, 0.0013010754617937255, -6.5980809285094995E-6, 7.68433056765466E-6, 7.306666848419341E-4, 0.0046222448237457255, 0.0048563786028287285, 0.004478962096523665, 0.004526825698481792, 0.004260653098537233, 0.004251821257690652, 0.0034219154975754663, 0.0036905047046508458, 0.0025505863054787014, 0.0027674222469185185, 0.002743391761278407, 0.0018039093465371766, 0.0018348442465976446, 0.002245233110522528, -8.670236236968E-6, 0.002181922896254479, 4.197094177633492E-4, 0.0014243484991597931, 0.0011789838096664415, 9.083862072562429E-4, 0.0017924208484738175, 0.0016240215905223912, 0.0019345303915979627, 0.001581264890185672, 0.0021124569501960026, 0.0014863281463302195, 0.0021686559620274198, 0.0013760073768417742, 0.002245069426665153, 0.0010724112061317743, 0.0020068261732488946, 0.0014413100026114325, 0.001989152960693675, 0.0013696612081068598, 0.0020992014103370826, 4.4283501412327176E-4, 0.0015017341200305365, -3.174439802681335E-4, 7.701086686577692E-4, -4.377276771128658E-5, -0.008561685488856443, -0.00685101867255466, -0.007866493713766227, -0.005858345477635439, -0.00690682384445577, -0.004892205573260859, -0.005561996855671443, -0.004034556570920126, -0.005059643944292021, -0.002426404982014264, -0.0038645962302541062, -0.0026271725009011206, -0.003009741754285055, -0.002387941487226634, -0.002778506861856652, -8.080651381456E-4, -0.0020335209274816458, 4.303114096015173E-4, -0.0012203965927368142, 1.4171259267575686E-4 ], [ 0.003224941820650601, 0.0032811453745561926, 0.0025329877931710015, 0.003729249177552557, 0.0018917892024076521, 0.0038413871155735025, 0.0013595008474827275, 0.0040125116254919446, 0.0013106442760413368, 0.003781706132957407, 0.0013566554637533977, 0.003803611854933349, 0.001405674692881647, 0.003639484303381393, 0.0016814023979471718, 0.003449823882756453, 6.981233529741841E-4, 0.003998570307705507, 0.0013056214693461024, 0.0029024891168459364, 0.0011387255652790386, 0.001041851098021838, 0.001235673618358316, 8.893928047602883E-4, 0.0012943508796318132, 8.288627610769721E-4, 0.0010944655370798827, 4.883451556677785E-4, 6.804047033452248E-4, 2.507268800234849E-4, 4.4714665645006774E-4, -2.106527489487343E-4, 4.252900056826481E-5, -4.754511956324298E-4, -6.014867851830244E-4, -0.0012641802381850131, 2.807640500664739E-4, -0.0018871399506231712, -1.0575772889608026E-5, -0.0012922088531507508, 6.435948813064082E-4, 8.73788203291902E-4, 6.117773019797721E-4, 0.0010415689860032743, 6.41828835238828E-4, 0.001266314346558001, 7.117006023105727E-4, 0.0015691526790228402, 9.251528659422227E-4, 0.0018307839315189515, 0.0012717389758283245, 0.0017643974980102307, 0.001099014653670456, 0.0014441155062441344, 0.0016497406308815022, 3.864131987550927E-4, 0.001378099063265803, 4.352203999845831E-4, 0.0012651865312368607, 0.001270685487615874, -0.003167981618197342, -0.004629456824736366, -0.0031920064515433724, -0.004830917733692243, -0.0029478895656269836, -0.0052416910451136885, -0.0024893432118018063, -0.005063684504132627, -0.0028313527604182536, -0.004471975463473934, -0.0026310931355152524, -0.003392175286003422, -0.0016260519864072656, -0.0021990513737803336, -0.0024475934258942683, 2.8362114863799955E-4, -0.002160071752514317, 3.9497170246980827E-4, -0.0016536733711718446, -0.0012675298111338598 ], [ 0.004177862305473829, 0.0026705996820515763, 0.004015680075973848, 0.0028466566283625893, 0.003365331705827688, 0.00227115684468314, 0.0034806802416495163, 0.0013106442760413368, 0.0031803786088575262, 0.0012750717788849529, 0.001636371162638423, 0.0019062048115466692, 0.001802588220657108, 6.620846666717856E-4, 0.0026218406184664355, -5.03798357565289E-4, 0.0015736680151250957, -1.214287009304465E-4, 5.281700776951314E-4, 6.641686367205993E-4, 0.0037275186909862886, 0.0038926462372731625, 0.0035842422991298156, 0.0036140232048756833, 0.0034095483605605884, 0.003384440264385779, 0.0027776848306988048, 0.0028968112557987784, 0.00207461363928751, 0.0021676241197759543, 0.00228787865077709, 0.0012769502975301062, 0.001568578554585836, 0.001629023822427043, -3.344473829383941E-5, 0.0017132407784783959, 1.0493753426822432E-4, 0.001322752232499994, 6.132876577224791E-4, 7.254460455084091E-4, 0.0015077056636256393, 0.0013921754535812455, 0.0016457573686833053, 0.0014060501384576746, 0.0018473695978042442, 0.0013627079041743197, 0.001961973117008275, 0.0013263065615138742, 0.0020204840867464073, 0.0011363683175570284, 0.0017175912395047139, 0.0014737152993654504, 0.001679136255998092, 0.0013182063792066918, 0.0016822755554562873, 5.079852463563913E-4, 0.0012446397611471077, -1.5427410233686997E-4, 7.450039957380607E-4, 1.0860581941217484E-4, -0.007538440938528235, -0.006270352489926809, -0.007086560694929894, -0.0056621087277707646, -0.006388461887561272, -0.004769169046525469, -0.005303621887719218, -0.003937122049637953, -0.004669662170389553, -0.0025312481903683247, -0.0033116276275044136, -0.0026705779851242777, -0.0024951128406500377, -0.002255033185494795, -0.002136895456702021, -8.675718157155994E-4, -0.0015461230460419406, 1.5544303185338414E-4, -0.0010346925575396857, -9.835327487737756E-5 ], [ 0.002976472911405646, 0.0030879290820162207, 0.002316605882774433, 0.0035577748633661265, 0.0016977272171231589, 0.0036923126483731548, 0.0013395218135660283, 0.003781706132957407, 0.0012750717788849529, 0.0037358910628578473, 0.001130713733905761, 0.0038674968755482244, 0.001451950590151239, 0.003423296375064348, 0.001770747916836154, 0.003365076265080088, 7.29744744763801E-4, 0.003787111249983865, 0.0013803050969485703, 0.0027713908505842726, 7.274138271700784E-4, 6.323300627642853E-4, 8.274532921132336E-4, 5.006077772791187E-4, 9.401041279016558E-4, 4.4790112358402464E-4, 8.052327003658461E-4, 1.1351835152799232E-4, 4.853842129230461E-4, -1.3233854180247947E-4, 3.5645525611764986E-4, -4.941369098270336E-4, -2.679388571647064E-4, -5.710367445682437E-4, -9.328280736409782E-4, -0.001350526481631651, -6.307519282413475E-5, -0.001864422016460193, -3.499753582346638E-4, -0.0013232317836297483, 5.79262172783128E-4, 8.114394543922125E-4, 5.639649975737858E-4, 0.0010180654588887027, 6.301260706471421E-4, 0.0012663036965860977, 7.57394113546352E-4, 0.001613419332142789, 9.79410981653783E-4, 0.001900244595797542, 0.001303409109792514, 0.0017586097144429718, 0.001171619937757551, 0.0013348987641878644, 0.0016747228998364538, 2.344040393398001E-4, 0.00148681689135566, 2.523736776818569E-4, 0.0013307449931456738, 0.001168781081776964, -0.002933428548213166, -0.004291934952661104, -0.0031080707059061067, -0.004720501986226997, -0.002972556438637922, -0.0052192441844936795, -0.0026413843274019017, -0.005213492254887286, -0.0029448065343646943, -0.004638998408831739, -0.002711090255683785, -0.0033893223440572594, -0.0017402437689475452, -0.002075272008853564, -0.002470143931367034, 4.78445298656871E-4, -0.002289546241703852, 5.936889206951796E-4, -0.0017019369733476885, -0.0011458066470456116 ], [ 0.002163803284857746, 0.0016459583904537935, 0.002052720902100862, 0.0017384102890182053, 0.0018229138159320552, 0.0015146765447302437, 0.0016564292821272073, 0.0013566554637533977, 0.001636371162638423, 0.001130713733905761, 0.0014462742089027096, 0.0011104657172444365, 0.0010192283087926291, 0.0011783028826342615, 0.001218629282732203, 5.24009759679233E-4, 0.001022811156391624, 5.865565693281115E-4, 6.533950417196899E-4, 8.013564346669357E-4, 0.0015704336466279601, 0.0015417820904924451, 0.001560397152138586, 0.0015163845080064578, 0.0014147291251766683, 0.0014737465857289733, 0.0011765572680683635, 0.001295058388105833, 8.178109649275391E-4, 0.0011567156537532854, 6.486555556505079E-4, 7.291173296338613E-4, 7.798881639412059E-4, 5.618639034411918E-4, 2.3677124626864652E-4, 5.347275123148132E-4, 7.457378317911857E-5, 3.491172651173939E-4, 1.8853013699304588E-4, 2.9776645951495202E-5, 5.445289238807937E-4, 5.256164377587967E-4, 6.127808527680011E-4, 5.560440390510904E-4, 6.730946955971793E-4, 5.809870433689824E-4, 7.294474126386097E-4, 6.434326286250347E-4, 8.131288620048207E-4, 7.16102326513641E-4, 6.935120435211632E-4, 0.0010247102976738115, 7.197693128272655E-4, 9.474458888457627E-4, 8.33690846893078E-4, 4.663396644235006E-4, 7.648571403177636E-4, 1.4022964499512574E-4, 6.407616476549783E-4, 3.6082362549381E-4, -0.0032699473103342093, -0.0030441866465868695, -0.0031146499622129818, -0.002846280749674619, -0.0027186931609781977, -0.002536438415361926, -0.002244219442359664, -0.002107315622601751, -0.002121784259846428, -0.0016294290196229183, -0.0013956661353734636, -0.0019106357839506823, -0.0010483087032107045, -0.0014778193372387823, -0.0011058604027741222, -5.512865485003946E-4, -9.647162143081494E-4, -6.980994686804702E-5, -8.274644547084127E-4, -4.089306104044897E-4 ], [ 0.0037121894236609386, 0.0033663254102579126, 0.0030258118436519593, 0.003913739596338763, 0.002125203750023745, 0.004020536427616809, 0.0019139901307053404, 0.003803611854933349, 0.0019062048115466692, 0.0038674968755482244, 0.0011104657172444365, 0.004560085394344682, 0.0016814209550544469, 0.0033706364655225465, 0.002322821825400759, 0.003192259691876831, 0.001297431746162341, 0.0034157855639628176, 0.0017988494865019801, 0.0028295885970429486, 0.0015191403377260082, 0.0015348324670445353, 0.001508633241579307, 0.0012651952498847134, 0.0016432132053100256, 0.0010871805146223878, 0.0014369266201543808, 5.200487358498618E-4, 0.0010495688364941704, 1.1248726835852516E-5, 0.0012042674455783318, -6.35315518904313E-4, 1.5379330290489918E-4, -4.228721355632696E-4, -0.0010279538563720183, -0.0010567178282466306, -2.1819557230874176E-4, -0.0013496253053700503, -4.7722332074167197E-4, -0.0010301535831817301, 0.0010836498967928187, 0.0012648240358128135, 0.0010936573523592857, 0.00147860645909329, 0.0012257066556964017, 0.0016932813172338764, 0.0013520984599760077, 0.0020431940141878322, 0.0014812120179073344, 0.0022087882538323793, 0.0016749479665206825, 0.0020329457624507483, 0.0014339527665070248, 0.00144039027575751, 0.001862172450894893, 2.057952085771338E-4, 0.0015826041428520985, 1.7104063660366167E-4, 0.0013637978911450175, 0.0011145027845713283, -0.004956789113741404, -0.005860757208644784, -0.005045599407205441, -0.0061897123578286296, -0.004811493889322916, -0.006307096035982066, -0.004128039800337346, -0.006225040618274514, -0.0038836737460009796, -0.0052364654901079855, -0.003293192207250543, -0.0037980051925526623, -0.0020349184534965616, -0.002306334825529409, -0.00256703817375088, 4.0963466386759585E-4, -0.0022671908913611152, 5.765081905650567E-4, -0.001659197452330323, -0.0010795283125505817 ], [ 0.0026423462957743432, 0.0021630554479481366, 0.002173705876358785, 0.0025733973216666055, 0.0017603680179719354, 0.0021212035319305837, 0.0020014820245410985, 0.001405674692881647, 0.001802588220657108, 0.001451950590151239, 0.0010192283087926291, 0.0016814209550544469, 0.0016845405096060015, 8.114928252026004E-4, 0.0023939013273107795, 3.3262817674107004E-4, 0.0014633862571835745, 0.0010426611652569991, 8.92417739984881E-4, 0.0011046149957027484, 0.0018031116794053727, 0.0017170003829958505, 0.0019082643489855963, 0.0016031472461289667, 0.0018920590036850117, 0.0016424889696094107, 0.0014354328686304652, 0.0015227529078410576, 8.89825159937261E-4, 0.0010884486315634317, 9.489843293468461E-4, 6.094194435999951E-4, 2.820031170949705E-4, 9.206682763786239E-4, -6.970397011513944E-4, 7.671491506517454E-4, -2.179120140288354E-4, 1.1275008222798916E-4, 6.245606130658282E-5, 2.2555077480294997E-5, 7.185906786526936E-4, 7.497668501166528E-4, 7.88480633499501E-4, 7.933545171671233E-4, 8.889125065264582E-4, 7.90344651759941E-4, 9.489864857094073E-4, 8.304645482441463E-4, 9.653127888417161E-4, 7.96956502498825E-4, 8.712218574165352E-4, 9.352967398163765E-4, 9.57316569654467E-4, 7.688662648067942E-4, 0.0010352497439527636, 2.4463543232722967E-4, 8.270511538481871E-4, 2.682871617064689E-5, 6.187466625003332E-4, 3.1095524039672577E-4, -0.003849946630638801, -0.0035452908091124324, -0.0035122348187620394, -0.0032408429384031224, -0.0030709384517959007, -0.0027219552971371372, -0.002570373938543047, -0.0023513155156940236, -0.0023135323717695336, -0.001678844204856545, -0.0017098961642159373, -0.0016696375827427285, -0.001334509094650771, -0.0012523784119313592, -0.0012386209670468985, -2.3869784732950822E-4, -9.956256506500087E-4, 1.5841435807405034E-4, -7.405917571469551E-4, -2.8848570678763374E-4 ], [ 0.0019639709601792237, 0.0023634208185365773, 0.0015426019177018496, 0.002649243883479564, 0.0010667175198867593, 0.0030387513344827285, 4.339679078231722E-4, 0.003639484303381393, 6.620846666717856E-4, 0.003423296375064348, 0.0011783028826342615, 0.0033706364655225465, 8.114928252026004E-4, 0.0037243730910922995, 7.242347067032105E-4, 0.0036420456168823087, 5.94072611821562E-4, 0.0034308960805770777, 0.001565337062993919, 0.00248330477807531, -1.0835786252663958E-4, -2.4942567247197335E-4, -5.467636856513043E-5, -2.782738092529228E-4, 1.9941099559670124E-5, -3.188216390571308E-4, 1.3721799674320628E-4, -6.057793055205486E-4, 4.8776358166493475E-5, -5.387419507450089E-4, -1.9368799837613112E-4, -7.850175182037096E-4, -1.8369322520889037E-4, -0.0012208746577832795, -3.6014624609154335E-4, -0.0017863403373723588, -6.859159212568535E-5, -0.0018100034695250518, -6.233570899704087E-4, -0.0013932800434964527, 2.1630039614678324E-4, 4.285384624976424E-4, 1.827490694959853E-4, 6.363205743067984E-4, 2.046117609350626E-4, 9.165742470210445E-4, 3.257981871509596E-4, 0.0013147212284600268, 5.503320259196244E-4, 0.0017403861978476348, 8.58973560236343E-4, 0.0016570081453821282, 6.864006462890857E-4, 0.0012968830160486214, 0.0011363226640900318, 4.140881760361745E-4, 0.0011692866034055834, 5.01980431458303E-4, 0.0012511277348976387, 0.001293925438542549, -0.0013230062204719751, -0.002941737537731914, -0.0017494796984456012, -0.0036309391106329673, -0.0018006532345233252, -0.004364067060375664, -0.0017084468305503904, -0.004451249614748014, -0.00206770873011862, -0.004290166018649662, -0.0018475570056736485, -0.0032161004801613434, -0.0010122666967567313, -0.0019192970497642291, -0.0017657924946432465, 2.139958313158931E-4, -0.001786404483958795, 1.3310821367335405E-4, -0.0015140425747310435, -0.0013942216832674395 ], [ 0.0038752187130728097, 0.0030667366197743807, 0.003127978840355263, 0.0036722292325709577, 0.0025002196850522507, 0.002912486515528975, 0.002957647035292267, 0.0016814023979471718, 0.0026218406184664355, 0.001770747916836154, 0.001218629282732203, 0.002322821825400759, 0.0023939013273107795, 7.242347067032105E-4, 0.0036152389025375636, 1.6651147898872606E-5, 0.002268912130920603, 0.0011434404569367691, 0.0012631634339685689, 0.0014407996721104367, 0.003150094130914738, 0.003080095156474753, 0.003265668186252336, 0.002839436113876426, 0.0032430106546789766, 0.002857094901799243, 0.002478568933027784, 0.0026173713572389627, 0.001615721416134739, 0.0018279175954891876, 0.0018432282636655474, 0.0010006508599501192, 6.97838230513265E-4, 0.001602696358326048, -9.302564897746961E-4, 0.0014903787667575324, -1.9914014902556063E-4, 5.238935304820797E-4, 2.95722315303227E-4, 3.553144209409183E-4, 0.0012726479403964651, 0.001258242334605938, 0.0013671203658489187, 0.0012601780180866366, 0.0014951690330033333, 0.001174229225948317, 0.0014939443774872792, 0.0011540524551267694, 0.0014066507679342242, 9.592396552632528E-4, 0.0012271126729904176, 0.001142795797258924, 0.0013010075560188346, 9.306010466378998E-4, 0.0013669366160282206, 2.946889016966083E-4, 9.777834448447757E-4, 4.092835353219965E-5, 6.647816135607992E-4, 2.982124623935496E-4, -0.0061591746927074165, -0.005309087669246243, -0.005449110398590259, -0.0045497422532924615, -0.004673718614225649, -0.0034908763115714357, -0.0037281521022651757, -0.002934823872003293, -0.00308158334424535, -0.0018554335275137394, -0.002274651764724611, -0.0019323941633374625, -0.0017321718756061328, -0.0015349920697027661, -0.0015005521283560524, -4.0139647755772946E-4, -0.0010573469069205571, 9.879558971245094E-5, -7.524025758779473E-4, -2.430221880283991E-4 ], [ 4.174290726923764E-4, 0.0013353162046007734, -1.6885211328898425E-4, 0.0017903224213627828, -3.69155695133116E-4, 0.0025321354713189028, -8.207976398628446E-4, 0.003449823882756453, -5.03798357565289E-4, 0.003365076265080088, 5.24009759679233E-4, 0.003192259691876831, 3.3262817674107004E-4, 0.0036420456168823087, 1.6651147898872606E-5, 0.004774192642409562, -1.0148886537418383E-4, 0.004636307053014603, 0.0014951241986595263, 0.0031032194450852, -0.0021315382056237633, -0.0022725236439953946, -0.0019544381842985315, -0.0021628480872471776, -0.0017346452164506182, -0.002116803947384329, -0.0012246855542116413, -0.0022397495929598267, -9.654038610557954E-4, -0.0018407587541656128, -0.0014185360380844976, -0.001620957993484513, -0.0014059761781026097, -0.002007915882325001, -8.7818745072518E-4, -0.0031299773797950413, -2.5149015199460814E-4, -0.0031551206422555083, -0.0010516745191524722, -0.002320238007347688, -4.1080032933972575E-4, -2.317126789962341E-5, -5.150286018887466E-4, 2.3734979531197796E-4, -5.975727010778533E-4, 5.475919705194619E-4, -5.778108046641873E-4, 0.0010302366541482704, -4.197837679642952E-4, 0.0014966473735591088, 8.687821046921018E-5, 0.0011752662819427642, -5.7842273999003695E-5, 5.271435150597567E-4, 6.61111546767969E-4, -3.460673196981225E-4, 8.964300102041946E-4, 1.6600659564022866E-4, 0.0011100903230606253, 0.0012129051420096963, 0.0016520174828156642, -9.804901613709878E-4, 0.0011809041317041016, -0.001923485292962329, 9.353447841056568E-4, -0.0028658390492223053, 7.623919653065539E-4, -0.0035317787326200954, 2.662153862674475E-4, -0.0037917979614853032, -2.986931873395903E-4, -0.002355998507273335, 2.1372095909494518E-4, -6.555426332565019E-4, -0.001189769525210207, 0.001697232061729549, -0.0016158399730237458, 0.0010304052677847638, -0.0013471006956377442, -0.0010507448554486069 ], [ 0.001506705948670884, 0.001416183599463008, 0.0011176907397299725, 0.001765747655430136, 8.835894726613138E-4, 0.0012981489626252337, 0.0013010754617937255, 6.981233529741841E-4, 0.0015736680151250957, 7.29744744763801E-4, 0.001022811156391624, 0.001297431746162341, 0.0014633862571835745, 5.94072611821562E-4, 0.002268912130920603, -1.0148886537418383E-4, 0.0030836172382824106, -4.938403241904712E-4, 0.0024172495532899275, 5.863891794215047E-4, 0.001485624550081516, 0.0012730122773392028, 0.0015256312115759264, 0.001270388431580418, 0.0014786142048432726, 0.0013692009166270344, 0.001176275587411728, 0.001204217710165253, 7.775067617090902E-4, 8.964713230375822E-4, 0.0010705721739883512, 2.1478109018333735E-4, 8.127460568574197E-4, 5.594295537993032E-4, -1.6144731726793914E-4, 0.0012095341287478515, -9.321962866770126E-4, 0.0014608247365718854, -8.662225350940833E-4, 6.601655759513937E-4, 6.883992239541507E-4, 5.178113571691748E-4, 7.936508227344792E-4, 4.978537370368665E-4, 8.512636892642105E-4, 3.80925584811475E-4, 7.899635923177348E-4, 4.7897368976266793E-4, 5.151940019033831E-4, 4.907479138185366E-4, 1.0808881489409494E-4, 7.929771487191456E-4, 1.9339771594729206E-4, 5.362022743099558E-4, -2.1634743602086363E-5, 4.8074190020439803E-4, 2.63513379003016E-4, 3.858369550033181E-4, 4.651496117621144E-4, 2.7855584229240145E-4, -0.0033319619711904957, -0.00204308469141865, -0.0030526506570647755, -0.0017341764878693686, -0.002507535254171029, -6.863484317020654E-4, -0.0019383909872868355, -6.415767175453344E-4, -8.116281252884363E-4, -4.755321283775445E-4, 1.0086102046817928E-4, -0.0011325522363182547, 1.352777886083487E-4, -7.332497630686519E-4, 6.47891353860891E-4, -9.348358927789781E-4, 4.1750871877979575E-4, -9.802126764087708E-4, -7.981253430332404E-5, -4.746068246847658E-4 ], [ 0.001886875090111932, 0.0024778657163494013, 8.107964795837768E-4, 0.003245661009761679, 3.904247864295219E-4, 0.003622672181884309, -6.5980809285094995E-6, 0.003998570307705507, -1.214287009304465E-4, 0.003787111249983865, 5.865565693281115E-4, 0.0034157855639628176, 0.0010426611652569991, 0.0034308960805770777, 0.0011434404569367691, 0.004636307053014603, -4.938403241904712E-4, 0.006109373546526618, 6.786838417588673E-4, 0.0038358338584241498, -7.485706443514041E-4, -8.819818455060473E-4, -4.060849433201922E-4, -9.373438205749223E-4, -1.8266320557915004E-4, -8.298602483069536E-4, -1.4616162049496282E-4, -8.340525058976606E-4, -3.8718296432705757E-4, -7.747581034489475E-4, -9.976609431910726E-4, -7.071446489043172E-4, -0.0014792662479269864, -9.948030200959879E-4, -0.0013243577340891213, -0.0026702426372920123, 5.937515189191494E-4, -0.0039516267972694126, 1.571345281030253E-4, -0.0024666095150658713, -9.746438264860459E-5, 4.2000921706235225E-4, -2.481281484405558E-4, 6.065902611232277E-4, -3.6936977676044403E-4, 8.421572811206878E-4, -4.5903017469004767E-4, 0.001123919372025992, -2.8878321040712703E-4, 0.0013428155056130998, 4.1049136028125483E-4, 9.837995197983379E-4, 2.847733147791523E-4, 5.335436757189538E-4, 0.0012200080161131142, -4.49269121467598E-4, 8.942287233131113E-4, 1.8344190396237892E-4, 8.994816960019885E-4, 0.001242212817857999, 3.3754042009578525E-4, -0.0027376639019017473, 5.613869155598005E-4, -0.0028876904547305206, 6.520922056402553E-4, -0.00349552340743286, 8.168799412679827E-4, -0.003674804921741876, 1.3633389679208914E-6, -0.0034656895881784553, -9.762371363191882E-4, -0.0020150462289964368, -3.4380046432304633E-4, -6.904320207940629E-4, -0.002010852099696787, 0.002016832294286807, -0.0018971929177072821, 0.001475897048365518, -0.0013449653570327665, -8.892892372793935E-4 ], [ 3.540933187412051E-4, 8.612759077449027E-4, -8.88839544586651E-8, 0.0012302328517138845, -1.8870789211474287E-4, 0.0012789826644587978, 7.68433056765466E-6, 0.0013056214693461024, 5.281700776951314E-4, 0.0013803050969485703, 6.533950417196899E-4, 0.0017988494865019801, 8.92417739984881E-4, 0.001565337062993919, 0.0012631634339685689, 0.0014951241986595263, 0.0024172495532899275, 6.786838417588673E-4, 0.002654512539609607, 0.0011268780166244028, -4.7694104449834895E-4, -7.408122082845977E-4, -4.008894430988145E-4, -6.422594941694626E-4, -3.156171397514652E-4, -5.135945258469374E-4, -1.8900631382428408E-4, -6.19519548277103E-4, -1.9854227574030668E-4, -5.681115084088793E-4, -3.5146103368026654E-5, -8.803744231461364E-4, -1.05873199467545E-4, -7.500021802996845E-4, -4.341921849299297E-4, -4.1097255861350464E-4, -0.0011580541579059606, 1.676274565286644E-4, -0.0015483583156842438, -2.718051605403418E-4, 1.0300527904216848E-4, 9.001757959435842E-5, 1.4741723977077973E-4, 1.8981363860995373E-4, 1.7165829993886933E-4, 2.3244621142240086E-4, 1.7173014097173291E-4, 5.267024945704254E-4, -1.1079446938968657E-5, 7.83059292774434E-4, -1.9795674775663447E-4, 8.47562562032693E-4, -1.7620295579807153E-4, 4.0180118397518765E-4, -2.3351252641759304E-4, 2.5356526389423473E-4, 2.6435474246082964E-4, 4.2102339193897614E-4, 6.514908925877301E-4, 6.165678446020194E-4, -6.680325297628608E-4, -6.193233926291579E-4, -8.829973418794566E-4, -0.0010486531294629444, -7.886872664233732E-4, -7.280637130017587E-4, -7.045897899388451E-4, -0.0011150665691568844, 6.483102096908715E-5, -0.0013750482983045538, 5.870074566478899E-4, -0.001353134556369688, 6.537540662074058E-4, -4.6200169980503214E-4, 7.466924612108933E-4, -2.211097048143334E-4, 2.2670449207298115E-4, -6.749900228829363E-4, -2.788601621276245E-4, -8.01479527179393E-4 ], [ 0.001980692641041636, 0.0021906484095887643, 0.0011582669986975437, 0.0027398231432373774, 8.631568243792148E-4, 0.002836006623468192, 7.306666848419341E-4, 0.0029024891168459364, 6.641686367205993E-4, 0.0027713908505842726, 8.013564346669357E-4, 0.0028295885970429486, 0.0011046149957027484, 0.00248330477807531, 0.0014407996721104367, 0.0031032194450852, 5.863891794215047E-4, 0.0038358338584241498, 0.0011268780166244028, 0.0028319566701455754, 3.7543104443919036E-4, 3.19345472655648E-4, 5.481147306466694E-4, 2.589422344706771E-4, 6.461210622174975E-4, 2.697671171985144E-4, 5.810299101070887E-4, 6.710278369951638E-5, 3.0159507021513437E-4, -5.0712149121534895E-5, -8.224716572185838E-6, -2.9821739189571324E-4, -4.253564068524559E-4, -3.4672683718892506E-4, -7.391300543303263E-4, -0.0013070292506903525, 1.9990113369258594E-4, -0.0019821899432665383, -2.3183407482886075E-5, -0.001356473241659374, 3.760463572086219E-4, 6.188282881033442E-4, 3.1652755180574724E-4, 7.18129448194401E-4, 2.4089795414916615E-4, 8.107115539322663E-4, 1.1352220480312463E-4, 0.0010286319301382396, 1.1609123235696979E-4, 0.0011196322659128193, 4.4089705995750943E-4, 0.0010091710028461284, 3.412251998556828E-4, 5.533769110241611E-4, 9.800942774505434E-4, -2.472140668276155E-4, 8.450266203281735E-4, 8.743381346458302E-5, 8.089704871739323E-4, 8.160733317946289E-4, -0.0016566775601075145, -0.002989834906020229, -0.0013359328178537517, -0.0028402803318277113, -9.48299606942195E-4, -0.002800689531554822, -4.0323355845796793E-4, -0.002972495951057258, -4.554308726274803E-4, -0.0026355198511383467, -8.047747935809775E-4, -0.0018815776371671681, -2.960391230334383E-4, -7.637756567551689E-4, -0.0013887938053826455, 0.0011920943566220428, -0.0013933844765191313, 8.920750064691145E-4, -0.0010503381168226642, -5.723751832986346E-4 ], [ 0.005844209770667736, 0.003908983902104698, 0.005365254480660537, 0.003859011035835725, 0.004724157288047917, 0.0025963119029827567, 0.0046222448237457255, 0.0011387255652790386, 0.0037275186909862886, 7.274138271700784E-4, 0.0015704336466279601, 0.0015191403377260082, 0.0018031116794053727, -1.0835786252663958E-4, 0.003150094130914738, -0.0021315382056237633, 0.001485624550081516, -7.485706443514041E-4, -4.7694104449834895E-4, 3.7543104443919036E-4, 0.007587203024454445, 0.007954272488379753, 0.0073043161622425926, 0.007346500173170933, 0.006918404209168134, 0.006918587080162413, 0.005517239609448216, 0.006109972223939169, 0.004148807589200048, 0.004677759371283595, 0.004521566553902371, 0.003060842742973399, 0.0036677290180687854, 0.003397227399380345, 0.001161963739616124, 0.0037366987283289077, 0.0016707012430457126, 0.0026126785939692117, 0.0027509695618314176, 0.002098968842493427, 0.002704564810149282, 0.002295322982136259, 0.0028026490060671727, 0.001975731533993371, 0.0028626745135792346, 0.0016225210532783178, 0.0025896213642976505, 0.001188874050036307, 0.002432202346491804, 4.6690524172280257E-4, 0.0021659574459472293, 0.0010070146028754749, 0.0019193660079231572, 0.0014233377976481294, 0.001972653706894688, 9.040892975054286E-4, 8.883936775514357E-4, 2.1979136666320376E-4, 1.1688006490265024E-4, -1.6518689422172876E-4, -0.011159968456054038, -0.008237377378793823, -0.009602608798737094, -0.005840160568480809, -0.007987095611924323, -0.004073947550530131, -0.005765914057259601, -0.0027048512235131983, -0.004845446658470428, -7.51976488341476E-4, -0.0038447469356582336, -0.0015984249655227954, -0.002813914370664303, -0.0024080709906677293, -0.0024213012749357728, -0.0019025403345569569, -0.0010575872224754964, -6.422710121246787E-4, -4.5886844427891034E-4, 1.7410041352595236E-4 ]