{
  "weights" : [ 0.6429477630039695, 0.6447264089131487, 0.6473548554386651, 0.6622379326227722, 0.6433991237850262, 0.6683250467367127, 0.665430114901171, 0.660466732956241, 0.6784628098153337, 0.6212010551097433, 0.654696440662558, 0.5774049295563306, 0.6365271173370319, 0.5350323910618315, 0.6614791600078324, 0.528648781748863, 0.6014421619351825, 0.4823224390603815, 0.5687654617341553, 0.4970195733943774, -0.6290274504646199, -0.6254833438327945, -0.6276390609651123, -0.6066968888885502, -0.6229293788082546, -0.5731397549916117, -0.5701440651943945, -0.5134034482543243, -0.497149764816282, -0.48486070356085975, -0.43357376182554674, -0.5111902557557394, -0.4356120768596322, -0.6192635307125829, -0.48809166861232445, -0.5650888919671039, -0.5268177557972256, -0.5637676393284375, -0.5298987213793678, -0.5609353916724645, 0.3931702171583281, 0.3933306026602822, 0.397060994138707, 0.39767540759426406, 0.4156655612524782, 0.4306561165001662, 0.45328054967785847, 0.4904076667453747, 0.5080515578931265, 0.537363333287469, 0.5672068400771306, 0.5350593300872012, 0.5492141262837129, 0.4423631156584884, 0.4087050417612122, 0.5125623829759097, 0.43383637124972046, 0.5094231127620531, 0.46304586469435294, 0.48468885663580585, 0.18248860085760074, 0.18257417023177047, 0.17537239070804764, 0.16319901620275257, 0.15463820481515592, 0.13967025391312884, 0.12850147903956785, 0.11656182439295842, 0.10226413793001284, 0.11825422774596567, 0.12932409533395292, 0.13952859189096206, 0.2630632807068014, 0.23826937175520385, 0.3927768025199664, 0.20528661553936545, 0.34916065614322034, 0.26954654994631894, 0.356478235284192, 0.31148599832923474, 0.5401382437888352, 0.5386709292319503, 0.543590063854352, 0.547788659428282, 0.5380292249652603, 0.5605998607725353, 0.5627063660457134, 0.5874583618815254, 0.5931140552865267, 0.5641374434888768, 0.546899798770055, 0.4535207673858449, 0.33134838245837134, 0.16556136288854162, 0.034258394270103305, 0.04373610726347596, 0.09033416495464383, 0.049769891732536535, 0.07536242331339496, 0.0561089447500218, -0.6751764093580643, -0.6777256100735296, -0.6871531922688372, -0.6843240517114919, -0.6965613590749458, -0.7065160891915805, -0.7144591568444846, -0.7350008822264985, -0.7334702646407432, -0.7599152367267157, -0.7401685480603202, -0.7405926150686959, -0.6685133005783919, -0.5504724363696288, -0.313355284790306, -0.19374194406777415, -0.19758255943822342, -0.1718339130685187, -0.19404709759448557, -0.1946041167391258, -0.33826834482058377, -0.3450678727659731, -0.3496633017498668, -0.3597446153860824, -0.3659382565801257, -0.3706437946785967, -0.38409103207177026, -0.37122862771693277, -0.3836701081915827, -0.357672603378661, -0.3456219482067662, -0.32850609977041806, -0.2578214589833594, -0.2074649327734771, -0.06687827945829786, 0.012402039033611319, -5.058093251003284E-6, -0.0028272417564625704, 0.0038022451767811393, -0.009148085855108025 ],
  "covariance" : [ [ 6.512426116335644E-4, -5.686451004126655E-4, 2.2670556880192354E-4, -7.317159812780273E-4, -2.368597632051718E-4, -9.414707644772879E-4, -9.39308308897687E-4, -0.0011745914327058488, -0.0010325566694252767, -0.0014318013344870784, -7.369896108774267E-4, -0.0017991612606821383, -2.1249849160047169E-4, -0.0013803157763248581, 0.0010062470517315397, 2.0938073375581658E-4, 2.0213301593047817E-4, 5.622684141754946E-4, 3.1774366150366293E-4, 4.83634789959406E-4, 0.0011434088556432625, 1.6236406462408507E-4, 5.901275307282245E-4, -1.7911171972229505E-4, 9.129973916112976E-5, -8.043738245354022E-4, -8.470367118791498E-4, -0.0018589034736082749, -0.0014520207420242396, -0.002764378234674984, -0.0020544270591030967, -0.003658096365081254, -0.0019588897708985617, -0.003905206699079995, -0.0010292424523882231, -0.002240095891321601, -0.0021161540918642296, -0.002555006759547526, -0.001873438190182048, -0.0024276061634339236, 8.590950755505743E-4, 0.0011787038130038929, 6.010224974638533E-4, 8.968883205648317E-4, 4.837974279658868E-4, 3.915969700047491E-4, 2.4719395797247103E-4, -2.562650000603647E-4, -2.9604561946068423E-5, -4.823297473445769E-4, -5.448968778208844E-4, -3.3016188846756513E-4, -6.565879644703311E-4, -9.002445055517408E-5, 3.967831470652426E-4, 1.64129057761848E-5, 7.561895301137757E-4, 6.035108042757474E-5, 6.218659521253741E-4, 3.583750533349222E-4, -4.2771526492116243E-4, 3.288995989295424E-5, -4.189681048395637E-4, 2.0596608276410397E-4, -1.1003572698062316E-4, 2.3080606072739437E-4, 1.6097385302384803E-4, 2.6262530928263135E-4, 2.944416637421802E-4, -1.947526761181213E-4, -3.39934385058372E-4, -0.0014777279490026925, -0.0012676101444191912, -0.003385365085618827, -0.0038003842414199886, -0.0030668552252622223, -0.0045125943501631415, -0.003701704610356837, -0.0038122476932945766, -0.0037938043802442237, 6.439340727018241E-4, -1.2180630947760037E-6, 1.9495044282340896E-4, -2.670872852640714E-4, -3.16917242174026E-4, -6.69704034502583E-4, -9.426511080165966E-4, -0.0010991843343896963, -0.0011790993901423087, -9.657363123133458E-4, -4.198239986358169E-4, -2.0334237561228001E-4, 0.001011173593096192, 9.478927716267604E-4, 0.002235949931511025, 9.85455046854741E-4, 0.001416866246432705, 0.00121451443794821, 0.001288552876146948, 0.0013426202939044664, 2.922848712589186E-4, 2.7952797073168803E-5, 5.39900750483407E-4, 4.171932151839356E-4, 8.325402632035905E-4, 9.230624623768534E-4, 0.0013090120392430526, 0.0013958699691036308, 0.0016551762671747111, 0.0016833448313234589, 0.001974681504974347, 0.0022466536522978684, 0.002158237134169888, 0.001988314240613158, 4.470454565694363E-4, -6.339453578327029E-4, -3.45310402459948E-4, -6.239867196456524E-4, -5.154950152429219E-4, -5.265969156535562E-4, -3.5800889234221644E-4, 2.0696412391260077E-4, -3.5753572649110997E-4, 1.005494605419833E-4, -2.895834964446576E-4, -2.416280834556665E-4, -6.073688463272894E-4, -8.94480494735384E-4, -0.0012426292799465849, -0.0015138197749505287, -0.0020957993262079033, -0.002317485951996018, -0.002595667483155137, -0.0025779013630738003, -0.00199284093121783, -6.71478776393092E-4, -0.0014391784796899682, -0.0011883274395278086, -0.001153727461372928, -0.0012996478982808988 ], [ -5.686451004126655E-4, 7.898763400110362E-4, -1.8224368837791908E-4, 0.0011802612357015851, 6.360219419881487E-4, 0.0017445685328891286, 0.001368424573449058, 0.002258063408292319, 0.0015933223501111986, 0.0026084010491470733, 0.0011119363201827512, 0.0028495418026288116, 2.735920029694594E-4, 0.0017516121443449553, -0.0015248347241147958, -4.0691649569436696E-4, -0.0010997890261999833, -5.690259208709623E-4, -9.02089990375551E-4, -7.122919066200673E-4, -9.350062783021879E-4, -9.680726688930593E-5, -4.8259526750639344E-4, 4.852165316583552E-4, 1.4935769977926055E-4, 0.0015302038874217146, 9.42989050281186E-4, 0.00276568653620591, 0.0014594134237952874, 0.003318746113095347, 0.0017833077804503131, 0.003533796028391706, 0.0014793257706741626, 0.0036828453624704574, 9.23831078111929E-4, 0.0015676070259641264, 0.002237369301665908, 0.002395424347352274, 0.001650044707274526, 0.002431386820893919, -7.224532271580676E-4, -0.0012050884370979314, -4.244538316607405E-4, -0.001055185944214102, -5.637161991366925E-4, -5.500638881650382E-4, -4.889514335722042E-4, -1.2310287393954656E-4, -5.361397231365342E-4, -2.509669153084251E-4, -2.4068483822092235E-4, -8.581640764276544E-4, -4.624889128946433E-5, -9.32813519031478E-4, 5.794536841120197E-4, -5.803281404647498E-4, 7.209101572799391E-4, -2.2480300925455552E-4, 5.4077386735443424E-5, -3.116353190448664E-5, 5.023313068950498E-4, -5.729852245352387E-4, 1.808048861243617E-4, -3.836873802125661E-4, -4.684572383359604E-4, -2.4521516905902835E-4, -9.542915397797355E-4, 1.1478919990807961E-4, -9.669042491458577E-4, 7.068049951599547E-4, 4.696487984892964E-4, 0.0018228673822378116, 0.001645483688898998, 0.004097994289838596, 0.002678479408651352, 0.003726186692993532, 0.0036070256614761627, 0.0042427720693392675, 0.003213818966689025, 0.004002251979776622, -6.794697137719307E-4, 9.006031630905453E-5, -4.640643082223008E-6, 6.955050871924815E-4, 0.0011118002443802448, 0.001575336349233165, 0.002056051582064082, 0.0023318414423548033, 0.0023835298712323676, 0.0020484846064121307, 9.064387413334398E-4, 5.014371716172069E-4, -0.0012983632064618937, -0.0014690153832928655, -0.0022247168511785017, -6.975224630414209E-4, -0.001472589823855229, -0.001059812313527448, -0.001194472093079718, -0.001145800631392093, -4.3858340579507537E-4, -1.0226242255004509E-5, -7.272528434765265E-4, -5.898664433703329E-4, -0.0011709224521838687, -0.0012199464957737057, -0.0017849781451249476, -0.001718393656481266, -0.0022122689250600553, -0.0018561617184695064, -0.0024734694464292315, -0.0019015921197211513, -0.0021966874506302173, -0.0013958678420094202, -1.233001589653254E-4, -2.1907364821485817E-4, 5.089533389860649E-4, -2.670473399841405E-6, 4.835988697487129E-4, 1.8232105188575924E-4, 2.8783677899537626E-4, -4.873295080345137E-4, 2.570887509503254E-4, -1.9676930324108335E-4, 2.1765473640023684E-4, 3.374339199232897E-4, 6.671032806781637E-4, 0.0014002110970677876, 0.0015883483584207224, 0.002397704171038742, 0.0028294073415018853, 0.0031928959978489843, 0.003580339575678362, 0.0034848909786939974, 0.002978123399270491, 1.6088033174417333E-4, 0.0014476221562937917, 9.471811837203337E-4, 0.0011952452999044287, 0.001270713647472599 ], [ 2.2670556880192354E-4, -1.8224368837791908E-4, 4.6529076109570364E-4, 3.341505569541747E-4, 9.830754150225228E-4, 5.60436073325606E-4, 0.0012093531964779219, 7.887205999525547E-4, 0.0013238506841067622, 6.593446011515994E-4, 0.0012989302342389859, 2.2573700247345194E-4, 0.0014471957385158553, -1.5794060784839268E-4, 6.772128504310069E-4, 8.008981094073986E-5, -1.0374063722714211E-5, -1.38034387596394E-5, 5.4009383909076774E-5, -1.6129394570387514E-4, 7.85041075386747E-5, 1.5420510981030335E-4, 1.1007824361592924E-4, 4.592708068989693E-4, 5.537240876500212E-4, 5.179000350907397E-4, 6.586793825000551E-4, 6.932495403379098E-4, 7.954611643081536E-4, 6.601642698888832E-4, 0.0014315491383255006, 2.1039543706898479E-4, 0.002139365966303456, 1.1881678264697142E-4, 0.0020987589713173617, 9.575231455313876E-4, 5.892474325221416E-4, 0.0012762665147527993, 7.43048467693553E-4, 9.648790657368348E-4, -2.7374828046543656E-4, 3.6616627783620317E-4, -4.616318242300063E-4, 6.50702763377173E-5, -4.5750456834056977E-4, -2.2578646113555713E-4, -5.512725297903386E-4, -4.426526343670635E-4, -5.564419953816997E-4, -4.6475463937087943E-4, -1.0237323665928693E-4, -4.8426314630445024E-4, 3.4759614124111677E-4, -8.829429115266019E-6, 0.0018124110957845338, 2.330191093542154E-4, 8.992507992642445E-4, 6.167732343668594E-4, 6.927681116687555E-4, 6.123457895643534E-4, 1.682409752224959E-5, 1.4393376593759675E-4, -1.4557027632625233E-4, 1.858567756722445E-5, -1.1870942780550417E-4, -4.849138537625179E-5, -2.6115147250100023E-4, 1.714223960610875E-5, -4.274182623661448E-4, 3.777060934910679E-4, -6.136931967578568E-4, 5.056330244072779E-4, 4.520894793471047E-5, 5.056488142644169E-4, -3.222169090937966E-4, 0.00147213565274594, -6.776968651518926E-4, 0.0015685013658779327, -4.0564693427376785E-4, 0.0010599289468087446, 5.412089345500599E-5, 1.6088060536332605E-4, 4.080266049272729E-4, 6.295829254868163E-4, 8.238129655243575E-4, 8.307156763310051E-4, 0.0010543429103263664, 0.0010335900772073744, 0.0012254689344238742, 7.904346187190975E-4, 0.0013534799260040006, 2.6271776592952346E-5, 7.866156316353555E-4, -5.59811592713502E-4, 0.0010548002658940286, -3.402161266418903E-4, 2.663485085790192E-4, 3.3824292549122575E-6, 3.1646140037899084E-4, -1.7462020985646668E-5, 6.840666307179836E-5, -3.5401136939420844E-5, -8.227393627134092E-5, -2.2156616706948376E-4, -3.1666626130572305E-4, -4.419261025177526E-4, -4.830919431859699E-4, -5.67016896683852E-4, -5.758396927836847E-4, -6.477020655859644E-4, -6.664379380376673E-4, -7.190299450875612E-4, -6.365455778433083E-4, -5.099979156724371E-4, -7.075017800213825E-4, 4.467826375269398E-6, -1.5851113936236127E-4, 2.4749262296680063E-4, 1.208147134707234E-4, 6.741619719585431E-5, -1.5307849553798598E-4, 4.267402471117102E-4, -6.573082082564721E-5, 5.531111706188599E-4, 3.209183443422488E-4, 7.695526880428294E-4, 5.830029616631616E-4, 9.467916890411789E-4, 6.74061099577825E-4, 0.0010875348274253826, 8.483188257874502E-4, 0.0012675528231403505, 0.001195632636174154, 0.0015924308368440538, 7.521644973661117E-4, 3.8327926028592523E-4, 7.322543386009306E-4, 5.644376081103366E-4, 6.58101502498108E-4, 5.067931719266951E-4 ], [ -7.317159812780273E-4, 0.0011802612357015851, 3.341505569541747E-4, 0.003212462104470533, 0.002958373447932218, 0.004859975597550485, 0.005181961923605751, 0.006110331024991456, 0.005955781978683313, 0.006548277551555286, 0.004866306723404297, 0.006397241682551139, 0.0034138739055084933, 0.0037369406019734214, -0.0020639743346788624, -2.188704717702892E-4, -0.002355666499285651, -0.0011314616810183436, -0.0017853603877386348, -0.0017683362144452017, -0.0016330769469279165, 1.823067168936327E-4, -6.542186643141315E-4, 0.0022361957396086177, 0.0015046138610040629, 0.004815220961899486, 0.003530578964729561, 0.00796482978831875, 0.004696838883325638, 0.009090005905448468, 0.0067830978481289595, 0.008018177989904977, 0.0073101437082774695, 0.007426243723355068, 0.00644805127160993, 0.0044998535450038474, 0.005790795705725025, 0.006603694295124204, 0.004844259306716911, 0.0064413725784643674, -0.0018731537003575077, -0.0015776143823675603, -0.0012766037959187839, -0.0016344295003051046, -0.0015233889956964529, -9.506802072896561E-4, -0.0019069349049945887, -1.4773977983214756E-4, -0.0025633656340175227, -3.4066067913278496E-4, -0.0015211700031924956, -0.0019298626865001318, -8.951862460983969E-4, -0.001525453393261568, 0.0036939318940679756, -4.278419170380951E-4, 0.0025179271787018442, 3.8348126428248904E-4, 0.0010365083094909036, 8.097877088414921E-4, 0.0011381775349463157, -7.039682195443765E-4, 2.648525798591146E-4, -0.0011700359078422899, -9.848983016249096E-4, -0.0012539157432480195, -0.0022853927122137756, -1.980534855155084E-4, -0.002510307832926369, 0.0021357667658263744, 1.9729758419896343E-4, 0.004265081458302171, 0.004395148256111189, 0.007857756728420125, 0.006170409406488031, 0.00923053202248303, 0.007572061992645892, 0.010936711706002689, 0.006689378140699455, 0.009939686533192599, -0.0012286591651172137, 4.324256151697209E-4, 8.016518794103933E-4, 0.0030194748645392872, 0.004104116940176701, 0.005614659419194703, 0.00679590209618427, 0.007610800893826828, 0.007679588676142419, 0.0061935554302186245, 0.004530713786022569, 0.0012842592998963966, -0.001389822208450745, -0.0038006563216480983, -0.002667140450220299, -0.0023251767941445374, -0.002858900080644591, -0.0022607141195005774, -0.0021189073227429875, -0.0024186327426359115, -8.541798697174433E-4, -3.0497866882710445E-4, -0.0019461976937113672, -0.0018932229586577434, -0.0035332016402534454, -0.0037113589235712656, -0.0050076372096113314, -0.0049305120084666915, -0.006029744034268092, -0.005090931155519183, -0.006405861693229338, -0.00512410737952812, -0.00503714752511546, -0.0038194322033731154, -0.0014428350174184139, -0.0015880893381207853, 9.27711838837095E-4, 5.750630176476593E-5, 0.001203811177043376, 5.115862011779099E-4, 2.0338127071319295E-4, -3.7838361696998317E-4, 2.9480564940024287E-4, 2.1338597612854046E-4, 9.39506743950416E-4, 0.0017578502463006876, 0.0023674256422672913, 0.0045969779142024094, 0.004710964796410305, 0.0073273210406424845, 0.0076332714845331676, 0.009409144283720276, 0.010165090145372197, 0.009788886205030451, 0.008195647935833114, 5.056926795092395E-4, 0.003987213220054847, 0.00260226541846855, 0.0035221391061600387, 0.0034207547163699194 ], [ -2.368597632051718E-4, 6.360219419881487E-4, 9.830754150225228E-4, 0.002958373447932218, 0.00444754731779587, 0.0051650147466718605, 0.006702316872540524, 0.006788079226116344, 0.00759226570629783, 0.007383136908481334, 0.006293011435138415, 0.006925943687585457, 0.004795096440362066, 0.003979200296004472, -9.597660311918541E-4, 3.295269128876662E-4, -0.002165622883033795, -5.305294453084534E-4, -0.0016109604501678221, -0.0014928550213546814, -0.0014969925826143113, 3.414129890744004E-4, -6.093123471807376E-4, 0.0025569951590558174, 0.002418709808645744, 0.005394722364413238, 0.004486061490744348, 0.009105250512152295, 0.005709856085951141, 0.010916556111794639, 0.008750865307208828, 0.009756599277123426, 0.010266490716225991, 0.00896990948490932, 0.008279289024156877, 0.007448117380222977, 0.005418560033893551, 0.0096503931015205, 0.005633115155505668, 0.008391583042693393, -0.0023157083461730595, -9.419828598545743E-4, -0.002000843613885181, -0.001165046241976267, -0.0021462058541975816, -9.442100897198407E-4, -0.002392969430786102, -3.8787410846503694E-4, -0.0030479878078572983, -5.757850842700676E-4, -0.0010838178450639857, -0.0021592936044394604, 7.489929133937105E-4, -0.0010926540041017912, 0.004884192248156248, 2.5259260385878773E-4, 0.0019984989332185363, 0.0012049358595711789, 0.0011282813071819228, 0.0011555313830411986, 7.775157509607122E-4, -1.6533621853214526E-4, 3.325676639886658E-6, -0.0010480650326181525, -7.321757323133209E-4, -0.001371384151921443, -0.0022780556563834964, 2.133336319093114E-5, -0.0035081635503413713, 0.0033386436162929716, -0.0020011240192525093, 0.006236315483428842, 0.0024686312164448913, 0.010344661645672675, 0.003809385236352881, 0.013461505056338335, 0.005902522240233548, 0.0141835491366647, 0.006407323417976209, 0.011974072637616625, -9.849611883309044E-4, 5.743228036311535E-4, 0.0010926585743379809, 0.003547684332702877, 0.004963708715126157, 0.006355380258665361, 0.007929583569780262, 0.008448948915559383, 0.009092732360479987, 0.006871025783422441, 0.006923911865871808, 0.0012026318855988159, 5.64716741184736E-4, -0.004988284162511582, -0.0017110331943826025, -0.0030545167892685873, -0.0026253433790585155, -0.0022407060148690395, -0.002010439458632017, -0.002507524949755078, -4.05999558862146E-4, -2.5867034426197094E-4, -0.0014854694768130017, -0.0018893583102519164, -0.0033390875080964765, -0.0038201593727071616, -0.005201024620309145, -0.005323623556508452, -0.006369787027004684, -0.005571262003917088, -0.007289043555749452, -0.006167180590225114, -0.006953135365833316, -0.004933341719986071, -0.0025921403870512215, -0.00118019756650756, 0.0010375430708940002, 8.584745011875255E-4, 0.0016403761359941576, 0.001054219289473508, -2.520858320018218E-4, 1.8461697657065992E-4, -1.5768932749621686E-4, 8.42595656917565E-4, 0.0010775941641557696, 0.002440878132832259, 0.0029725385318827785, 0.005420412367983237, 0.005300195074552459, 0.00836520496987248, 0.008536937657706094, 0.011031873897479814, 0.01109983844030736, 0.012394921077835049, 0.008530291275691547, 0.0024263254231466544, 0.004027735209136407, 0.004230847878553564, 0.0041201308071998465, 0.00431109152773956 ], [ -9.414707644772879E-4, 0.0017445685328891286, 5.60436073325606E-4, 0.004859975597550485, 0.0051650147466718605, 0.008725426025692257, 0.009389088918013676, 0.011498477114633, 0.011236705264514493, 0.013115112927285939, 0.008507483436301207, 0.013022504746374518, 0.006363209101638769, 0.0073188472672804815, -0.003393084506639593, -2.970269607787512E-4, -0.004746539924276365, -0.0014974561145121854, -0.004443443756283217, -0.0029369100625797912, -0.002561627245709176, 1.3234906769111658E-4, -0.0013809597450470923, 0.0034407622410497257, 0.002113884760700186, 0.008637363971425838, 0.005752817875163717, 0.015404972977088458, 0.00761774512010307, 0.019236978280873316, 0.011363226492850157, 0.01814819348100978, 0.011496700829004702, 0.017299707052136848, 0.008121430810796929, 0.011060953328601792, 0.007555970386113805, 0.013834114710489778, 0.007407561856429657, 0.012328524317979383, -0.0032278151333665524, -0.002947800746127374, -0.002354112601519658, -0.002961094550134792, -0.0031524384943386772, -0.0019282615637851812, -0.0037066863949134087, -1.6012648381719813E-4, -0.005553858674675057, -4.42622272992878E-4, -0.0029168642289238147, -0.002861149842690036, -0.0019674020034547903, -6.752947265371749E-4, 0.004770718720989819, -6.391220405497193E-4, 0.003765954932835643, -3.272436620894634E-5, 0.0017993363142881772, 7.529731489101685E-4, 0.0016525295530130618, -7.506112823964526E-4, 7.315036742845592E-5, -0.0013124026360910577, -0.0014252790665258254, -0.002069206176284432, -0.004216031245514274, 4.4821770507364736E-6, -0.0057374756413206265, 0.004860156389903619, -0.0028320815016091667, 0.008402128292804586, 0.00418784063221089, 0.016222523423779212, 0.007601435880404026, 0.020097903910417877, 0.011958431522760427, 0.02170817799568662, 0.012196829035060452, 0.018864094789189947, -0.002051523497747142, 2.2513000225813252E-4, 0.0010895278140854862, 0.0046592387743479525, 0.007058218775831366, 0.010057966634008937, 0.012635838733338713, 0.014072840872276742, 0.014664075803127948, 0.012283381990360682, 0.010770898641309777, 0.004356840912905582, -6.824479305017703E-5, -0.006787033175947404, -0.00562116170006453, -0.004432507968474284, -0.005482733234873674, -0.0039139488761819035, -0.004346271103898327, -0.0043666502731118245, -0.001168372610414583, -3.4014422524310413E-4, -0.002677203908819579, -0.0028680558279604584, -0.005533615735084908, -0.006181632590578205, -0.008859713685504584, -0.008680143275149375, -0.010929770392102134, -0.008792935121980042, -0.012270622192162435, -0.008983963208295486, -0.012255447534643131, -0.007661241017091134, -0.0050759481577969685, -0.0025893597616841336, 0.0015557766500577976, 6.55652459972188E-4, 0.002387344237156807, 0.0014274822271438151, -4.425510378040033E-5, -8.084641365925273E-4, -1.1155568365665386E-4, 2.3491607874572484E-4, 0.001144400473433116, 0.0025783595457985033, 0.003737969928524259, 0.007999164384303342, 0.007839638389164268, 0.013390434477444818, 0.01325432737888696, 0.01737586802110643, 0.01768045066368632, 0.01934958933021104, 0.014399653530001586, 0.0024622146891867635, 0.005774942004750962, 0.005526236490204063, 0.006250423474799248, 0.006387342609055174 ], [ -9.39308308897687E-4, 0.001368424573449058, 0.0012093531964779219, 0.005181961923605751, 0.006702316872540524, 0.009389088918013676, 0.011875661999999584, 0.012677777582808988, 0.013823140828154395, 0.014415038783362602, 0.010963915909579576, 0.014020569458669526, 0.009069741147726643, 0.007778343048787233, -0.0022463150455629454, -9.65237735799044E-5, -0.004030321795407727, -0.0016537219376550959, -0.004117025435207663, -0.003106470377727365, -0.0032614690104733374, 1.8471863096754015E-4, -0.0016158889243131935, 0.0039196211801827505, 0.0029342939093760225, 0.009266332173667235, 0.007690067524269885, 0.01711755199694815, 0.010215504707727812, 0.022343531992375435, 0.015500061327076764, 0.022091594789044287, 0.017090585891555106, 0.02123273403110346, 0.012146588612712304, 0.01608289760826675, 0.009635721725404884, 0.018939997962473393, 0.010270509100075582, 0.016281332656113992, -0.0043416260868871515, -0.0029143469066660785, -0.0036389902501338866, -0.003090965563128642, -0.004114381309924569, -0.002271425873090988, -0.004440185479540171, -3.197079012366732E-4, -0.005792808930220428, -1.1671569607042773E-4, -0.0017903001210206352, -0.0022152265726196694, -5.144805258567849E-5, 4.416096453391371E-4, 0.0062069146485189165, 5.650112677721128E-4, 0.0026906295066079933, 0.0011921314583620396, 0.001646273467832086, 0.0010495949777498867, 0.0016723850638294473, 2.2790140116106603E-4, 2.2880782160261505E-4, -0.0012703416252614424, -7.744948362115648E-4, -0.002457135556290954, -0.0038114043905451127, -6.495744436698816E-4, -0.0060900194493247895, 0.0053820891333239635, -0.004442816918413169, 0.010717660725208187, 0.004229364310194049, 0.019830845787172383, 0.009823356341425966, 0.025851156012094, 0.01482263622287856, 0.027391284602269247, 0.015101744082465281, 0.023723955852315952, -0.0022284719228061398, 3.7125893214228026E-4, 0.0014487984426120532, 0.005514890980311889, 0.007953824291796923, 0.011169689485684439, 0.014285655814342935, 0.01559622242660662, 0.016665568544759743, 0.013449674360703958, 0.013361288535089557, 0.004377705697313479, 9.029841042061683E-4, -0.00837829669045303, -0.005736042972439143, -0.005880059476603297, -0.006112774164677912, -0.00480580395888134, -0.0050455899058650215, -0.005564170095085536, -0.0010705088222545912, -5.853617058467704E-4, -0.002888283403738366, -0.003396590817828683, -0.006276245224932096, -0.007362494424076224, -0.010300490067579325, -0.010469332932075833, -0.012686825858185919, -0.011069897726414618, -0.01447429516945482, -0.012380063827954604, -0.015260223095855188, -0.010494728326735767, -0.006695744473130108, -9.299066713385745E-4, 0.0014771876875546116, 0.002415570049445928, 0.0030128656375029844, 0.0024615487157511706, -1.4243160810169605E-4, 1.0753016259917594E-4, -9.423571653509864E-5, 0.001202938504434216, 0.0018728028301296601, 0.003911086909777203, 0.00517188249156741, 0.009733234304800985, 0.00967952228545994, 0.015608809914570329, 0.015580760419969364, 0.02078055517634043, 0.02098508192526062, 0.023953600308136123, 0.01607047095953276, 0.00506187165670006, 0.007648418408765609, 0.008038332840562028, 0.008160173760447684, 0.00842440327471346 ], [ -0.0011745914327058488, 0.002258063408292319, 7.887205999525547E-4, 0.006110331024991456, 0.006788079226116344, 0.011498477114633, 0.012677777582808988, 0.016130218082494235, 0.015045845301929366, 0.01893446455563167, 0.011351959986288858, 0.018678385805804172, 0.008666143248794342, 0.00946142569008597, -0.004469649875616776, -0.0016522726441727243, -0.006807031217949534, -0.00214723651929229, -0.006666847378698708, -0.003917739068626566, -0.0031570315233469134, -5.786836059294256E-5, -0.0016977415581944755, 0.003938936742362688, 0.002677216929442812, 0.01056453822491291, 0.007727502794039004, 0.019618452796308895, 0.0100791394375658, 0.02519651103720204, 0.01346721811968964, 0.024796771647783128, 0.013624282036399987, 0.02420144628122233, 0.008748351286659729, 0.016150666095295897, 0.010138062716119538, 0.019820764225833638, 0.009773966015463284, 0.017314245123085926, -0.003945254574688795, -0.004025493818218604, -0.003002786725758688, -0.004299391534789366, -0.004436340258555937, -0.003168688386426644, -0.004966575425698816, -0.0015388341094506976, -0.007147060640508571, -0.0022370510745245223, -0.0037977722822923297, -0.005309584644301168, -0.0025753884190953123, -0.002109231047577451, 0.006804755070499624, -9.719241867426312E-4, 0.006016043759800344, 1.6618638601109583E-4, 0.0031273605639364635, 0.001220292870087214, 0.0018922223098090103, -0.0012370510548046863, -3.242165859334518E-4, -0.0015402088324138511, -0.0019689516603865627, -0.002431658637411341, -0.005701105977840144, 1.2942865152226686E-4, -0.007717990622318368, 0.0065768622356401326, -0.00433494909507338, 0.012463131414376846, 0.005192868315360214, 0.02458632172855765, 0.007610822993125672, 0.030132486510773018, 0.015140422421414126, 0.030494885708630383, 0.016048447010882823, 0.025863522018970384, -0.0026472932973547907, 2.4095823311717578E-4, 0.0014504884187651276, 0.005977555357804822, 0.00941904973222209, 0.013277596056233165, 0.017398579134718407, 0.01906334609438173, 0.020103090467368603, 0.017063697386083345, 0.014680918703606393, 0.006405130407950013, -0.0010318970250333599, -0.010135243533962947, -0.008401877147595539, -0.004756192585566034, -0.00731420264872989, -0.00476897744113908, -0.005959971337471243, -0.005689280952793252, -0.0017805371099917765, -6.284780835893355E-4, -0.003460638171423149, -0.0038235665907550595, -0.007254832971474194, -0.00844607377907167, -0.012304319967610432, -0.011952071969525106, -0.015060940780793201, -0.012273006847409354, -0.01670756586596362, -0.012277326673045607, -0.017090318169955033, -0.009283398356173827, -0.005669662522114479, -0.0018994038013631124, 0.0019620834166208813, 0.0012509929496318931, 0.0029173852038316423, 0.0018490257278423448, -4.419069883760795E-5, -0.0010542490265609804, -2.342735090846486E-4, 5.964822606722067E-4, 0.0015963054001095862, 0.003779098213643718, 0.005383584145086653, 0.01104794385137544, 0.011047857979768204, 0.01838534222289264, 0.01812845694351492, 0.02400054445861563, 0.024817273408563115, 0.0282245946743638, 0.019192076509990184, 0.004830286262779948, 0.0076594827156359424, 0.007901294374344978, 0.008603769382623899, 0.008848660345005574 ], [ -0.0010325566694252767, 0.0015933223501111986, 0.0013238506841067622, 0.005955781978683313, 0.00759226570629783, 0.011236705264514493, 0.013823140828154395, 0.015045845301929366, 0.016501281413754842, 0.01722169034481937, 0.012794158313964044, 0.016694585050330772, 0.010954593711404531, 0.009125723180249973, -0.002385300109872115, -1.1509693127026476E-4, -0.004897411327556669, -0.002084835891397269, -0.005380383336656449, -0.003874176752200628, -0.003712002652834304, 1.7824736886902894E-4, -0.002072944273193358, 0.004511156441204972, 0.0028317156443052947, 0.011023968475116193, 0.008234538116224054, 0.020541055383109786, 0.011029072900945566, 0.027048352369581558, 0.01755328670779719, 0.026518447002728276, 0.018835617371299344, 0.02559742307083463, 0.01295588300093501, 0.018729717837463224, 0.009932028187587177, 0.021510719643954145, 0.011125533125758225, 0.01829079804307107, -0.005043323487455443, -0.0035832949246968845, -0.00434384516116476, -0.0037888115033695106, -0.005139474403172004, -0.0029527485341120634, -0.005748777588353441, -3.151908053463772E-4, -0.007997194613031574, -6.945875215650429E-5, -0.0029908311695293396, -0.0022730265919210756, -0.001314439464725674, 0.0018671108396986474, 0.006743913224937055, 7.201104978519515E-4, 0.0037531767549259837, 9.965919170181E-4, 0.002487419373233063, 0.001203446422846291, 0.0020606127293039686, 4.0444631237745586E-4, 2.4351166364383508E-4, -0.0010433909340706671, -8.000147693549456E-4, -0.002718439138919045, -0.004577646718382096, -5.310213416398561E-4, -0.007507562062728092, 0.0064991822266294574, -0.006138486102828827, 0.011562760549148475, 0.0037577815438069187, 0.021957640176934228, 0.010942949755229851, 0.029104767024051403, 0.016403558620158055, 0.03127024801233992, 0.017106676187158703, 0.026926278001335076, -0.0026449044759708972, 1.3025404226961208E-4, 0.0015808268748828155, 0.006120183997116545, 0.009145631351247257, 0.013187290930898085, 0.016847899114177663, 0.018534003042204757, 0.019896723478413335, 0.0164085790368478, 0.016883714845198947, 0.0064324300230210515, 0.0027054659221611233, -0.008830756441213027, -0.006235194035388296, -0.007176318728855692, -0.00694969154937096, -0.005556958771874501, -0.005698645767015325, -0.006309171546976362, -0.001069420437390816, -3.8582837436008867E-4, -0.0030856956979447127, -0.0036451859658286298, -0.007037262344347743, -0.008330076416336901, -0.011845835078896447, -0.012005988993419224, -0.014747714704933218, -0.01248439258485246, -0.017034207603533306, -0.01386000917069314, -0.018850972523008977, -0.012675259371348589, -0.009781818688391461, -0.0017309959678935688, 0.0013693612849293283, 0.0026633703756158388, 0.0035327284459737195, 0.0028395239289273574, -2.3092400957795808E-4, 6.0515794482717325E-5, -1.9354748351079826E-4, 0.0013635804087803825, 0.0021032724304650757, 0.004387043342317272, 0.005785082975613642, 0.011398849351981278, 0.010900481549605061, 0.01836028228964793, 0.01779899291707652, 0.02405626408068679, 0.023792799927438713, 0.02762042879524627, 0.018765511591917573, 0.005308431504479988, 0.008602801646801942, 0.009033314047870547, 0.009479463425218979, 0.009550973231101791 ], [ -0.0014318013344870784, 0.0026084010491470733, 6.593446011515994E-4, 0.006548277551555286, 0.007383136908481334, 0.013115112927285939, 0.014415038783362602, 0.01893446455563167, 0.01722169034481937, 0.02283662582897711, 0.012620679302046668, 0.022864151779131082, 0.009542649230468703, 0.011447748276446595, -0.005510180529406743, -0.0023543525159283388, -0.008175238963988557, -0.0024107658038128965, -0.00842856639897471, -0.004416118278957954, -0.003722480654148079, -3.262363925898803E-4, -0.0021591716522284215, 0.003932017300738232, 0.002620475900067928, 0.011777826275834711, 0.008720491445526151, 0.022816978684293793, 0.011375393947962229, 0.03035952342529328, 0.014573823165927396, 0.03103749774157053, 0.014185324322504125, 0.030669669043687814, 0.007493941693131011, 0.020495271614532656, 0.01094304009427937, 0.024259481874042525, 0.010965100350682103, 0.020811178150842085, -0.004465857907256506, -0.005109644816728388, -0.0033716026068702177, -0.005257674518167847, -0.005226885423515033, -0.003867801410501303, -0.005600914665318665, -0.0018884944336854696, -0.008163478972173933, -0.0027024653309502813, -0.0041658825704592025, -0.006067490163474791, -0.0029636210577316867, -0.002088003050012434, 0.006321577231222748, -0.0011229103691817134, 0.006188461100986721, -2.3305193011156607E-4, 0.003268088926619608, 8.341087708345699E-4, 0.001981790759309101, -0.0013317443697083342, -4.927286543294144E-4, -0.0015097446854085233, -0.0020143035697690027, -0.002709144445989844, -0.0064700796490805845, 2.051586040694224E-4, -0.009204953032281415, 0.007893424479628548, -0.00605151964847787, 0.015372449982826282, 0.004748261994239226, 0.030884255857009473, 0.007635877752406404, 0.03750111307570915, 0.01805449813268406, 0.03675982113476156, 0.01969998313404789, 0.030966357507549877, -0.0031155524433483742, -3.5807577414275903E-6, 0.001309793061163747, 0.006334053546717584, 0.01045135397884577, 0.015036022009242464, 0.02016261447494193, 0.02200159531806635, 0.023399850424410354, 0.020154396631425854, 0.017493369154006663, 0.008291134352240482, -0.001251987784896809, -0.0121184226263333, -0.011348465411928335, -0.005273621957691187, -0.009036564540149405, -0.0055814788829250455, -0.0076167787430716045, -0.006855292610974036, -0.0020789566991913804, -7.308407433433829E-4, -0.0037269746830991975, -0.004226137664237262, -0.008077249708087188, -0.00966402838599347, -0.014412317131117968, -0.01394748085399158, -0.017704926599245736, -0.014353483237153528, -0.01982819420446336, -0.014481682179200112, -0.02136206681407564, -0.010946552622689685, -0.00673475005690868, -0.0013185017446546825, 0.0023757927353914503, 0.0018857734625640776, 0.0034391664615375473, 0.0024504201728990024, -6.236902908787019E-5, -0.0014670204859761006, -4.440203710687205E-4, 4.647668232797914E-4, 0.001594426419324361, 0.003977905843312964, 0.006080468632838599, 0.01255068282942149, 0.012760341896532159, 0.021331504985037344, 0.021047068916275908, 0.028180417329065975, 0.028977555906058963, 0.03403369882913295, 0.02210970960257547, 0.006857197904018041, 0.008280923831018012, 0.009746920039396744, 0.00996609497132429, 0.010541035481690967 ], [ -7.369896108774267E-4, 0.0011119363201827512, 0.0012989302342389859, 0.004866306723404297, 0.006293011435138415, 0.008507483436301207, 0.010963915909579576, 0.011351959986288858, 0.012794158313964044, 0.012620679302046668, 0.010539944401916985, 0.011701908662337916, 0.00899986174452533, 0.005925367319657844, -9.913626418853088E-4, -6.095763731604217E-4, -0.0031863929442383756, -0.002048584744458185, -0.0032031306298598563, -0.0031616351496111324, -0.0027009178422233125, 3.2278258775024406E-4, -0.0012485996894162578, 0.0037897481073980274, 0.0027800191969160728, 0.008095896746637863, 0.006656670748206507, 0.014310888189338865, 0.008523145138531186, 0.017819730322395907, 0.013073453845612829, 0.01638159610782472, 0.015079649024052913, 0.015394350863624309, 0.012398188370757932, 0.01214077654845953, 0.009094031788809517, 0.014715481056198913, 0.009164210520860359, 0.012909426026835908, -0.003745772726665148, -0.002094414200032032, -0.0033528108458802607, -0.0025186501145543975, -0.003937267588185603, -0.0023113447106967422, -0.004781478530008591, -0.0010918974039990492, -0.0064196569849245735, -0.0012777535850849956, -0.0032010847100278116, -0.0032361995862778058, -0.001439523196010667, -4.856672149255864E-4, 0.0074004109472193364, 0.001198454411413827, 0.004396286485101841, 0.001973909674706481, 0.00301222887806796, 0.0021522145423869534, 0.001611282934563703, 6.654148222086723E-5, 3.0619072048632405E-4, -0.001303208670704523, -5.252904951987443E-4, -0.002192373284370128, -0.003061087860391475, -4.80193254023438E-4, -0.004742700666848468, 0.0045893622292836975, -0.0030540790934065008, 0.008525399119648315, 0.004886981881678507, 0.014795278285236885, 0.00846261294922284, 0.019645930592384425, 0.011414507242283989, 0.021546145053401525, 0.011169403825064247, 0.018434614764976733, -0.001841231753973422, 5.333324149518531E-4, 0.0016581110136517758, 0.005424023791970483, 0.007548225795198211, 0.010447888817423642, 0.013191876122549698, 0.014251813586940137, 0.01522205111023419, 0.012175940172844105, 0.01209992476160638, 0.0038140038740101683, 0.0013667459237034644, -0.0067951732556366575, -0.0026368128377771928, -0.0048936429413300375, -0.0040873255305233286, -0.00370820691012704, -0.0031614651436394393, -0.0041093493244643555, -8.333816229339385E-4, -3.2822161887988263E-4, -0.0025633412157764768, -0.0029758054693046695, -0.005672441831569186, -0.006586829099823199, -0.009029080483806936, -0.009176927638362538, -0.010984675014906431, -0.009492515790649417, -0.012074147061731575, -0.010280260513122055, -0.011884997085604417, -0.0084662535394016, -0.0057050100761426754, -0.0014566433905975622, 8.250964156560367E-4, 0.0016134601788121254, 0.002352831901614433, 0.001655258702998621, -6.506862614715186E-5, 4.825951460833227E-4, 1.7686172687835536E-4, 0.0016087351296209728, 0.002288493344473065, 0.004302117700855858, 0.0053375839916543905, 0.009406704090886463, 0.009208781771373539, 0.014257289828948696, 0.014033747913153668, 0.018282419504605293, 0.018729304474917635, 0.020398899259955538, 0.014267342672289986, 0.0034002076548628503, 0.007299999278353099, 0.0063084941642112275, 0.0072732365886342566, 0.00691269990143774 ], [ -0.0017991612606821383, 0.0028495418026288116, 2.2573700247345194E-4, 0.006397241682551139, 0.006925943687585457, 0.013022504746374518, 0.014020569458669526, 0.018678385805804172, 0.016694585050330772, 0.022864151779131082, 0.011701908662337916, 0.023887049766049544, 0.008186450536450934, 0.013293148278379886, -0.007094384751052401, -0.001284941993208759, -0.008410430009508823, -0.0017317185504042137, -0.008730718915187901, -0.003932128634056067, -0.0044234535262305825, -5.228814992319702E-4, -0.002608459426177155, 0.003732971506680696, 0.0024599973839918637, 0.0123915682288316, 0.009314456929413314, 0.02472291982606879, 0.012624703847304032, 0.03396610567574555, 0.01659838011426091, 0.03626577115223542, 0.015471908370357682, 0.03595212183392317, 0.0063651713045382655, 0.023671497937075677, 0.010923275930063689, 0.027355610033781286, 0.011630816214916417, 0.023306358627071647, -0.004958101064682374, -0.006014527890523346, -0.003342536715829361, -0.005546972937347555, -0.004778357658942782, -0.003223188939689576, -0.004434650079739111, -1.305103093815125E-4, -0.0064375757740145175, -2.561656304896861E-4, -0.001917838391246554, -0.003614568980310523, -9.947887758580839E-4, -5.338201393218136E-4, 0.00311873967579876, -0.0017336236496211885, 0.0024333404822398474, -0.0014624864021078464, 5.423736078204815E-4, -0.0010609946815713193, 0.0019786448531798617, -9.567987859786617E-4, -2.8692736960154596E-4, -0.001530034367659722, -0.0019449884246232217, -0.003032781421419363, -0.006622568717844281, -2.0573363125164296E-4, -0.00988636649960934, 0.008120958536317084, -0.006849668918322078, 0.01688205579053226, 0.003895538566950836, 0.03461964060751301, 0.010130286799033399, 0.04168904526394407, 0.022439392363268962, 0.04084863623893298, 0.02419657115120344, 0.035248529881283276, -0.003471461437198524, -2.5186817914759176E-4, 7.101904622199393E-4, 0.005803004547939797, 0.009805274213514764, 0.014547155806360798, 0.019532061507645117, 0.02159838734965294, 0.02286616240720133, 0.019753755896053864, 0.017032556083833243, 0.00812067312177971, -0.002183956847895735, -0.01293914886997451, -0.015098305305147488, -0.0063626077943571635, -0.011