{
  "weights" : [ 0.6174938667261753, 0.6089904716651634, 0.6232181329947396, 0.5944550381711698, 0.62920941466571, 0.5849350709028056, 0.6180293929958727, 0.5798800662429242, 0.6211252581430964, 0.5751454070127465, 0.6210219483848355, 0.5895975630605196, 0.622753442911994, 0.595642695030833, 0.6065780300236683, 0.5686876507522022, 0.5667900295069492, 0.5916057454391215, 0.5376328072807566, 0.5761063603943107, -0.3261238908136465, -0.37837613828275873, -0.31304841776184233, -0.41275987011574716, -0.33226277446901503, -0.4429700138362074, -0.37441319735484174, -0.48040158075851724, -0.4129848933345408, -0.5424156825997386, -0.41836405577811303, -0.5708786635739576, -0.4225278630599935, -0.571812410225272, -0.4168331272799416, -0.5429109142406349, -0.434897945730157, -0.5545429931871655, -0.46652481944842883, -0.5138295049740824, 0.6373195405641059, 0.5950959393039267, 0.6436222630888074, 0.5890224674728054, 0.6243077336406161, 0.5720397805686138, 0.6022478458994771, 0.5352384562338802, 0.5652649641426222, 0.48532047458375227, 0.5314413656020545, 0.4270984028292515, 0.5300351809601406, 0.42994385158281767, 0.5518311988109613, 0.4763198172715677, 0.5538220208073651, 0.471200757648502, 0.5559055958316497, 0.5055665869804901, 0.0620420521446203, 0.09223075269960561, 0.07974136324180188, 0.10682645488935057, 0.11293390377964596, 0.14562466321765902, 0.16303154116246862, 0.1893987755721268, 0.21750642591538685, 0.2241695292393102, 0.2710480338594419, 0.24024718962796962, 0.29164746005155817, 0.21375638210943437, 0.27887995817809297, 0.23968268246070354, 0.2686115462702518, 0.22230696673635636, 0.27396054316339913, 0.2574009567587166, 0.790639263342242, 0.7085310195026262, 0.7588942465686477, 0.6289776715098535, 0.6791244759331979, 0.5304938571010489, 0.5314750646993345, 0.4165679417507885, 0.3700540483590853, 0.2708661675482368, 0.23451446562024567, 0.1375876302120623, 0.12727695062396938, 0.06580135559863753, 0.08427427647783009, 0.033663293327938965, 0.06198033666713151, 0.042472190215313926, 0.0488980667354946, 0.05333637561439341, -0.6857001561267734, -0.6853508805666895, -0.683497019256747, -0.6690433758777955, -0.6647746145609127, -0.6401458909945633, -0.6156461837175564, -0.5924594593771506, -0.5331226923395033, -0.5037627203270743, -0.4243074040412367, -0.38128620548998626, -0.3209724171006338, -0.27373961906029015, -0.23185884030518722, -0.18666543039887784, -0.18158475333429175, -0.16101371452512947, -0.1602877334327696, -0.14662522578563353, -0.19888451477066674, -0.21402512585795, -0.19024462441423567, -0.20444950786373875, -0.18851801476660854, -0.1946197683138793, -0.16803711562638257, -0.18658033217980005, -0.12854626977717215, -0.1601321723961212, -0.07753806524377925, -0.11505128543744525, -0.02397226196976976, -0.070820640656825, 0.017053175666306358, -0.02097591361333611, 0.01896072560831227, -0.028387696068472062, 0.014506378757533316, -0.02144425442148282 ],
  "covariance" : [ [ 0.013440371285843394, 0.012676551719566916, 0.012933475377275324, 0.01060728906529947, 0.009599139908919729, 0.010337472465655936, 0.006967330336745297, 0.007081850825336264, 0.004712392703318398, 0.0022768831503566078, 5.531573658655956E-4, 4.6317246678581603E-4, -0.002180868181411842, -0.0010193826369102924, -0.0033423736457426456, -0.004350296419463489, -0.004789372710206898, -0.00280778724800718, -0.00669881660730379, -0.0032510126179912525, 0.01016933134566321, 0.004687027260170362, 0.010273293771834826, 0.0033906219229744043, 0.0073923341652010355, 0.003859147543940881, 0.005034400129908948, 0.0016324507045928508, 0.007632147824419228, -0.0015207223172796654, 0.008142238545755822, -3.6917613415743546E-4, 0.006470612324743562, 8.143322075882525E-4, 0.006880937183586657, 0.004101758145091339, 0.002904025481597939, 0.004429944629800569, 0.004785921193019026, 0.003382567604400938, -0.005783129687207744, -0.009980623766766943, -0.0056092376865523545, -0.008413151702524997, -0.005570243718727143, -0.007901629832847812, -0.004356525003324393, -0.007736521724021096, 0.0012153704753629197, -0.0053592911692063126, 0.007311479596583677, -9.377317580978993E-4, 0.010385840341995741, 0.002752854051175562, 0.01295839709263531, 0.008439361238098948, 0.010968787419078826, 0.008985935900890111, 0.012106416357693547, 0.008400544461864933, 0.005846070437748746, 0.0018739235460828528, 0.007284816142494428, 0.0030322774414221487, 0.0063502016293161155, 0.004193469090458178, 0.005486905275224596, 0.00445436557814487, 0.0064439710225017545, 0.0030027961609157476, 0.0050592988358269305, 0.0037535878477552224, 0.0017088011498766697, 0.0035072140311118404, 0.0038867881509074605, 0.0043176103573311945, -0.0019492037301070322, 0.0015458024977353106, 0.0028907242134302174, 7.062806364831164E-4, 0.017082973439052396, 0.01397418009013993, 0.015494533094996566, 0.011344246767594983, 0.012223630044055248, 0.009281656378280238, 0.007536928893869475, 0.005809153727757448, 0.0077059639920085705, 0.003432511763393031, 0.006187472703073769, 0.0048353996778733475, 0.005015882995862257, 0.004005238820957491, 0.002752365537160396, 0.001964495510817874, 0.0018364742880463511, 0.0023603563097835223, 6.56712062628022E-4, 0.002028901064529151, -0.006618743476951705, -0.005782319251689952, -0.006825638141812805, -0.005968351105467079, -0.0068543388974513595, -0.0056141023626679375, -0.00682748260168953, -0.006031861759761134, -0.007643669185713267, -0.006410350342049983, -0.00554874212664948, -0.00784146005898432, -0.003348676478980088, -0.006187340508218122, -0.0021753121744334156, -0.004458822638570267, -0.0023414332282815143, -0.0033131335754459715, -0.0021415638857548544, -0.0024545582668194874, 0.01864973646474408, 0.01632141451245918, 0.018370400594884376, 0.016471375439401772, 0.016812235302504846, 0.015500529096968177, 0.014986214240481872, 0.013265482536305445, 0.013370500778886536, 0.00990815083033477, 0.011303097034428007, 0.0039426521421205615, 0.007508960108047999, 4.433121092834348E-4, 0.005559590626538226, 0.0021787073489426875, 0.0033575766421959892, 0.0022018922677462054, 0.004610142563489962, 0.0027491133967694156 ], [ 0.012676551719566916, 0.012519709058732549, 0.012172238280250639, 0.01016769660269461, 0.009414911211910683, 0.009406638425824844, 0.006609227772957998, 0.006351220275177269, 0.004175405851009902, 0.0018428484413603211, -3.681689633553076E-5, 2.5090924366687298E-5, -0.0031663221631474405, -0.0015174873378030597, -0.004477778847582116, -0.004125943563281982, -0.006389318171054844, -0.0029644457273624754, -0.007183626319877654, -0.004201870948886127, 0.012048522490243812, 0.006959551353708833, 0.011874061561650428, 0.005640820151042977, 0.008785025137315714, 0.005779421641953893, 0.0068135365976925225, 0.0032059962005164954, 0.009314238181523675, 4.535381839964735E-5, 0.009808591985581027, 9.41409988642747E-4, 0.00836979105219731, 0.0011754163861372935, 0.009739809761377399, 0.0028536658553321927, 0.006699190340359488, 0.0037528765491304963, 0.006600706341148022, 0.004321711041021674, -0.004503056320827057, -0.009015769525559861, -0.004471629340785032, -0.007325361407237167, -0.0048842294201532025, -0.006429340546136144, -0.003808693316968809, -0.006106981778142654, 0.0016854916918237033, -0.003790992127982674, 0.007721254184679935, 4.000509673192121E-4, 0.010620714491555017, 0.003614394385563316, 0.013328240189877615, 0.008045198455571492, 0.01203636941377068, 0.008245407723649349, 0.012438578790011898, 0.008541941487262363, 0.006243566633837189, 0.0027726805824901187, 0.007938996513898604, 0.0044107914007984195, 0.006943963693193026, 0.005736902282259367, 0.006786560709189279, 0.005486183632079223, 0.007923316903474855, 0.00396007364467033, 0.006515711139203146, 0.0050931363542201236, 0.003835800119140009, 0.00503175441962193, 0.0063570808910729595, 0.005335074928910326, 0.0010230163323046032, 0.0035596844124641, 0.004737197187260723, 0.002925559216324632, 0.01703519021243263, 0.01344745433161896, 0.014992665832733187, 0.010400949125926135, 0.011536501631810582, 0.008182046066594239, 0.006514045548550917, 0.005034167352671527, 0.00671117487090952, 0.003070932257625426, 0.005711520024112086, 0.004404210344325999, 0.004865550831524966, 0.0034132848688795867, 0.0027926122653014686, 8.976378573045318E-4, 0.001988357579897055, 0.001323561445354581, 6.534071897046669E-4, 0.001343902226740195, -0.007511372079147427, -0.006602797584755767, -0.007853748507385787, -0.006691912093090242, -0.007847200671724076, -0.0063200357733228536, -0.007365733724668621, -0.0067081642917842495, -0.00803825512539191, -0.007059123632049123, -0.006103868271162542, -0.008388954879115035, -0.003773715383013127, -0.006920263507416206, -0.0022608872182622495, -0.0047863884241558085, -0.0016530470457145857, -0.0032514287406831, -0.0019499233052947768, -0.001984876969239455, 0.020305401568626598, 0.01782843118799844, 0.020093679798572336, 0.01805163486197292, 0.018138078861976395, 0.01726199757899125, 0.016123959576032913, 0.014994409459598896, 0.01437339537535206, 0.01153452194781091, 0.012167881815683871, 0.005485181699164355, 0.008483451535578813, 0.0017399861725650228, 0.006588597730862248, 0.002535874618716131, 0.004937398329258533, 0.0024783623937123843, 0.0056249150167492126, 0.0033621101400605324 ], [ 0.012933475377275324, 0.012172238280250639, 0.012673960508471247, 0.010065387418381182, 0.009644267874691935, 0.009565071168012907, 0.007247076287116907, 0.006365632482028293, 0.005117353228446139, 0.0019312342572580458, 0.0010539276598112777, 6.666523905923071E-4, -0.0019979220164177743, -4.730192743973893E-4, -0.0030707987627432596, -0.003347801321783936, -0.004453313258196129, -0.001872127235452636, -0.006397952995354979, -0.0022974946625781206, 0.0072296312131442, 0.002109252409067079, 0.007380238518467977, 8.72400658307456E-4, 0.0050506462207962274, 8.784499773802268E-4, 0.0032846958813040816, -0.0015927106282409512, 0.005940127085080685, -0.0043839299609978654, 0.0065100044207747985, -0.0028235760871833746, 0.00490903860069353, -0.0012490465220654017, 0.005596648741151597, 0.0019400488750419569, 0.001309183792786114, 0.003117200683849607, 0.002918765827397081, 0.0023021556650908784, -0.0067547551748483765, -0.010703174407408741, -0.006619974719925324, -0.0091578124735109, -0.006352780574967209, -0.00879543547823926, -0.004965548437967928, -0.008869290468704317, 2.4318579266233015E-4, -0.006423208093403334, 0.006169286533470754, -0.002136035453942662, 0.009564009925965433, 0.0016471070204428686, 0.012097786882815683, 0.006970718993948136, 0.010231079026599683, 0.007833082849003583, 0.011345335136478587, 0.007581322905163379, 0.005805019899898273, 0.0012353775253494833, 0.006891024915606306, 0.0020504261077837586, 0.006038961128225571, 0.002529673533466518, 0.005229982925733648, 0.0026544169053861017, 0.005808772907422129, 0.0010714062897303242, 0.004001866947601963, 0.0013995552977521322, 7.581845219345664E-4, 0.0010211180199210593, 0.002662368919740152, 0.0017088090578182896, -0.0035419377615333405, -9.838576696975106E-4, 0.0013623597368918384, -0.0016244394702379316, 0.014904796981294419, 0.01269829136972709, 0.01357620764615317, 0.010515273628154707, 0.010673217838608707, 0.008897559267834327, 0.006572380441110732, 0.005286156596302783, 0.006942062629278782, 0.003120854427219391, 0.005553446823401856, 0.004646701564427742, 0.0045160994642078015, 0.004082673799305955, 0.0024918908201446485, 0.0022794842618463255, 0.001723651148127582, 0.0028404071422581424, 4.6257453599140257E-4, 0.0023822975137658647, -0.005570859078025209, -0.004588050000478722, -0.005533457979482606, -0.004752225465209762, -0.005326142344415731, -0.004467747646702966, -0.005228649466592131, -0.004843287433504546, -0.005826343100702625, -0.005305136385983627, -0.00375768076739971, -0.006674819655118021, -0.0019744701348459247, -0.005231095464889721, -0.0011966191434150124, -0.004248198859722683, -0.0018741491667793268, -0.00329129059795856, -0.0021141202824375696, -0.002614027322945633, 0.016162059529038462, 0.013745926686557235, 0.015859504295028862, 0.013893154211728565, 0.01452447578448969, 0.012903721589639401, 0.012893079780787058, 0.01081458756828142, 0.011381094707872862, 0.007840074582799035, 0.0095404580691974, 0.0024100279677297287, 0.00634247071322024, -5.971904379160847E-4, 0.004727652808604959, 8.740912128513024E-4, 0.0025949226101161407, 9.792880978105557E-4, 0.0037844308721052215, 0.00181719661061657 ], [ 0.01060728906529947, 0.01016769660269461, 0.010065387418381182, 0.008621714327085141, 0.007586472277202305, 0.008342459244165074, 0.005420973798870774, 0.005746177475970481, 0.003508449232640899, 0.0018331207317327488, 9.169663930419384E-6, 2.604025504132669E-5, -0.002170194572435472, -0.0012295737987674216, -0.0034375974290189086, -0.00429017973307883, -0.004621825720836033, -0.0032290731744451205, -0.005841225985528573, -0.003816172506721361, 0.0117356911951774, 0.007692581640745026, 0.0116961870519954, 0.006591281287700018, 0.00946692238858294, 0.006789019014481024, 0.007388249048225904, 0.004980756547815108, 0.009119663365674132, 0.0018705101907676935, 0.00957411333849821, 0.0023033024122058646, 0.007789367495593953, 0.0028927705020560103, 0.008074141496000473, 0.005012261782081933, 0.005742767720015778, 0.0045142636759481726, 0.006759316233068694, 0.004210514498058454, -0.0030737828418089764, -0.0062564170121071055, -0.0029553287579122457, -0.005099409914943046, -0.0029631577717195174, -0.004650239368012262, -0.0021661550383152324, -0.004432965985520021, 0.002238207206186294, -0.0028723460790313522, 0.006991620429515558, 5.69921445261035E-4, 0.008973318869188084, 0.0032220788334012262, 0.011280697253509588, 0.007524318167577892, 0.009947722396554476, 0.007639595063232053, 0.010477859342581802, 0.00733402088763165, 0.004721967441370652, 0.0024124211867864115, 0.006247120282816176, 0.003673393120417475, 0.005678240076375666, 0.004917686607079497, 0.005529809946390556, 0.005263136189388955, 0.00663334832582968, 0.004663565249509432, 0.006053670768941241, 0.0057639452614623695, 0.0032500629714739436, 0.006216917638761543, 0.005353888162118823, 0.006954031829532792, 0.0015849630301241146, 0.004575459360802667, 0.005108186486580913, 0.003916254265185333, 0.0152967296850632, 0.012407279640617594, 0.01369374133142705, 0.009894218570031144, 0.0110995057388211, 0.007832042127285598, 0.006946904370085385, 0.004872266895501727, 0.006886675804029071, 0.002376019322340635, 0.005666369600691083, 0.0033093264530287955, 0.004434632498913464, 0.0024118907965753333, 0.0023484428336978972, 4.927684927825905E-4, 0.001447250110748683, 7.317113957173762E-4, 4.431025977086197E-4, 7.366874429421814E-4, -0.006437788465227571, -0.006094349431099136, -0.0069163425073159555, -0.006329636252211066, -0.007264497486939141, -0.006174468217901754, -0.007412046776266404, -0.006437160804067482, -0.008285155375258356, -0.006542196196303217, -0.006500094388524409, -0.00767560541929228, -0.004106750228924935, -0.006161594046443636, -0.0025259831495321756, -0.0038889361933445565, -0.0018566176812412304, -0.002735824010594673, -0.0014035186667975832, -0.001704353940168739, 0.017566554100940743, 0.016037064941494015, 0.017405662118761416, 0.01610559207228007, 0.016058767979245145, 0.015342694089601561, 0.01446695500103175, 0.013503621144783243, 0.012981324713100813, 0.010578066760538183, 0.01115136120919272, 0.005342553623480577, 0.007608020881593325, 0.0020624063983084393, 0.005927118739898777, 0.003241678710561028, 0.004358733934163835, 0.00304425837486347, 0.005104188123525862, 0.003409029003070499 ], [ 0.009599139908919729, 0.009414911211910683, 0.009644267874691935, 0.007586472277202305, 0.008574033420598143, 0.0062534569838174, 0.006854103262647367, 0.0035905945857309008, 0.0050356430543802184, 9.718188148814284E-5, 0.0016529132254656683, -3.3520193656026877E-4, -0.001757912033028833, -4.6556100714307164E-4, -0.0029616014687286903, -0.002495267593542003, -0.0040559886791276265, -0.001902143748183451, -0.005285965782785615, -0.002738773089517044, 0.006891529176774732, 0.003997684913781217, 0.007072593447787695, 0.002942144357886816, 0.006848042079776625, 0.001147156682395655, 0.0066349653214044894, -0.0021132859123085598, 0.008490711167538847, -0.004551028580655104, 0.008584754851184618, -0.0030790775266846594, 0.006677988895066253, -0.001850681190290338, 0.008088287563978296, -7.714942437245377E-4, 0.006218268032695457, 2.595736190371018E-4, 0.005292666883166279, 0.0021482327443447585, -0.0048119405313354095, -0.007135632630975817, -0.004876108421628081, -0.005850084037339266, -0.004195561438170068, -0.00583656337549205, -0.0026327231913818856, -0.006515581095281571, 0.0011094259395424948, -0.004942563025343769, 0.005547269814177311, -0.0020646582228525585, 0.008102865224300763, 2.4206382180122252E-4, 0.01049996025858136, 0.003745245631463436, 0.009906933377549653, 0.004387017851773198, 0.009961425552914386, 0.005836306576293381, 0.0046379964517954024, 0.00120068742234208, 0.005523873882391179, 0.001759484268499882, 0.005360998719578364, 0.0010849033814043193, 0.006042781333143808, 0.001029970177921337, 0.007065691910189372, 1.0740839425614463E-4, 0.005958525526851349, 6.589821334837469E-4, 0.003468745092311964, 0.0015653585728850725, 0.004822272341217947, 0.0021693173921178066, 2.5564807531470193E-4, -8.475834061737228E-4, 0.0043927696628881475, -4.8245384623707E-4, 0.011350946092227466, 0.010509384194146017, 0.010386152517964455, 0.009127009691877755, 0.009178373401093853, 0.008006804563506489, 0.00669705582151748, 0.0038594348070447554, 0.00734084253199182, 0.001742751149912816, 0.005724824136621823, 0.0026959508836325624, 0.004515807276281518, 0.0019405710602402454, 0.0023316263628459016, -8.451398850866239E-5, 0.001853258459579846, 7.096326805732402E-4, 7.351638309098941E-5, 8.895061284547415E-4, -0.0044075017103939376, -0.004029137436380971, -0.004532676353138903, -0.004442322670679319, -0.004690628273257229, -0.004690774940360889, -0.005375930741624966, -0.004715653704247619, -0.006445775088145423, -0.004961680946881992, -0.004685631732824023, -0.0055270221504346165, -0.00302422029830603, -0.004269883056717958, -0.0010764663723376515, -0.003577291078313937, -4.8165087944766364E-4, -0.0024096670589403776, -0.001123153867922364, -0.0013336998949366567, 0.013645488076583818, 0.012107484495117912, 0.013413557286565188, 0.01219566809259397, 0.01249508616358452, 0.011181679873173037, 0.011249521227194676, 0.009394261787488617, 0.009792524911655897, 0.0069211042514212215, 0.008304771438877532, 0.0026381134242710086, 0.0060392667819086695, 1.853383218170421E-4, 0.005297346030848167, 7.254157209353499E-4, 0.004229615365983284, 4.8299079240101E-4, 0.004682192169470717, 0.0018879602678187433 ], [ 0.010337472465655936, 0.009406638425824844, 0.009565071168012907, 0.008342459244165074, 0.0062534569838174, 0.009018351256740338, 0.004190730950788319, 0.006708591439034881, 0.002626881641256632, 0.002826474864024939, -3.2412122493776397E-4, 4.8380196671653046E-4, -0.0012535270934716208, -0.0010786064454558182, -0.0023279392200970606, -0.004619594478812282, -0.0033098736120695106, -0.003056997743299965, -0.005159605361580577, -0.002972495533294649, 0.011266143634840534, 0.0066658993140623676, 0.011335971734950398, 0.005715644132552256, 0.008375859519067582, 0.007337889188289742, 0.005324143527074696, 0.006799214983929859, 0.006986371715506235, 0.003710085588979923, 0.007778391834306571, 0.0036252728090787048, 0.00629839568938537, 0.004403583311208596, 0.005065685700765484, 0.008175616318615396, 0.00180400547496705, 0.006828071995948178, 0.004962568940039014, 0.004208921781519727, -0.0027773376250672575, -0.006003743200708376, -0.0024389436584703727, -0.00510139356401475, -0.0025735980860046265, -0.004644807279219095, -0.002159656747275411, -0.004109420743739176, 0.0021856121306168775, -0.0026872784188530694, 0.006614303262866579, 7.34724418559035E-4, 0.008212686330820096, 0.0033830132316390905, 0.009736547420695376, 0.00862621423676988, 0.007625166997139451, 0.008760669363176167, 0.008888599941308317, 0.006936584333484199, 0.004103168856073392, 0.0021638589199443757, 0.005618240379954508, 0.003350780766913664, 0.0048651371026517485, 0.00545048228506376, 0.0036030225521527775, 0.006390516357810192, 0.004334093295343519, 0.005860088066675576, 0.004289586460278704, 0.006533788389503529, 0.001544259417717098, 0.006399860965005193, 0.0035229233158551223, 0.0076793102721804864, -7.263859417373851E-5, 0.005444206196618473, 0.0032897891093540362, 0.004149579381690895, 0.01523492179872597, 0.011923005386317497, 0.0137331990609179, 0.009362352343588882, 0.010791761379423673, 0.00717787544931752, 0.006646909124019711, 0.0049316945909128425, 0.006400293891449234, 0.002433839949710878, 0.005209789135205944, 0.0033972571355631127, 0.00398972119266887, 0.002851838680989989, 0.001939241639644533, 0.0015187246072078226, 8.300299743030606E-4, 0.001481122048337264, 4.7220815391559544E-4, 0.0010987697257763755, -0.005979518553942942, -0.0057122568808529285, -0.006438349181587088, -0.005870182527071862, -0.006812602906028784, -0.005472300385303703, -0.006968322501072928, -0.005760644922013053, -0.007772367958405686, -0.005866616338446248, -0.006099435024776544, -0.007212995566957853, -0.003848129873511681, -0.005712469268735439, -0.002882482059942559, -0.0032714549278402105, -0.0028221792586038902, -0.002488867282301549, -0.0015547370888037994, -0.0019234871947878536, 0.01620611798017239, 0.014818035775639005, 0.016118599030820857, 0.014864706403673617, 0.014943062707632971, 0.014302991170321295, 0.013386893895082547, 0.012787428512355078, 0.01208893990893681, 0.009985559349208613, 0.010463523469858703, 0.0049304977585911975, 0.00667505090024398, 0.0016981322213143928, 0.0046911264284998045, 0.0038130348163765916, 0.002658766380924011, 0.0037890332454870177, 0.0038345824410804964, 0.0032941635123301333 ], [ 0.006967330336745297, 0.006609227772957998, 0.007247076287116907, 0.005420973798870774, 0.006854103262647367, 0.004190730950788319, 0.006030786231819842, 0.002043041446171868, 0.004769769601360858, -3.1950595343446293E-4, 0.0019621155693764474, 1.3378383121736854E-4, -0.0010740815426373805, 5.696414789530509E-4, -0.0021153272979686725, -0.0014570106725974009, -0.0021808352643349427, -0.0013238192533317108, -0.0035570106465570013, -0.001572875021074649, 0.003871670887125906, 0.0026553716514685923, 0.0041122032275831095, 0.0018074136375442564, 0.005335011339782062, -6.950846673119217E-4, 0.005907956194152545, -0.003612405712929445, 0.00698354997984774, -0.005317978943552105, 0.006662042524954387, -0.0034802831692143507, 0.004437351696822563, -0.0016825965842936998, 0.0054127676828723435, -9.337199306312764E-4, 0.004403930714538725, -6.515797789587097E-4, 0.004315972167591325, 9.366278471420444E-4, -0.004259337738246664, -0.00485846189469455, -0.004448156046120523, -0.004064425587004974, -0.0031846429585678684, -0.004721158719073078, -0.0015623982568839499, -0.005786767079693166, 7.131537638626333E-4, -0.004698913891693747, 0.0036547571490904785, -0.0026032342319017208, 0.005697210658801284, -7.641459368119923E-4, 0.007856041863523454, 0.0018420847394732892, 0.007449519730987253, 0.0025064331454718964, 0.007637154359298306, 0.0038513582091048385, 0.003108765408833441, 3.018642258083084E-4, 0.003421099592530023, 3.1523962897302295E-4, 0.0037786649065846313, -0.0012359221195629485, 0.004772528593637653, -0.0010455753763818983, 0.00568175940039093, -0.0013075544273709427, 0.004683674687886257, -8.974080296694901E-4, 0.002227656357347418, 2.5972853130991065E-4, 0.0029827136851216375, 6.555808848608903E-4, -3.497818170596858E-4, -0.002593944963556248, 0.004008375865232493, -0.0020164158118248085, 0.007428200823738298, 0.007956527444406685, 0.0071362035580830475, 0.007445220884795495, 0.007040369665303858, 0.006827428835413636, 0.005964539139697464, 0.0029094546722433835, 0.006333251508190081, 8.581972211105185E-4, 0.004688747837903748, 0.0015812740840802629, 0.0034290610788351833, 0.001030081796624209, 0.001659134912888252, -8.448185324647425E-5, 0.0014683311085258316, 5.816570099767118E-4, -1.0228664989669252E-4, 7.571668885235091E-4, -0.0024492168432958764, -0.0022869175038031826, -0.0024961268430094296, -0.0028191585155566295, -0.0026609344324821315, -0.0033053787390193777, -0.0037651677385746166, -0.0032500723854639118, -0.004704679947665242, -0.0032761924781383634, -0.0032323967087242336, -0.0034049279489249545, -0.0020843785304361143, -0.00221859083451755, -4.7252172113604405E-4, -0.0022551890284407583, -1.6243143793909112E-4, -0.0017509036819040842, -5.94881110938002E-4, -0.0010809055248962095, 0.008579425338053817, 0.008009038514341302, 0.008261338257773414, 0.008005041102529035, 0.008133559799512526, 0.006917059046120088, 0.007699216827261012, 0.005575675471439374, 0.006739220334307992, 0.0040862210433837655, 0.005681759372813337, 0.001270616656309888, 0.004204145659244919, -2.1012530156739657E-4, 0.004017251728586863, 1.3701382257122068E-4, 0.003120741739336983, -2.3185558658224623E-4, 0.0036685788740467764, 0.0010674836168314732 ], [ 0.007081850825336264, 0.006351220275177269, 0.006365632482028293, 0.005746177475970481, 0.0035905945857309008, 0.006708591439034881, 0.002043041446171868, 0.005591195207974484, 9.991453439350758E-4, 0.0031558317860165205, -8.077774514499025E-4, 0.001026042695154708, -9.482963229067656E-4, -1.4546491346697853E-4, -0.001885783555880913, -0.003139017012021177, -0.002520092059349257, -0.0018416184187273227, -0.0037313592804006208, -0.001865390122454661, 0.009847579669450338, 0.005869406016704216, 0.01009393245777777, 0.005113975112771765, 0.007298346781107231, 0.00725930825605093, 0.0046533765219928525, 0.007746984663027594, 0.005554155320631354, 0.006289961468133705, 0.005785352426150319, 0.006096225631944694, 0.004990808198027061, 0.006461217892516398, 0.0029067903813763205, 0.009293308928223182, 6.399362806286369E-4, 0.007602088634370231, 0.0035819111881670767, 0.0044468810858704745, -9.887354783123027E-4, -0.0038697570575951003, -5.321758647683252E-4, -0.0033853103302699944, -9.137743244062327E-4, -0.002898248792841591, -7.149701037230114E-4, -0.0024306740479503484, 0.0023882547265644434, -0.0013396618594164913, 0.005109585101355585, 0.0013503400741881346, 0.006087717490017526, 0.0029052978434902666, 0.006252953365068249, 0.007117452165989738, 0.004163762926810304, 0.007158043756771423, 0.005078578980434127, 0.0048682750341148, 0.0030733397313662003, 0.0025051290213075443, 0.004356882774229574, 0.0035729285258939087, 0.00389242838408765, 0.005939563288946836, 0.0023643842588793717, 0.007224140086844966, 0.002129247462773983, 0.007404676136791073, 0.002315408687485149, 0.007441732181052192, 0.0010524749116948486, 0.006890454615907856, 0.0029661785573560392, 0.007763925403253971, 5.497994144500239E-4, 0.007217349978590253, 0.0024683720230282155, 0.005590845195808283, 0.011745412286278354, 0.007898235894499095, 0.010415039780824116, 0.00546314359364644, 0.007637096794423976, 0.0033028572724282733, 0.004650430419424723, 0.0018867956922133773, 0.0043754032171977935, 3.994437062233714E-4, 0.0034580637186345173, 0.001619393139482341, 0.0028556494852881747, 0.0018107755619476264, 0.0010844798604190656, 0.0011329732861386206, 2.569810581738452E-4, 8.361323897283043E-4, 3.3998407187404295E-4, 4.8791766285117546E-4, -0.004686374732594034, -0.004507768898372777, -0.0050943263611516135, -0.0044309356641318975, -0.0054493485922461294, -0.003728357776849616, -0.005561761989125957, -0.0036697103350775066, -0.006100286307995129, -0.003673027612215527, -0.005053761919159384, -0.004710833457983878, -0.0038061635557060636, -0.0036987522721977765, -0.0031510304047331983, -0.0016618699145257033, -0.0027237544146722424, -0.0012033721029799372, -0.0011287449816075835, -9.509741488123303E-4, 0.012422281787887696, 0.011383110441657542, 0.012600059307040444, 0.011534605843730464, 0.011687956994390484, 0.011456849612107802, 0.010447423794206951, 0.010789752234602702, 0.00948135078384272, 0.00906928840211726, 0.0082907964420901, 0.005318612934162167, 0.005261383668959843, 0.002484632479295825, 0.003527720425778657, 0.00404873920031238, 0.0016649927214898662, 0.0041067263082623625, 0.0024854694674267945, 0.0030115359704947398 ], [ 0.004712392703318398, 0.004175405851009902, 0.005117353228446139, 0.003508449232640899, 0.0050356430543802184, 0.002626881641256632, 0.004769769601360858, 9.991453439350758E-4, 0.004120921593974228, -6.650677732741539E-4, 0.002348724131825474, 5.744941847500314E-5, 1.8606891770677386E-4, 8.300772978056135E-4, -4.905511871566609E-4, -5.258337487138649E-4, -3.854414211641187E-4, -2.760289423046355E-4, -0.0020497029318784087, -4.637642749958702E-5, -2.0316055262531072E-4, -7.159026582428092E-4, 1.3846135149805992E-4, -0.0012030741629324255, 0.0018778545889643746, -0.0033854801400958925, 0.0026331395183340693, -0.0056334890617350565, 0.003502617673921711, -0.006992166821553565, 0.0036069442008684924, -0.005520507749924106, 0.0018461009378140441, -0.0034724536828976476, 0.002202326774640608, -0.00203142425575875, 8.257588700706245E-4, -0.0014459896803140646, 0.0012123475940762404, -5.756436059806437E-4, -0.00418288565070529, -0.004006680353584454, -0.00427567124088297, -0.0035396621206173003, -0.0028719546246143246, -0.004342466731625065, -0.0015324143816498183, -0.005434907254071086, -2.397218028265472E-4, -0.004825611260207325, 0.0017126179468261885, -0.0036086248351695736, 0.0032987721318305423, -0.0022697749249620527, 0.0046692479194287, -2.0679957506725217E-5, 0.004297583685027, 8.699253696766626E-4, 0.004710085605195938, 0.0019036867947933814, 0.001880911395596199, -7.998520635172015E-4, 0.0017504020815004894, -0.001318126754273752, 0.0021402401623021603, -0.0031329215039760964, 0.0026891498633445214, -0.0027902230296758326, 0.0031481758696158906, -0.003093202936871162, 0.002563827818783994, -0.003361404478829875, 5.984058088849653E-4, -0.002412388798973547, 5.869338008867095E-4, -0.001580579614597272, -0.0022322091940866684, -0.004735159887542811, 0.0013777658310692214, -0.004061398865843769, 0.0034041985301114237, 0.005151047189481332, 0.0036324406180108025, 0.0054785984182512595, 0.004288395492255855, 0.005564649998005766, 0.0043578226718901, 0.002260933059107046, 0.004926751289716447, 5.174497210299655E-4, 0.0035101752258381532, 9.682751045064943E-4, 0.002362173380367554, 8.134325319444117E-4, 9.785458788045987E-4, 2.879609761123434E-4, 8.085958670865649E-4, 9.91962779829844E-4, -3.998155020631166E-4, 9.051000909078608E-4, -3.9106967488577256E-4, -3.9586533650546457E-4, -2.1381102713146074E-4, -9.129737037136783E-4, -2.8347390693647103E-4, -0.0014834801649644958, -0.0014841800243631815, -0.0013588203950932033, -0.0022842905547670947, -0.0014511492101570535, -0.0011186272649290152, -0.0014593713996389666, -4.987977129912562E-4, -6.739805737168574E-4, 4.904476163647476E-4, -0.0013829998078972714, 7.96186614181377E-5, -0.0012443674368393034, -3.4539369939856157E-4, -0.001011791262865053, 0.0034046092825802767, 0.00312371712946232, 0.0031500940278843172, 0.003046145793129847, 0.003488587065180595, 0.0021560347021843695, 0.0033641093705512088, 0.0013450705402336396, 0.002728774024200904, 4.6013987137370565E-4, 0.002305038141924366, -0.001107712693568873, 0.0016775451498752887, -0.001673387281977074, 0.0019003786626375046, -0.0010190506576927647, 0.0012214056709011008, -0.00122758192907349, 0.001762441125125257, -1.5525846623744117E-4 ], [ 0.0022768831503566078, 0.0018428484413603211, 0.0019312342572580458, 0.0018331207317327488, 9.718188148814284E-5, 0.002826474864024939, -3.1950595343446293E-4, 0.0031558317860165205, -6.650677732741539E-4, 0.003447205791050314, -0.0016753517964227835, 0.002706214940967804, -0.001523785868096574, 0.002108697139790612, -0.002376894960834328, -1.480038767085518E-4, -0.0018576019866965504, 2.185744833134674E-4, -0.001772823151301394, 1.497338855460512E-4, 0.006150959865240208, 0.004405064622439926, 0.006182290341528624, 0.0038555026733143823, 0.004368903976075904, 0.005554329188903895, 0.0031320586400795315, 0.007049400754225164, 0.002723861231691654, 0.007791331297685681, 0.002135021567208603, 0.00834483530344275, 0.0015955141300689167, 0.008605635465107866, -7.584032915181227E-4, 0.009301689416370117, -0.0015674593118946405, 0.007483014078217568, 0.0015796983579900539, 0.0039652509210471925, 7.857827434855419E-4, -6.414129403410896E-4, 9.83951107337032E-4, -8.440615746405805E-4, 6.473361402064272E-4, -7.792048606195148E-4, 7.456031207078153E-4, -5.52539902562968E-4, 0.0015475049919701127, 2.9429854702562816E-4, 0.0017905618006408943, 0.0021692273750238376, 0.0022893215325804337, 0.0028600159687488477, 0.0016052161631779562, 0.004342387357433557, -1.215322141604101E-4, 0.004205459477943427, 4.921595557759571E-4, 0.0016488461322732883, 0.0017495264553940972, 0.002546210627447136, 0.0023136138841832804, 0.003455867388165098, 0.0024220600993379105, 0.005200517650530731, 0.00130893326233271, 0.006505108482118316, -7.612607400474735E-5, 0.007675486680136005, -5.473201746898865E-4, 0.007240934024181016, -4.317332906964796E-4, 0.006074522376418625, 0.0014844033037976915, 0.0054280649957739605, 9.265415642069519E-4, 0.007395293966753811, 0.0016246960199196876, 0.005471758249809503, 0.005139147553899544, 0.0017921605495706437, 0.004097354264501669, -3.3114939431251464E-4, 0.0017424856142991918, -0.002217945111260447, 2.948049551565967E-4, -0.0022277599165850775, -5.869396977304261E-4, -0.0023748775609948904, -4.07561035798953E-4, -7.366594254955593E-4, -2.4148822909794926E-5, 4.0973717027994067E-4, -5.247850403820752E-4, 0.0012931168449272163, -6.282210577731517E-4, 5.631301013652058E-4, 1.2252773818359367E-4, 2.2113615266168327E-4, -0.002631082688121313, -0.002131517083336851, -0.002838014427326667, -0.0017649549366797628, -0.002695468005610946, -8.382554482994628E-4, -0.002173803564034785, -5.776622469371689E-4, -0.0016016530728224687, -2.6715808301289694E-4, -0.0013359532803549623, -8.086476285530523E-4, -0.00151008043268835, -3.563640068808031E-4, -0.0021494030057650363, 6.449385557581531E-4, -0.001966716971252117, 6.171027792780995E-5, -4.6538403293760414E-4, -3.33324295638719E-4, 0.005599317108307306, 0.00545019419251938, 0.005823877085934212, 0.005702191942005051, 0.005609131399736992, 0.006033662784160689, 0.005472857353953458, 0.006408550272737632, 0.005286971947922321, 0.00668689358255019, 0.004592041045980759, 0.005250712049698501, 0.002959819994277023, 0.0035321101935251184, 0.001862312951891933, 0.0034191781204237206, 2.783840493916731E-4, 0.0034578311128029807, 7.527491953215066E-4, 0.002079287432016952 ], [ 5.531573658655956E-4, -3.681689633553076E-5, 0.0010539276598112777, 9.169663930419384E-6, 0.0016529132254656683, -3.2412122493776397E-4, 0.0019621155693764474, -8.077774514499025E-4, 0.002348724131825474, -0.0016753517964227835, 0.0033061519869457406, -0.0011981763111327778, 0.003065723348055474, 7.151986472332402E-5, 0.0036386740371765463, 8.360910302998077E-4, 0.0033220598418065034, 0.0016260784309436007, 0.001146787965762779, 0.002390021637040855, -0.00897629051927387, -0.009599911761291886, -0.007949777808748592, -0.00932529222759071, -0.006074600114579755, -0.010120472490043688, -0.005375170570752381, -0.011172213126437465, -0.0044958789508516535, -0.010945546537473545, -0.004065970957353322, -0.010539415883464402, -0.003747842555432021, -0.008640252368713054, -0.003941004436559686, -0.006296819268408921, -0.005685458745200815, -0.004369685571473205, -0.00618713844013309, -0.004156656811043845, -0.004297102006785757, -0.003961905777001036, -0.003837570816652749, -0.0038124251198651264, -0.002710176208648985, -0.004278236808693592, -0.0020623180996591, -0.005234473906006674, -0.0021056373459736443, -0.005417619815257308, -0.0017987606955873895, -0.006015807727864871, -9.900739978611686E-4, -0.005789434206290646, -0.001532931963154812, -0.0038687806561533474, -0.0017214890314456634, -0.0023674441960626143, -0.0015048592742621925, -0.0015443480542794313, -6.882664043957251E-4, -0.003035135036502206, -0.0015482531379062687, -0.0048865091733652334, -0.0013552903082250677, -0.006788381102112655, -0.002121610748169798, -0.006488921055915122, -0.0028221082067842003, -0.007046646503203188, -0.0027980792974227507, -0.008718711980913098, -0.0032501225264999043, -0.008300192938647916, -0.005001862336266472, -0.006559545401139806, -0.007100778914319442, -0.009342138021279988, -0.005968993342442393, -0.008322076601646, -0.00370826056083974, -7.379587052155441E-4, -0.0022364483575049777, 0.0014756431721941504, -3.0554493352940096E-4, 0.0031373598814731923, 0.0019294406850351793, 0.0011223590340489601, 0.00350041836639052, 6.108182868951008E-4, 0.0019648828500564157, 4.014621517709727E-4, 0.001237864353387505, 7.310539749868215E-4, 4.006176360215056E-4, 4.626996100206226E-4, 1.9744530520287673E-4, 0.0014053532079855947, -5.914968547009142E-4, 9.198143874834491E-4, 0.003796700462715886, 0.003319205807817741, 0.004472234812672097, 0.0030319066755425837, 0.004327148051511483, 0.0025217411698731378, 0.0028338148344242992, 0.0028442934317798284, 0.001923706205152758, 0.0022967434116752, 0.002226061492609609, 0.002382032748585389, 0.0015209696563285656, 0.0020016899875441867, 0.0017996054015224877, -1.07007004056676E-4, 5.285773968047772E-4, 4.6085063277138646E-5, -9.925228589913198E-5, -2.6134367766087775E-4, -0.006507238007639181, -0.007075054375580182, -0.006408364211495685, -0.007258280828190863, -0.00569383601326077, -0.007598124113946235, -0.005828610232720747, -0.007480447700433006, -0.005967170997917229, -0.0073799498458017865, -0.005050484215458484, -0.006621589749453189, -0.0037686938800841185, -0.005381317643388102, -0.002898894775658882, -0.0038904436616892905, -0.002921516281855459, -0.003562650217119544, -0.002786168551792965, -0.002958353837612093 ], [ 4.6317246678581603E-4, 2.5090924366687298E-5, 6.666523905923071E-4, 2.604025504132669E-5, -3.3520193656026877E-4, 4.8380196671653046E-4, 1.3378383121736854E-4, 0.001026042695154708, 5.744941847500314E-5, 0.002706214940967804, -0.0011981763111327778, 0.004037412970440832, -0.001922564657589651, 0.004082396018602573, -0.0025189557185124204, 0.002235547186288746, -6.966845754478077E-4, 0.0016649069702857904, -2.8517755167645426E-4, 0.0019330302399650152, 6.056842176482674E-4, 8.384593289224023E-4, 4.60294771869945E-4, 3.00209169960135E-4, 3.5968908787773445E-4, 2.3642668629565266E-4, 0.0010232014910885432, 0.0011468244035009833, 1.942393013097852E-4, 0.0033805097172848945, -0.0014633356622511305, 0.005814407072205959, -0.0023403184678479553, 0.006805240074649407, -0.0038525495237075615, 0.006064221322961454, -0.0039188633320368805, 0.004495099276434201, -1.5912305651286963E-4, 0.0015695120410803268, -5.396530995587119E-4, -2.607909538146047E-4, -8.730336206192375E-4, -6.124078103457434E-4, -5.458206663801061E-4, -0.0014100700037431443, 2.9067179639554407E-4, -0.001878362466068987, -1.446095609280768E-4, -6.599327601510266E-4, -8.951107786778315E-4, 9.839900349293339E-4, 1.0176401508575525E-4, 0.0017649405908006757, -2.2019449653840233E-4, 0.001639479581013969, -0.0016054172357141227, 0.0015606159269424165, -6.489560616998725E-4, -3.777648180210891E-4, 0.001024458058757022, 0.0011934016465288393, 6.117655216030194E-4, 0.001671428198345883, 0.0011413265596885282, 0.001629276430728849, 7.313590772007417E-4, 0.002475746754021407, -5.365427992909513E-4, 0.003438205085194372, -0.002272789247035283, 0.0029927313519568935, -0.002129385806178587, 0.0014205611264659843, -7.377399204388892E-4, -6.031428352082256E-4, -0.0013344187395261655, 0.001736402677124613, 8.189080326312467E-4, 2.5395546302201997E-4, 1.4134405299523375E-4, -0.0015271662235694949, -1.8259731600923888E-4, -0.002766479622850812, -0.0016924929030983815, -0.003974727292355285, -0.0016856511067883963, -0.0037882669005213495, -0.002971925005730565, -0.0028660566297043248, -0.0025545102450882265, -0.0010205283667396611, -0.0016399442088826034, 2.837537131783371E-4, -0.0011904479222157453, 0.0022913583678147477, -4.0697106358156466E-4, 0.0014868173029936426, 2.6371641563450