{
  "weights" : [ 0.10272700384209751, 0.11639447661553692, 0.09784350358937141, 0.11747734993055313, 0.09385011988055725, 0.11612004441999317, 0.08343761114573423, 0.11232925600900703, 0.08223968474948218, 0.11932095166180104, 0.07345165585575827, 0.12841595659370653, 0.05913145525886897, 0.10618157398012858, 0.051332566406874475, 0.07009955503878497, 0.07498519857188006, 0.04039696594479153, 0.08610140889084088, 0.04952851836882265, 0.018270795181275074, 0.018188132063094935, 0.019402707345584462, 0.01662009462451068, 0.012633849987936187, 0.01102423969966083, -1.4938860308523407E-4, 9.81726401447339E-4, -0.023605404851212163, -0.009217943829873428, -0.04229630618844405, -0.015542556249628183, -0.0498512190948636, -0.03177375980522138, -0.060944656572843044, -0.06373617267276785, -0.06882486573078121, -0.08836149855883131, -0.06686941965604186, -0.09299078483669283, 0.9471865246784039, 0.94502317323678, 0.9470635739942449, 0.9507497859596019, 0.9583883717204303, 0.9675053415903376, 0.976143190193164, 0.9886582072921605, 0.9892053420489179, 0.9880751922471313, 0.9792322938574485, 0.9664765708158097, 0.9577653174640768, 0.922211808877524, 0.9264228635894172, 0.8931586234190603, 0.8865481253926338, 0.8888470726589097, 0.8825420158513274, 0.8951440113428291, 0.2278248601915346, 0.2368490300215792, 0.2366501185698579, 0.2168320683602848, 0.2119805879996876, 0.1530659151517663, 0.13775247035922344, 0.03813545941740988, -0.006813329895104351, -0.08680219758852598, -0.1584175467512459, -0.2147850940728513, -0.2600080866552071, -0.3580966372722657, -0.3427920248072863, -0.4141473034424319, -0.4314149828402833, -0.4177254864831162, -0.4457809027731521, -0.4065351587474211 ],
  "covariance" : [ [ 0.003029020011514866, 0.0029919854245135644, 0.00247124945417174, 0.003211357459896286, 0.0025264610621191924, 0.0028432716500156794, 0.0024537824090427067, 0.0019773277905113817, 0.002098654615342895, 0.0011254076273839674, 0.0016402949070265982, 3.4867779882493237E-6, 0.0010164262051517072, -6.150358897623195E-4, -1.020607774720206E-4, -7.299288040565623E-4, -6.944525859122576E-4, 1.2142313828987982E-4, -0.001450855757344645, 3.241363854722259E-4, -0.002924030250340795, -0.003029598008754577, -0.002498914589712358, -0.0028226917671246876, -0.0022439735359282673, -0.002282698524855262, -0.0019505161627320494, -0.0016888889424086658, -0.0011939422030074276, -0.001472129913018513, -5.141357857775832E-4, -0.0014112566180759345, -2.1752860589341122E-4, -7.671254992416533E-4, -2.5103839507126865E-4, -2.6326963619124848E-5, -2.3904723316609788E-4, 4.3244712590094166E-4, -5.674708632889224E-4, 7.879735436430083E-5, -0.0014354051960928991, -0.0013605848271650053, -0.0015251904542688, -0.0013633345172608816, -0.00127258371318178, -0.0011097219179965474, -7.254195659312433E-4, -5.708515962392205E-4, 3.516365707696013E-5, -2.0138732995680667E-4, 6.47397288435621E-4, 2.1211664777088022E-4, 8.811089808798511E-4, 0.0012484625551674663, 0.0015236880058801712, 0.0024075368619859263, 0.0021535866470221506, 0.0026043192387832773, 0.002346198983792855, 0.0022609578937581865, 0.006689713826835309, 0.0059624647009950665, 0.006970119223355071, 0.005955461438065467, 0.006149382494961419, 0.005654386820157827, 0.005213595554317147, 0.0049208682438120896, 0.004451824791537604, 0.0033612427262281253, 0.004670116199779417, 0.0022695086764610755, 0.004557924556419545, 0.003567192646821392, 0.004968083794154384, 0.005367120315016311, 0.005170070571562445, 0.005824014992735802, 0.004856332769728112, 0.005509835116999234 ], [ 0.0029919854245135644, 0.004110352029067416, 0.002312617047713684, 0.004522582866745895, 0.002777832106608692, 0.0038671975995950318, 0.002707221743642552, 0.002632488108715102, 0.002711681170732662, 7.129586726578418E-4, 0.002156435376147355, -3.570311767372306E-4, -2.346692247391012E-4, -0.0011194007720273964, -0.0021511804352057472, -0.0024896739315843778, -0.0020527250357244356, -0.001978910622880762, -0.0026881912435333536, -0.001695467561258955, -0.0037764816346576636, -0.004084481191835747, -0.0033483063660705707, -0.003823010798961295, -0.0032439958849402348, -0.003262112605401846, -0.0029298821221062817, -0.0027188626609224906, -0.00204754401488128, -0.0022978221606545206, -0.001277939361542732, -0.0016384339143184108, -9.381604546314028E-4, -7.657052734561143E-4, -9.489176508435388E-4, -3.6656046289698337E-4, -4.086174251024667E-4, -6.767762564138872E-5, -6.469284722545811E-4, -5.340808585306792E-4, -0.0018546580595728047, -0.0020431865569372452, -0.0018960860753017494, -0.0019144059635213737, -0.001530733226791014, -0.0012624759879230616, -7.047645600394869E-4, -3.330405310896771E-4, 1.7080064100152988E-4, 1.5012200302861673E-4, 6.962066341182467E-4, 2.2283925876447514E-4, 9.499964634862843E-4, 8.391495340777594E-4, 0.001376520025179055, 0.0021074376555375134, 0.0014243478233788424, 0.0025200922661512528, 0.0019253660324754082, 0.0021073658243824403, 0.010574902362899248, 0.010141885374738696, 0.010523497988800503, 0.00980199864754953, 0.009261634350309095, 0.008428139668059473, 0.00847324693258586, 0.005518913798807274, 0.006747592756581166, 0.0027127471782600237, 0.005514937657426431, 9.824853727019255E-4, 0.004434750807413602, 0.0018840151698151847, 0.004116559080228378, 0.004382524915403752, 0.0031267561622359136, 0.005447643807678967, 0.003547015392239744, 0.004923427384477341 ], [ 0.00247124945417174, 0.002312617047713684, 0.002241339335308856, 0.0025009313718214743, 0.0021288685640983712, 0.002416438355615584, 0.0019291227332445791, 0.0018160003424333687, 0.0014651971111037832, 0.0012448205522295633, 0.0011273679003486418, 2.3413314949000677E-4, 6.968743472779325E-4, -8.144853027321298E-5, -5.439018765522358E-4, 9.741302556237139E-5, -8.94935123870759E-4, 8.276073695540989E-4, -0.001483689838532462, 8.034666032861581E-4, -0.0024190197896907686, -0.002365734402961837, -0.0021770508275034996, -0.00219906421337101, -0.001892582924227354, -0.0018350779554636473, -0.0016700394999509356, -0.0013062213999443723, -0.0011153747525663867, -0.001130102661300275, -5.319942949860566E-4, -0.0010812277793461065, -3.810290770569724E-4, -4.158119162357269E-4, -4.05932739661502E-4, 2.2970155648722838E-4, -3.189028602303675E-4, 6.105245538162883E-4, -5.825771815075905E-4, 2.722846818049772E-4, -0.0012786397031278385, -0.0010996543401014408, -0.001424075856554072, -0.001062511492619498, -0.0011543061865485645, -8.730176430459347E-4, -6.378373322471975E-4, -4.479339631269276E-4, -2.4778356205654168E-5, -9.731779070006692E-5, 4.140738028739671E-4, 2.4582199755578897E-4, 4.994778918804747E-4, 8.828331330790653E-4, 0.0012450102856084713, 0.0014812326372917195, 0.0020209725156027166, 0.0017107848447249646, 0.0021389565271178754, 0.0016434391257548096, 0.005735566273580999, 0.004978593070630943, 0.006023963057269296, 0.004944100432764576, 0.005190703867891489, 0.004853448502326553, 0.003998178926749879, 0.004688494860935309, 0.0029696514195853407, 0.003774441476638373, 0.003051144271926332, 0.002446534379045829, 0.0030881531160270033, 0.0029124970438918554, 0.004075808162209306, 0.003653011214705205, 0.004827899248636453, 0.004140018290545621, 0.004430883251729877, 0.004231827241795891 ], [ 0.003211357459896286, 0.004522582866745895, 0.0025009313718214743, 0.005057959125832053, 0.003061938179372841, 0.004360571669237396, 0.003074177237187677, 0.0029781887578716245, 0.0031460004008579865, 7.04844516851716E-4, 0.002507614279650978, -2.7624318391791287E-4, -3.5759012511815046E-4, -9.935873621407362E-4, -0.0025109274613266375, -0.002584093815540249, -0.00262504816411222, -0.001933266321079487, -0.0033864852334895253, -0.0018023959375270777, -0.004226718784329035, -0.0045399011275713275, -0.003757896873261047, -0.004275620613918671, -0.0036120740596814727, -0.0037056754618137924, -0.003227043875957577, -0.0031434465294056233, -0.00227987955591936, -0.0026389827553814924, -0.0014515441181350234, -0.0017780813312577844, -0.0011117466625717091, -7.103071924825558E-4, -0.0011372963653277848, -2.643003448366182E-4, -6.403480185298445E-4, 1.2702089976990646E-4, -9.544132735602732E-4, -5.196139816621108E-4, -0.002072996039682256, -0.002223573408238721, -0.002122674738072983, -0.002041889683469045, -0.001730656700066866, -0.0012752031360020626, -8.54383406874037E-4, -2.613930538950081E-4, 9.940842326117518E-5, 2.951091183882199E-4, 6.043569264581719E-4, 3.510822083341596E-4, 8.243383663223348E-4, 9.558972793251336E-4, 0.0013500015375308553, 0.00222647908933159, 0.001480320045175656, 0.002668738304464526, 0.0020269726217942317, 0.0022406391241195523, 0.01191778320593848, 0.011309264697777016, 0.011825706508427104, 0.010816386167498762, 0.010416730637693196, 0.009169475473689837, 0.009562376283012453, 0.0061732219879755915, 0.007331456074048969, 0.003118410845472581, 0.005700551270570901, 0.0012651343845040924, 0.004331116558372911, 0.002200914430322973, 0.004125392292174981, 0.00471949326203605, 0.0032479650434771423, 0.005799979603098088, 0.00369063099386579, 0.005237395639991014 ], [ 0.0025264610621191924, 0.002777832106608692, 0.0021288685640983712, 0.003061938179372841, 0.0022894671543382105, 0.002716658768553031, 0.0022400459915820135, 0.0019020559789437827, 0.002007894399689377, 9.763680457574325E-4, 0.0015871828064402582, 4.765813673123786E-5, 6.838567765937235E-4, -5.435105610166032E-4, -5.15326372744132E-4, -9.915664778215592E-4, -9.595104429749862E-4, -1.949461937095587E-4, -0.001843119611785397, -2.8868325466927316E-6, -0.0028326813153341382, -0.0028844304310794103, -0.002504728740578281, -0.002696590487374392, -0.0022901923794052498, -0.0022633796431955123, -0.002003394972703762, -0.001765692488430056, -0.0013241244125989176, -0.0014926904299770209, -6.707476641049044E-4, -0.0012177713844398067, -4.2747726378039157E-4, -5.796553644776823E-4, -3.887405886391657E-4, 4.188102531158049E-6, -2.6652014231598155E-4, 4.3490199971350617E-4, -6.350251154258777E-4, 1.728618925345826E-5, -0.0013776748669981499, -0.0013286994323551404, -0.001459091690655492, -0.0012538427694374244, -0.0011859020176151031, -8.944084237278593E-4, -6.64609246590682E-4, -3.5892777840550123E-4, -3.6892780812546244E-5, -1.438279185712366E-5, 4.1986583811750986E-4, 2.762083178455468E-4, 5.651442443735969E-4, 9.980343606339117E-4, 0.0011470029156926244, 0.0018478313706970755, 0.0016379296708766851, 0.0020750797398852126, 0.0018490853416873966, 0.0017840188791777502, 0.006854828530730877, 0.006261959306585725, 0.006985395542623868, 0.006068506800610081, 0.0060717921706359606, 0.005435498273117333, 0.005209871806845974, 0.004439847934664335, 0.004190482832970709, 0.0031027061348800197, 0.003896967840136769, 0.002089651428593706, 0.003488261849082279, 0.0029932761796959764, 0.0038897310480070176, 0.004382643547494424, 0.003968920998295789, 0.00486251370237148, 0.003687041980294787, 0.004486253595409153 ], [ 0.0028432716500156794, 0.0038671975995950318, 0.002416438355615584, 0.004360571669237396, 0.002716658768553031, 0.004056375635942446, 0.002597656347783272, 0.0029687169247394696, 0.0024295305971309385, 9.539171978279278E-4, 0.0019772914326966246, 6.251766566017715E-5, -5.544373022591671E-4, -1.8036187308241068E-4, -0.002871361179176588, -9.097809034675001E-4, -0.0031629530016828423, -1.741692813404167E-4, -0.003505424062530684, -6.618922941785673E-4, -0.0036293564625737504, -0.0037670421650844903, -0.0033125959807219383, -0.003556630366771577, -0.0030768655242687597, -0.0031758738154524634, -0.002734637770736718, -0.0026767759306520413, -0.0020056261230396643, -0.002249186700530252, -0.0013702014362409207, -0.0015103362229001327, -0.0011932900334663454, -3.098490150354409E-4, -0.0013898883176241702, 1.9369203744244468E-4, -0.001026643314620614, 6.070444511756827E-4, -0.00120841595022594, -9.882088863925472E-5, -0.0018940878341781701, -0.0018633383094015517, -0.00201706826335431, -0.0016950452763762147, -0.0016546831324217872, -0.001103298200964018, -8.30779666974077E-4, -2.479643461212267E-4, 5.5564737476053714E-5, 3.268785010814486E-4, 3.9400282406257665E-4, 3.538113923159856E-4, 4.6263892316367856E-4, 6.083441256441814E-4, 0.0011265553262498607, 0.0013196942896848425, 0.0015942172117819683, 0.0017899673808720882, 0.002042919177279709, 0.0017386231090405174, 0.010451629411410729, 0.00966022405526164, 0.010488530302068207, 0.009254223575759024, 0.00924625748019281, 0.008103536446429568, 0.008086314631584155, 0.006182994003359266, 0.005489356522884146, 0.0037228835567664786, 0.0038394346843403353, 0.001515325123253696, 0.0028130512636445966, 0.0015629177521761606, 0.00332870486689283, 0.002956298321730804, 0.003426518659587896, 0.004071356610822114, 0.0038681689126203464, 0.0041878982384164895 ], [ 0.0024537824090427067, 0.002707221743642552, 0.0019291227332445791, 0.003074177237187677, 0.0022400459915820135, 0.002597656347783272, 0.0026003684249599176, 0.0016514869045025082, 0.002691953132914777, 4.886757799955956E-4, 0.0022668989633001803, -4.971580843974747E-5, 0.0013490050972154689, -4.77407648346696E-4, 5.726386803394665E-4, -9.324726103419205E-4, -7.293485954717711E-4, 1.9299819999971622E-4, -0.0018407154645154748, 2.8308290991895825E-4, -0.0025699121323332977, -0.0026381477047963398, -0.0021320756870624605, -0.00255009844612138, -0.0019258443010638764, -0.0021683600306768858, -0.0015940936782092077, -0.0018469683559747185, -9.65381952819139E-4, -0.0016132731166846248, -4.091366137059277E-4, -0.0013703741678534908, -1.4310344136818034E-4, -8.444658888932526E-4, -1.2675576697614336E-4, -8.407168580640479E-5, -4.892143021148218E-4, 5.677218848100171E-4, -0.0010383370918227834, -2.8742356924354117E-5, -0.0012784567003349433, -0.001174556909409984, -0.0013339404682420606, -0.0011062695997525762, -0.0011480276342628614, -7.40468274416521E-4, -7.517290353986496E-4, -2.659269308202147E-4, -1.1234813592617788E-4, 1.1395682374319536E-4, 4.1473753983362126E-4, 4.670249620497183E-4, 7.490265286829146E-4, 0.0014736436145322052, 0.0012975556807499032, 0.002521490174487364, 0.001800480270654023, 0.0026948857282853185, 0.0018899203192357826, 0.0022361690896172135, 0.006860773621624559, 0.006117830556697673, 0.006945535293327514, 0.005879050737238875, 0.006201384158533592, 0.005260082777801786, 0.00583640930715861, 0.004698025946845699, 0.004851377344596668, 0.0035802242311487624, 0.004581010597471069, 0.0029898816365587465, 0.004378493280048125, 0.004391153776973501, 0.004486391581007317, 0.005950035546901773, 0.00451668141121354, 0.006146970679285756, 0.0039083812492339155, 0.005474399612075244 ], [ 0.0019773277905113817, 0.002632488108715102, 0.0018160003424333687, 0.0029781887578716245, 0.0019020559789437827, 0.0029687169247394696, 0.0016514869045025082, 0.0024380546961938485, 0.0011876600139307091, 0.0011535160980839126, 9.022531715534544E-4, 4.1346990583242076E-4, -8.299751794553891E-4, 4.3398603204472893E-4, -0.002801813592718088, 3.792711658231234E-4, -0.0028320254708619143, 6.887968853587973E-4, -0.0027877676595747, 4.083477962610819E-5, -0.002510966788922905, -0.0024305121688198462, -0.002398233143401348, -0.0023022732798332174, -0.0021495946683865335, -0.0021403788812870135, -0.0018641879499243414, -0.0017976135621397718, -0.0013807273874678948, -0.0015091263202658117, -0.0010086229457609117, -0.0010024354608226627, -9.955087980414274E-4, 6.0581394219864145E-5, -0.00139577115521586, 5.129881612276391E-4, -9.561378946911779E-4, 7.597486093056488E-4, -9.526384327263877E-4, 2.0032074593846798E-4, -0.0013367249188401737, -0.0013053947932759348, -0.0014425008328002571, -0.0012149024002200653, -0.0012049567147796056, -8.424523944366053E-4, -6.036604118326781E-4, -2.530234671387729E-4, 5.8587224237510206E-5, 2.097438323918729E-4, 2.2424558375083313E-4, 2.1137126186303884E-4, 1.4257426874569035E-4, 1.2637383527779131E-4, 7.136019655172805E-4, 3.781047654601066E-4, 0.001296673269020465, 7.657008427768111E-4, 0.0016023539705715894, 9.727713237292844E-4, 0.007118237875880067, 0.0066467512804310735, 0.007161521727307667, 0.006456768478865574, 0.006405416695800892, 0.005793982269969237, 0.005424418351210379, 0.004730316387019613, 0.0033601217948033054, 0.003059859622996339, 0.002004129434442147, 0.0012448324471933448, 0.0011118351190249158, 6.561057221496063E-4, 0.001985031963503694, 0.0012840631230453142, 0.0027039098072240164, 0.0020495646936854245, 0.003037173959715281, 0.002509524616997183 ], [ 0.002098654615342895, 0.002711681170732662, 0.0014651971111037832, 0.0031460004008579865, 0.002007894399689377, 0.0024295305971309385, 0.002691953132914777, 0.0011876600139307091, 0.003424352633340667, -4.742960399136847E-4, 0.0029628237649186612, -5.502648592468843E-4, 0.0014110348943091055, -9.084683312850487E-4, 9.323453363344296E-4, -0.0022058748925299298, -4.675841828268387E-4, -0.0010536919479872907, -0.0017139343478947409, -7.448777557380384E-4, -0.002382540709692473, -0.002684084134255973, -0.0018591942910534546, -0.002635772878877769, -0.0017954454309127192, -0.0022454144105352194, -0.0015540357887948177, -0.0020539722731843764, -0.0010144808154078674, -0.0018044615579356472, -4.662702363869305E-4, -0.001393909642145445, -1.414595527603899E-4, -0.001084916514554651, 1.657498545428387E-4, -5.688577920141523E-4, -3.961900774673821E-4, 5.952579029832038E-5, -0.001053345355878828, -5.238407033451682E-4, -0.0012503971275512804, -0.0011654895187019538, -0.0012840302591484918, -0.0010144697266782554, -0.0010887181655919302, -5.163453417410801E-4, -6.984308617189427E-4, 1.3099488166240888E-5, -1.2307921755147375E-4, 3.7465702908908463E-4, 4.068021359569613E-4, 6.097336507324192E-4, 9.172908765686569E-4, 0.001708138865667826, 0.0013190532945581376, 0.0029101613670781544, 0.0014078187066061051, 0.0030664297711997203, 0.0015141858436706727, 0.0023822117266462006, 0.007823693185827124, 0.0069547164385244855, 0.0077705650613341965, 0.006495410845562171, 0.006852136579738224, 0.0055523227684265925, 0.0068401951708095, 0.004486550395250708, 0.005669096488074572, 0.0032152264397872204, 0.005139482240741139, 0.0027180287911835205, 0.005010920171797658, 0.004512359563609413, 0.004466590970402408, 0.006256671316549016, 0.0036146841555379583, 0.0065357298402103385, 0.003090383457159138, 0.005504557750008652 ], [ 0.0011254076273839674, 7.129586726578418E-4, 0.0012448205522295633, 7.04844516851716E-4, 9.763680457574325E-4, 9.539171978279278E-4, 4.886757799955956E-4, 0.0011535160980839126, -4.742960399136847E-4, 0.0016867623650737385, -5.210507888683217E-4, 7.308025093516626E-4, 2.158512456437432E-4, 3.875288497886272E-4, -5.533519878961669E-4, 0.001380133617794992, -5.035943163495083E-4, 0.0016449722432184872, -7.540332825605175E-4, 0.0014864439021355371, -0.0010945537831369787, -7.336308459874613E-4, -0.0011571393932386547, -6.184698463910089E-4, -9.016816987013255E-4, -5.237512538468323E-4, -6.969848584303812E-4, -2.021232156519556E-4, -3.818789246755509E-4, -1.3197839101054994E-4, -1.4555474280751975E-4, -2.666936498318704E-4, -1.6027447282742754E-4, 1.719418801299356E-4, -4.815273306620154E-4, 6.701863937518479E-4, -1.28795229431793E-4, 8.50751058328351E-4, -1.471814283161623E-4, 7.081031473840998E-4, -4.373098296825731E-4, -3.9441720446266716E-4, -4.992564117809588E-4, -4.622099928939806E-4, -4.041596274348376E-4, -5.184909816428995E-4, -2.4534512365792483E-4, -4.528097491280186E-4, -3.28231309670931E-5, -3.4649950854584633E-4, 7.448133904032596E-5, -9.52931659849232E-5, -1.4649907481001012E-4, -6.966793196560734E-5, 2.3739290444252086E-4, -1.4360773545796078E-4, 9.43919746315452E-4, -3.830100766632403E-5, 9.646877584923868E-4, 1.9490109086583516E-4, 6.428343451783664E-4, 7.050561338653111E-4, 8.44202227801224E-4, 9.068670906205538E-4, 7.434269228370045E-4, 0.001107546231729124, -4.644308379524729E-5, 0.0014802340531414712, -4.408104871363919E-5, 0.001552720722887061, 1.9789828715433656E-4, 0.0011773082728248555, -1.2182602512292967E-5, 7.847816889692921E-4, 0.0010684321570671035, 7.491238666818801E-4, 0.002299388501489443, 7.909888358959089E-4, 0.001981679301087754, 0.00111499930453061 ], [ 0.0016402949070265982, 0.002156435376147355, 0.0011273679003486418, 0.002507614279650978, 0.0015871828064402582, 0.0019772914326966246, 0.0022668989633001803, 9.022531715534544E-4, 0.0029628237649186612, -5.210507888683217E-4, 0.0028100536183717803, -5.904032386296603E-4, 0.001809067045203565, -7.921027850920472E-4, 0.0014894082468432735, -0.001281873432304373, -4.175288094738908E-4, 2.6390852368187616E-4, -0.001457996482445985, 1.78377661656261E-4, -0.0016342403924614014, -0.0018554549668836795, -0.0011872372499512804, -0.0018548061982261363, -0.0011539008358662404, -0.0016018000017738805, -9.669301343209417E-4, -0.0015702635242429686, -5.999182316850579E-4, -0.0014194657020682095, -2.827831585188639E-4, -0.001223684962254476, 4.581283790715729E-6, -0.0010837493694457552, 1.9267347969661877E-4, -4.886379293237723E-4, -6.464247179779124E-4, 2.771561160902962E-4, -0.0012478233694639708, -3.15254172217533E-4, -9.325177827158089E-4, -8.045607225670807E-4, -9.818607863133384E-4, -7.063534693695249E-4, -8.435341899871073E-4, -3.843463798239076E-4, -5.466007086163908E-4, -7.972463964575185E-6, -8.284124696572232E-5, 3.071677444576205E-4, 3.705915426870012E-4, 5.103286772712503E-4, 9.345981849074955E-4, 0.0014450326489750863, 0.0011629321593318903, 0.0023822638244494813, 0.001218939490522603, 0.0025756879494363786, 0.001233167593376677, 0.0020582720671969063, 0.006014440864344984, 0.005287606035871474, 0.006026039952517912, 0.00496624826784497, 0.005390404729177811, 0.004397864911363415, 0.005533605946330557, 0.0037755887618853862, 0.004587813005838507, 0.0031106004568318426, 0.004161428219088569, 0.002642945898248778, 0.004584806832869678, 0.003944087407195488, 0.0038993157050328377, 0.005201571651802874, 0.0031946306697685084, 0.0056290176443359865, 0.002693534441830226, 0.00486506433061231 ], [ 3.4867779882493237E-6, -3.570311767372306E-4, 2.3413314949000677E-4, -2.7624318391791287E-4, 4.765813673123786E-5, 6.251766566017715E-5, -4.971580843974747E-5, 4.1346990583242076E-4, -5.502648592468843E-4, 7.308025093516626E-4, -5.904032386296603E-4, 8.295410567195048E-4, -2.787732673388454E-4, 0.0011349608059987683, -4.739702680906713E-4, 0.0018528185000348143, -8.231333391583637E-4, 0.0018752453175189632, -7.696725236265929E-4, 0.0012844313301021498, -5.2228495613164036E-5, 2.6342837471351246E-4, -1.6363013462076113E-4, 2.2143340546952115E-4, 5.895455248785034E-5, 7.414528258562932E-5, 2.1408362990663022E-4, 1.0104832613060786E-4, 1.8336278755340708E-4, 1.322424925722421E-4, 1.077774269300449E-4, 1.9396549876912614E-4, -6.34868217131772E-5, 5.982063934322605E-4, -3.7975807705263766E-4, 8.384674453229077E-4, -4.392810125797299E-4, 9.456259997858305E-4, -4.305618678614174E-4, 6.869560297771797E-4, 3.514012016459376E-5, 2.1421776587855635E-4, 5.565646050584976E-6, 2.0578352842972735E-4, -6.318076890973806E-5, 1.2590618718483326E-4, -2.03525864785111E-4, -2.8855598106735916E-5, -2.112927290597815E-4, 1.5337797217921993E-5, -3.9314278556516904E-4, 1.0500045328988904E-4, -7.230212246901832E-4, -1.3171056752632788E-4, -4.220922013924612E-4, -6.182028635352494E-4, 2.2893359936673014E-4, -6.872940170178871E-4, 1.4289489380085426E-4, -3.8845705571640494E-4, -0.001159458467153041, -0.0013645067816714352, -0.0010823374063442632, -0.0013679409568380873, -8.501494651071207E-4, -0.0011802577050432687, -0.001129956708762871, 1.657653057539939E-4, -0.0015356345376761691, 5.941321516780668E-4, -0.0016835690863232502, 7.732250149784013E-4, -0.0020813383252936014, 2.979583547057268E-4, -9.703906660519507E-4, -5.788246347433949E-4, 5.660314777508606E-4, -0.0010522709366233057, 3.3003556466108005E-4, -6.258866917844807E-4 ], [ 0.0010164262051517072, -2.346692247391012E-4, 6.968743472779325E-4, -3.5759012511815046E-4, 6.838567765937235E-4, -5.544373022591671E-4, 0.0013490050972154689, -8.299751794553891E-4, 0.0014110348943091055, 2.158512456437432E-4, 0.001809067045203565, -2.787732673388454E-4, 0.004979957015210698, -9.854199403154813E-4, 0.006652475995663273, 0.0010601463647222818, 0.003123731378728593, 0.0037587743513897063, 0.001352962930112575, 0.003904439404134638, 4.285586557478715E-4, 6.380095386018562E-4, 8.175220038929439E-4, 5.676120859681355E-4, 9.198815074624188E-4, 7.546088177502023E-4, 0.0010825761292813274, 6.618444116191349E-4, 0.0012637603900427779, 4.2200001787083563E-4, 0.0012886813121345793, -6.223611032948919E-4, 0.0016537356922217041, -0.0014808404587507106, 0.0018024694839333564, -2.5746287397204894E-4, -2.197760570303792E-6, 9.911904939057833E-4, -8.770628768750995E-4, 7.111068017348866E-4, 3.2336591854199316E-4, 6.131736625464945E-4, 3.109229616017285E-4, 3.9664975365824465E-4, 1.8457368360076217E-4, -4.7963248786203486E-5, -2.0557478900666613E-4, -4.949812510231142E-4, -2.358443396335111E-4, -6.080454686884077E-4, 3.5188144820713706E-4, 1.707906976584806E-4, 0.001035595319259289, 0.001805365506693828, 9.816199570321597E-4, 0.002616068695326986, 0.001439783045725354, 0.00243862412759911, 8.894661902244263E-4, 0.0018444923752417009, -0.0033891591323566206, -0.003608005451802675, -0.002962058757508431, -0.0032170116619699733, -0.0024320829510467374, -0.0021307251590116432, -0.0017447512262191954, 8.22065237074416E-5, 4.7209348661549696E-4, 0.0023129821463627473, 0.0027584693979747932, 0.004058472416922428, 0.005050313163450585, 0.006160551218112236, 0.004340329644578373, 0.00676789966814304, 0.004591950068305379, 0.006212706606032052, 0.002754370255841376, 0.005148110663534207 ], [ -6.150358897623195E-4, -0.0011194007720273964, -8.144853027321298E-5, -9.935873621407362E-4, -5.435105610166032E-4, -1.8036187308241068E-4, -4.77407648346696E-4, 4.3398603204472893E-4, -9.084683312850487E-4, 3.875288497886272E-4, -7.921027850920472E-4, 0.0011349608059987683, -9.854199403154813E-4, 0.0027463155215749573, -0.0015313205810029134, 0.00431243507225719, -0.0021631642620180925, 0.004038758606102601, -0.001076124957764256, 0.002368439803971715, 0.0010907387723985014, 0.0015681477212873198, 8.121189478356301E-4, 0.0013092310272359293, 0.0011307971055626856, 7.6750295413233E-4, 0.0011784311615330684, 4.98607232177062E-4, 6.887557161614185E-4, 3.541873753957448E-4, 2.0235351456382352E-4, 3.200178546029662E-4, -2.9263210224249027E-4, 0.0010174191383623711, -9.745738163170212E-4, 0.0013359457316397126, -0.0013539142176911636, 0.0013867989410360187, -0.001087214177224092, 9.318317719285176E-4, 1.882481740184211E-4, 6.456884494016222E-4, 4.14815705366364E-5, 6.418436178988432E-4, -1.150971733094475E-4, 4.061952375206121E-4, -2.4116580121023547E-4, 1.4738247957032266E-4, -1.810491929662206E-4, 4.0285351016968173E-4, -5.247170279375292E-4, 3.434599553420275E-4, -8.4847205744435E-4, -3.744322486685484E-4, -2.520604049916338E-4, -0.0014817819448141455, 8.620841205395149E-4, -0.0014300029442031736, 5.87270366763274E-4, -5.87522455939646E-4, -0.0013037509672501517, -0.0020350372227778183, -0.0011479538256090986, -0.0019453574358005389, -6.934044515629704E-4, -0.0010194535074120332, -0.001087013610797514, 0.0018526638556928014, -0.002764523607317144, 0.0027095853423032184, -0.0033912656502026444, 0.0018398045119663049, -0.0032217232621574348, -1.813761003721312E-5, -0.0011291941402808098, -0.0023916993463642573, 0.0017196640201991103, -0.0028072159921385576, 0.0014671275143096347, -0.0012786868664985942 ], [ -1.020607774720206E-4, -0.0021511804352057472, -5.439018765522358E-4, -0.0025109274613266375, -5.15326372744132E-4, -0.002871361179176588, 5.726386803394665E-4, -0.002801813592718088, 9.323453363344296E-4, -5.533519878961669E-4, 0.0014894082468432735, -4.739702680906713E-4, 0.006652475995663273, -0.0015313205810029134, 0.01043884013997011, 8.371423664444882E-4, 0.005935415539056988, 0.0038315423192140682, 0.0036128883389351376, 0.004538185495299801, 0.0021570102205573745, 0.002324498693244198, 0.0026363855951408196, 0.002155014811571196, 0.0026112896416703793, 0.0023345671527599835, 0.0027158677552851004, 0.0019986434382211825, 0.0026971625586331488, 0.0015489014776190275, 0.00246074301218, -3.846437068222926E-6, 0.0029402574216781732, -0.001766075733864223, 0.0033230343180361012, -5.711018957132401E-4, 7.393053725717847E-4, 7.93279306932944E-4, -3.6451597356274663E-4, 8.042670862014195E-4, 0.0014586030638874896, 0.0017381010293337732, 0.0015975379576275575, 0.0013742719544213157, 0.0011776469663752071, 5.757999645223988E-4, 1.0784182793114981E-4, -4.464330484891106E-4, -4.118822776707152E-4, -9.779545775450455E-4, 1.6417142655514647E-4, 2.9434685727891953E-5, 9.675315117988882E-4, 0.0022612980998455595, 4.074826085064278E-4, 0.0032703407181043564, 5.624953632207128E-4, 0.002619194547843879, -3.0082855032903527E-4, 0.0015860625586863507, -0.010088268859318295, -0.00995715585776732, -0.009634424390245687, -0.009361333315240467, -0.008199878988508418, -0.007752938647679656, -0.00635249362616424, -0.004180656860222435, -0.0018373496399517687, -5.407732791789046E-4, 0.002017975325950233, 0.003623936223667008, 0.00495481357461142, 0.007268828693809427, 0.003275059031759125, 0.008054111605275584, 0.0031013617060371, 0.006379122628002591, 6.622728831361197E-4, 0.004445515933645419 ], [ -7.299288040565623E-4, -0.0024896739315843778, 9.741302556237139E-5, -0.002584093815540249, -9.915664778215592E-4, -9.097809034675001E-4, -9.324726103419205E-4, 3.792711658231234E-4, -0.0022058748925299298, 0.001380133617794992, -0.001281873432304373, 0.0018528185000348143, 0.0010601463647222818, 0.00431243507225719, 8.371423664444882E-4, 0.009888276433411421, -0.0024328843267770284, 0.011217399521109457, -6.49401725730327E-4, 0.007669530676440425, 0.0029505295294967706, 0.003993204981490604, 0.0025491778934841067, 0.003535055627412252, 0.0031415909425944267, 0.002597024816771602, 0.003251996719206989, 0.0020137326790919696, 0.0023844253755018656, 0.001480642945744661, 0.001202087386223991, 4.01425324888892E-4, 5.114705350590093E-4, 0.0010753426299573228, -0.0010548856150726967, 0.002443056268624683, -0.0027332561963898166, 0.0032682612738955527, -0.0023564866805411487, 0.002466831482941927, 9.027588083202815E-4, 0.0017930861677574754, 6.291444081252174E-4, 0.0014786849075841798, 2.063067053379254E-4, 4.5584852010129777E-4, -2.452486308203926E-4, -3.820291640333159E-4, -1.7399646535549458E-4, -6.31934632431027E-5, -5.274691520845719E-4, 1.9948642612174533E-4, -7.336652015053396E-4, -4.958093648099623E-4, -7.137923821820591E-5, -0.0022318476188027663, 0.0020945724505632536, -0.0021276066651329914, 0.001329329146613622, -5.854982341295933E-4, -0.007177097169971158, -0.008097011406169512, -0.006447442760938136, -0.007240518134988639, -0.0047963764006839745, -0.004283619863106018, -0.00514596912197632, 0.0021027030268408976, -0.006296906262177887, 0.005018295587097899, -0.005824145984981264, 0.004103971255680883, -0.0036077983562874034, 0.0010291911222394196, -5.759507574678267E-4, -0.0029657586523672923, 0.004811356499729882, -0.003479489562008207, 0.003939020650683705, -6.260141299658623E-4 ], [ -6.944525859122576E-4, -0.0020527250357244356, -8.94935123870759E-4, -0.00262504816411222, -9.595104429749862E-4, -0.0031629530016828423, -7.293485954717711E-4, -0.0028320254708619143, -4.675841828268387E-4, -5.035943163495083E-4, -4.175288094738908E-4, -8.231333391583637E-4, 0.003123731378728593, -0.0021631642620180925, 0.005935415539056988, -0.0024328843267770284, 0.006189742435526008, -0.002519071922392663, 0.004710304346701715, -5.2986145999853575E-5, 0.0017387728451958898, 0.0016722408124236314, 0.0018680925018190414, 0.0016723235219121377, 0.0015794111900614431, 0.0019658065823366473, 0.0013391357839199099, 0.001939141354079991, 0.0013441769015798519, 0.001566437672457121, 0.001520045812523312, 4.418617922703432E-4, 0.0018695059737730585, -0.001310659919800313, 0.0026968408080536854, -0.0013420593550862179, 0.002410439736845675, -0.00145779618793348, 0.0019452480616181916, -4.924192804356765E-4, 0.0011560409688078997, 8.955794521050627E-4, 0.0013240655553306746, 6.702566268196877E-4, 0.0011822548618330947, 2.682198313467536E-4, 6.19295938171618E-4, -2.799992434392207E-4, 2.490399762922668E-5, -8.717052705594045E-4, 5.308210829148123E-4, -3.270685209775076E-4, 0.0010520809483228358, 0.00103193154213394, 5.047148161724548E-4, 0.001979078297510045, -1.6601339964076453E-4, 0.0014852971713494732, -6.159759736776848E-4, 5.412787367168654E-4, -0.007017750282328445, -0.006070384739416381, -0.00696607176299922, -0.0055442320650371454, -0.006411839502771278, -0.004706010316705812, -0.005281965091286323, -0.004329072968380572, -9.010134153117379E-4, -0.0022258412853178432, 0.0023955350071985697, 6.028736269232222E-4, 0.0039645530027803055, 0.0032029210484025936, 0.0024450843229046892, 0.0044622922359203055, 6.496408236955945E-4, 0.003351004585053126, -8.987851952146398E-4, 0.001526845568868518 ], [ 1.2142313828987982E-4, -0.001978910622880762, 8.276073695540989E-4, -0.001933266321079487, -1.949461937095587E-4, -1.741692813404167E-4, 1.9299819999971622E-4, 6.887968853587973E-4, -0.0010536919479872907, 0.0016449722432184872, 2.6390852368187616E-4, 0.0018752453175189632, 0.0037587743513897063, 0.004038758606102601, 0.0038315423192140682, 0.011217399521109457, -0.002519071922392663, 0.015167195254874886, -0.0017457950161039756, 0.010647032111508192, 0.0024474906640691626, 0.0035717746492754283, 0.002301781418555542, 0.003152131942970848, 0.0030548594802724425, 0.002314362103629768, 0.00337754426016559, 0.0017562818745588188, 0.0026639851665295486, 0.0012880722061638541, 0.0014685133736007778, 1.0538673749346176E-5, 9.960013334756935E-4, 6.630575971166509E-4, -5.562544906992827E-4, 0.0027905541723391284, -0.00364798981659747, 0.004721382123371788, -0.0038279467266505744, 0.003316453957685866, 7.737803088064821E-4, 0.002046226441438902, 4.282481385622305E-4, 0.0017125737293791894, -7.570256627077374E-7, 5.046290451828783E-4, -6.133986519025327E-4, -5.365315304910891E-4, -4.939206265883406E-4, -2.151673124766151E-4, -7.74308156683319E-4, 3.7703765359445394E-4, -8.35164473231072E-4, 2.8272767011735557E-4, -1.5003333977765983E-4, -0.0014450184255695698, 0.002455798396896908, -0.001358345058122983, 0.0015403058483941644, 7.225594850525916E-5, -0.008009706213975764, -0.009536577558902649, -0.006933579158508228, -0.008780157147477766, -0.005180206664689818, -0.005572213859649781, -0.00561775690019414, 0.0022949965272006075, -0.0067610838997529945, 0.006203218672217072, -0.005914971637773997, 0.00584279152601218, -0.002671287937857909, 0.003470053268196517, 1.8567553532656276E-4, -8.525828462215826E-4, 0.006255750562464446, -0.001224515170637114, 0.004912439623476513, 0.0014578342445458867 ], [ -0.001450855757344645, -0.0026881912435333536, -0.001483689838532462, -0.0033864852334895253, -0.001843119611785397, -0.003505424062530684, -0.0018407154645154748, -0.0027877676595747, -0.0017139343478947409, -7.540332825605175E-4, -0.001457996482445985, -7.696725236265929E-4, 0.001352962930112575, -0.001076124957764256, 0.0036128883389351376, -6.49401725730327E-4, 0.004710304346701715, -0.0017457950161039756, 0.004978985415409095, -1.542479783033842E-4, 0.0029661533957865472, 0.0028759112938240546, 0.002878650605529354, 0.002761277493407215, 0.002551683702355123, 0.0027562749758702726, 0.00211611809595736, 0.002514357546417325, 0.0017184636416431292, 0.001959615859935501, 0.0014235072329995095, 7.192624153182059E-4, 0.001493955900386363, -7.855728404827144E-4, 0.0018262641973279688, -0.0010839535402644403, 0.0018237727662227228, -0.001661022860810051, 0.002028921984260182, -5.284026971643545E-4, 0.0014467244562088558, 0.0011774717747443952, 0.00156735159126368, 8.717208183525795E-4, 0.001327087955083668, 2.72844317552093E-4, 8.686527992255577E-4, -2.7306970018478577E-4, 3.533721684325421E-4, -7.46841921505954E-4, 6.573148522149379E-4, -5.373761695707592E-4, 0.0011153674103344601, 7.586550193931744E-5, 4.961331400502064E-4, 5.695749644247076E-4, -1.803830789480913E-4, 2.2503983179536567E-4, -5.919535213939887E-4, -1.236956286655331E-4, -0.007892667323954551, -0.006915038069986779, -0.007793636402162305, -0.006078939264273519, -0.006859488986437049, -0.004577024060450776, -0.005792112266160666, -0.003973118526110967, -0.0022251592715174196, -0.00236861651657869, 5.720006097913127E-4, -8.065707766653707E-4, 0.00235073945397194, 1.8027959106782661E-4, 0.001179640531379932, 7.058577900371586E-4, -1.0346561204078737E-4, 1.5487442796850004E-5, -7.994664908523876E-4, -5.361130481855029E-4 ], [ 3.241363854722259E-4, -0.001695467561258955, 8.034666032861581E-4, -0.0018023959375270777, -2.8868325466927316E-6, -6.618922941785673E-4, 2.8308290991895825E-4, 4.083477962610819E-5, -7.448777557380384E-4, 0.0014864439021355371, 1.78377661656261E-4, 0.0012844313301021498, 0.003904439404134638, 0.002368439803971715, 0.004538185495299801, 0.007669530676440425, -5.2986145999853575E-5, 0.010647032111508192, -1.542479783033842E-4, 0.008136973676663817, 0.001862472118532063, 0.0027753530868196846, 0.0017984708918203345, 0.0024888974003114436, 0.0023367560848234414, 0.0019985572539050573, 0.0025645213513675732, 0.0016681373527427828, 0.002156691369586133, 0.0012387243649098734, 0.0014579398569068288, -5.713458262045641E-5, 0.0012235879366821658, 1.1826144078002504E-5, 2.943750052413946E-4, 0.0017509504235795283, -0.0019682050309232217, 0.0032182980784165533, -0.002321462761295076, 0.0024012157607245215, 6.793638681758243E-4, 0.0015510824110605169, 4.4820464142130117E-4, 0.001241256811143701, 1.4690348331843897E-4, 2.742020214864958E-4, -3.7804778707330633E-4, -5.862892661922357E-4, -3.7134261625620984E-4, -4.561725892414606E-4, -3.320172080425715E-4, 2.36409601975805E-4, -2.12204577357936E-4, 6.650427157778691E-4, 3.010450365886655E-4, -2.5805661194462556E-4, 0.002224378347843334, -2.802318988008231E-4, 0.0014047732261559193, 4.969345446167914E-4, -0.006963519889824616, -0.007832196601055625, -0.006128587960930472, -0.00710237608540526, -0.00482556561280499, -0.004505272410539039, -0.005032534033140473, 0.0013872576786345843, -0.004650782382667725, 0.00492296272675417, -0.0030111593763871877, 0.005310395687487054, -1.7408256570002902E-4, 0.004316278456585972, 0.0017852194478855086, 0.0015860847584601516, 0.005967803144496816, 0.001011755665880628, 0.004266093913108381, 0.0024156362008365337 ], [ -0.002924030250340795, -0.0037764816346576636, -0.0024190197896907686, -0.004226718784329035, -0.0028326813153341382, -0.0036293564625737504, -0.0025699121323332977, -0.002510966788922905, -0.002382540709692473, -0.0010945537831369787, -0.0016342403924614014, -5.2228495613164036E-5, 4.285586557478715E-4, 0.0010907387723985014, 0.0021570102205573745, 0.0029505295294967706, 0.0017387728451958898, 0.0024474906640691626, 0.0029661533957865472, 0.001862472118532063, 0.00429945154523685, 0.004553264666193137, 0.003917408112723397, 0.00418203460818332, 0.0037197910185884885, 0.003513876414264673, 0.0033365772022492207, 0.002718752452669676, 0.002349346402031439, 0.0021410097673606045, 0.001336369322609127, 0.001223280716963543, 9.895217971761508E-4, 2.5251216821472864E-4, 6.840725666106717E-4, 5.906902325310455E-5, -2.72817850116891E-5, -1.793640673011635E-4, 3.7240247532940835E-4, 2.601949845375404E-4, 0.0018605894540980996, 0.0019444858134504014, 0.001896029867982313, 0.001718828280236435, 0.0014783411514160565, 0.0010051547981557059, 8.053539589632512E-4, 2.0141960712092885E-4, 1.4048108676513406E-4, -1.0891045146039069E-4, -1.8276467022313472E-4, -2.6076248273221823E-4, -1.8786407184412713E-5, -8.09311350992681E-4, -6.132541888565448E-4, -0.0017309900105486802, -8.39150037827404E-4, -0.0019320361953644289, -0.001392039368668966, -0.001461894389609585, -0.009409477023999423, -0.008808537385208441, -0.009372929372790337, -0.008190493164806812, -0.007908911015893937, -0.006461697041348068, -0.006658909937901687, -0.004003578177039449, -0.005064903380241348, -0.0015012827356809064, -0.003989108856611029, -4.897458099317461E-4, -0.0022426891527694815, -0.0017652686674300816, -0.00251409528276506, -0.0037186821378108934, -0.0019628042150501195, -0.004339325489498716, -0.0